WARN: Cannot extract OpenMP vendor from executable or commandline, assuming no OpenMP
Successfully initialised 18 MPI ranks.
Opening tea.out as log file.

Timestep 1
Error: 			5.444659e-11

Timestep 2
Error: 			3.489730e-12

Timestep 3
Error: 			2.490742e-13

Timestep 4
Error: 			1.518584e-14

Timestep 5
Error: 			9.886868e-16

Checking results...
Expected 9.200337173020409e+01
Actual   9.200337173013753e+01
This run [32mPASSED[0m (Difference is within 0.00000000%)
Group: 1
+------------------------------------------+---------+----------------+----------------+----------------+----------------+----------------+----------------+----------------+----------------+----------------+----------------+----------------+----------------+----------------+----------------+----------------+----------------+----------------+----------------+
|                   Event                  | Counter |    f0608:0:0   |    f0608:1:1   |    f0608:2:2   |    f0608:3:3   |    f0608:4:4   |    f0608:5:5   |    f0608:6:6   |    f0608:7:7   |    f0608:8:8   |    f0608:9:9   |   f0608:10:10  |   f0608:11:11  |   f0608:12:12  |   f0608:13:13  |   f0608:14:14  |   f0608:15:15  |   f0608:16:16  |   f0608:17:17  |
+------------------------------------------+---------+----------------+----------------+----------------+----------------+----------------+----------------+----------------+----------------+----------------+----------------+----------------+----------------+----------------+----------------+----------------+----------------+----------------+----------------+
|             INSTR_RETIRED_ANY            |  FIXC0  |  2984030776891 |  2999823848663 |  2976477960642 |  2978015184933 |  2987805215693 |  3058404719807 |  3065401922293 |  2989034359781 |  2983420580898 |  3037546658893 |  2982820550993 |  2997771723728 |  3031789422275 |  3050601997604 |  2977704626137 |  2974946879907 |  3039807899863 |  2980067196035 |
|           CPU_CLK_UNHALTED_CORE          |  FIXC1  |  5752173345595 |  5753683958426 |  5755668485683 |  5754219951730 |  5757869166154 |  5754942209651 |  5756466186935 |  5758035603548 |  5756708764618 |  5756866603493 |  5756722967413 |  5755280782138 |  5754173526253 |  5750748094707 |  5752283235586 |  5748912897687 |  5756609831023 |  5756245620322 |
|           CPU_CLK_UNHALTED_REF           |  FIXC2  |  5752175635296 |  5753682930528 |  5755667542368 |  5754220374336 |  5757869963328 |  5754943838880 |  5756468315136 |  5758037760576 |  5756708865696 |  5756866782240 |  5756724927072 |  5755282526592 |  5754176886432 |  5750748146976 |  5752283728416 |  5748914361504 |  5756611727136 |  5756248505760 |
|               TOPDOWN_SLOTS              |  FIXC3  | 28760866727975 | 28768419792130 | 28778342428415 | 28771099758650 | 28789345830770 | 28774711048255 | 28782330934675 | 28790178017740 | 28783543823090 | 28784333017465 | 28783614837065 | 28776403910690 | 28770867631265 | 28753740473535 | 28761416177930 | 28744564488435 | 28783049155115 | 28781228101610 |
|              PWR_PKG_ENERGY              |   PWR0  |    367838.8124 |              0 |              0 |              0 |              0 |              0 |              0 |              0 |              0 |              0 |              0 |              0 |              0 |              0 |              0 |              0 |              0 |              0 |
|              PWR_DRAM_ENERGY             |   PWR3  |     39037.5921 |              0 |              0 |              0 |              0 |              0 |              0 |              0 |              0 |              0 |              0 |              0 |              0 |              0 |              0 |              0 |              0 |              0 |
| FP_ARITH_INST_RETIRED_128B_PACKED_DOUBLE |   PMC0  |              0 |              0 |              0 |              0 |              0 |              0 |              0 |              0 |              0 |              0 |              0 |              0 |              0 |              0 |              0 |              0 |              0 |              0 |
|    FP_ARITH_INST_RETIRED_SCALAR_DOUBLE   |   PMC1  |  1958213225367 |  1958212463730 |  1957495378587 |  1958212408421 |  1958212402467 |  1957495373599 |  1956778855716 |  1956778858724 |  1956062341904 |  1956778853770 |  1956778853584 |  1956062338934 |  1956778848604 |  1956778849598 |  1956062340056 |  1956778843636 |  1956778847186 |  1956062333514 |
| FP_ARITH_INST_RETIRED_256B_PACKED_DOUBLE |   PMC2  |              0 |              0 |              0 |              0 |              0 |              0 |              0 |              0 |              0 |              0 |              0 |              0 |              0 |              0 |              0 |              0 |              0 |              0 |
| FP_ARITH_INST_RETIRED_512B_PACKED_DOUBLE |   PMC3  |    23497833815 |    23497833819 |    23480661142 |    23497833819 |    23497833819 |    23480661142 |    23480644542 |    23480644542 |    23463471869 |    23480644542 |    23480644542 |    23463471869 |    23480644542 |    23480644542 |    23463471869 |    23480644542 |    23480644542 |    23463471869 |
|               CAS_COUNT_RD               | MBOX0C0 |   502118471552 |              0 |              0 |              0 |              0 |              0 |              0 |              0 |              0 |              0 |              0 |              0 |              0 |              0 |              0 |              0 |              0 |              0 |
|               CAS_COUNT_WR               | MBOX0C1 |   211380239337 |              0 |              0 |              0 |              0 |              0 |              0 |              0 |              0 |              0 |              0 |              0 |              0 |              0 |              0 |              0 |              0 |              0 |
|               CAS_COUNT_RD               | MBOX1C0 |   502094670356 |              0 |              0 |              0 |              0 |              0 |              0 |              0 |              0 |              0 |              0 |              0 |              0 |              0 |              0 |              0 |              0 |              0 |
|               CAS_COUNT_WR               | MBOX1C1 |   211339036744 |              0 |              0 |              0 |              0 |              0 |              0 |              0 |              0 |              0 |              0 |              0 |              0 |              0 |              0 |              0 |              0 |              0 |
|               CAS_COUNT_RD               | MBOX2C0 |   502276425488 |              0 |              0 |              0 |              0 |              0 |              0 |              0 |              0 |              0 |              0 |              0 |              0 |              0 |              0 |              0 |              0 |              0 |
|               CAS_COUNT_WR               | MBOX2C1 |   211343010783 |              0 |              0 |              0 |              0 |              0 |              0 |              0 |              0 |              0 |              0 |              0 |              0 |              0 |              0 |              0 |              0 |              0 |
|               CAS_COUNT_RD               | MBOX3C0 |   502224552900 |              0 |              0 |              0 |              0 |              0 |              0 |              0 |              0 |              0 |              0 |              0 |              0 |              0 |              0 |              0 |              0 |              0 |
|               CAS_COUNT_WR               | MBOX3C1 |   211376821727 |              0 |              0 |              0 |              0 |              0 |              0 |              0 |              0 |              0 |              0 |              0 |              0 |              0 |              0 |              0 |              0 |              0 |
|               CAS_COUNT_RD               | MBOX4C0 |       10350549 |              0 |              0 |              0 |              0 |              0 |              0 |              0 |              0 |              0 |              0 |              0 |              0 |              0 |              0 |              0 |              0 |              0 |
|               CAS_COUNT_WR               | MBOX4C1 |       11237303 |              0 |              0 |              0 |              0 |              0 |              0 |              0 |              0 |              0 |              0 |              0 |              0 |              0 |              0 |              0 |              0 |              0 |
|               CAS_COUNT_RD               | MBOX5C0 |       10340658 |              0 |              0 |              0 |              0 |              0 |              0 |              0 |              0 |              0 |              0 |              0 |              0 |              0 |              0 |              0 |              0 |              0 |
|               CAS_COUNT_WR               | MBOX5C1 |       11262715 |              0 |              0 |              0 |              0 |              0 |              0 |              0 |              0 |              0 |              0 |              0 |              0 |              0 |              0 |              0 |              0 |              0 |
|               CAS_COUNT_RD               | MBOX6C0 |       10574126 |              0 |              0 |              0 |              0 |              0 |              0 |              0 |              0 |              0 |              0 |              0 |              0 |              0 |              0 |              0 |              0 |              0 |
|               CAS_COUNT_WR               | MBOX6C1 |       11549082 |              0 |              0 |              0 |              0 |              0 |              0 |              0 |              0 |              0 |              0 |              0 |              0 |              0 |              0 |              0 |              0 |              0 |
|               CAS_COUNT_RD               | MBOX7C0 |       10357100 |              0 |              0 |              0 |              0 |              0 |              0 |              0 |              0 |              0 |              0 |              0 |              0 |              0 |              0 |              0 |              0 |              0 |
|               CAS_COUNT_WR               | MBOX7C1 |       11340248 |              0 |              0 |              0 |              0 |              0 |              0 |              0 |              0 |              0 |              0 |              0 |              0 |              0 |              0 |              0 |              0 |              0 |
+------------------------------------------+---------+----------------+----------------+----------------+----------------+----------------+----------------+----------------+----------------+----------------+----------------+----------------+----------------+----------------+----------------+----------------+----------------+----------------+----------------+

+-----------------------------------------------+---------+-----------------+----------------+----------------+----------------+
|                     Event                     | Counter |       Sum       |       Min      |       Max      |       Avg      |
+-----------------------------------------------+---------+-----------------+----------------+----------------+----------------+
|             INSTR_RETIRED_ANY STAT            |  FIXC0  |  54095471525036 |  2974946879907 |  3065401922293 |   3.005304e+12 |
|           CPU_CLK_UNHALTED_CORE STAT          |  FIXC1  | 103587611230962 |  5748912897687 |  5758035603548 |  5754867290609 |
|           CPU_CLK_UNHALTED_REF STAT           |  FIXC2  | 103587632818272 |  5748914361504 |  5758037760576 |  5754868489904 |
|               TOPDOWN_SLOTS STAT              |  FIXC3  | 517938056154810 | 28744564488435 | 28790178017740 | 28774336453045 |
|              PWR_PKG_ENERGY STAT              |   PWR0  |     367838.8124 |              0 |    367838.8124 |     20435.4896 |
|              PWR_DRAM_ENERGY STAT             |   PWR3  |      39037.5921 |              0 |     39037.5921 |      2168.7551 |
| FP_ARITH_INST_RETIRED_128B_PACKED_DOUBLE STAT |   PMC0  |               0 |              0 |              0 |              0 |
|    FP_ARITH_INST_RETIRED_SCALAR_DOUBLE STAT   |   PMC1  |  35226321417397 |  1956062333514 |  1958213225367 |   1.957018e+12 |
| FP_ARITH_INST_RETIRED_256B_PACKED_DOUBLE STAT |   PMC2  |               0 |              0 |              0 |              0 |
| FP_ARITH_INST_RETIRED_512B_PACKED_DOUBLE STAT |   PMC3  |    422651701368 |    23463471869 |    23497833819 |    23480650076 |
|               CAS_COUNT_RD STAT               | MBOX0C0 |    502118471552 |              0 |   502118471552 |   2.789547e+10 |
|               CAS_COUNT_WR STAT               | MBOX0C1 |    211380239337 |              0 |   211380239337 |   1.174335e+10 |
|               CAS_COUNT_RD STAT               | MBOX1C0 |    502094670356 |              0 |   502094670356 |   2.789415e+10 |
|               CAS_COUNT_WR STAT               | MBOX1C1 |    211339036744 |              0 |   211339036744 |   1.174106e+10 |
|               CAS_COUNT_RD STAT               | MBOX2C0 |    502276425488 |              0 |   502276425488 |   2.790425e+10 |
|               CAS_COUNT_WR STAT               | MBOX2C1 |    211343010783 |              0 |   211343010783 |   1.174128e+10 |
|               CAS_COUNT_RD STAT               | MBOX3C0 |    502224552900 |              0 |   502224552900 |    27901364050 |
|               CAS_COUNT_WR STAT               | MBOX3C1 |    211376821727 |              0 |   211376821727 |   1.174316e+10 |
|               CAS_COUNT_RD STAT               | MBOX4C0 |        10350549 |              0 |       10350549 |    575030.5000 |
|               CAS_COUNT_WR STAT               | MBOX4C1 |        11237303 |              0 |       11237303 |    624294.6111 |
|               CAS_COUNT_RD STAT               | MBOX5C0 |        10340658 |              0 |       10340658 |         574481 |
|               CAS_COUNT_WR STAT               | MBOX5C1 |        11262715 |              0 |       11262715 |    625706.3889 |
|               CAS_COUNT_RD STAT               | MBOX6C0 |        10574126 |              0 |       10574126 |    587451.4444 |
|               CAS_COUNT_WR STAT               | MBOX6C1 |        11549082 |              0 |       11549082 |    641615.6667 |
|               CAS_COUNT_RD STAT               | MBOX7C0 |        10357100 |              0 |       10357100 |    575394.4444 |
|               CAS_COUNT_WR STAT               | MBOX7C1 |        11340248 |              0 |       11340248 |    630013.7778 |
+-----------------------------------------------+---------+-----------------+----------------+----------------+----------------+

+-----------------------------------+-------------+-----------+-----------+-----------+-----------+-----------+-----------+-----------+-----------+-----------+-------------+-------------+-------------+-------------+-------------+-------------+-------------+-------------+
|               Metric              |  f0608:0:0  | f0608:1:1 | f0608:2:2 | f0608:3:3 | f0608:4:4 | f0608:5:5 | f0608:6:6 | f0608:7:7 | f0608:8:8 | f0608:9:9 | f0608:10:10 | f0608:11:11 | f0608:12:12 | f0608:13:13 | f0608:14:14 | f0608:15:15 | f0608:16:16 | f0608:17:17 |
+-----------------------------------+-------------+-----------+-----------+-----------+-----------+-----------+-----------+-----------+-----------+-----------+-------------+-------------+-------------+-------------+-------------+-------------+-------------+-------------+
|        Runtime (RDTSC) [s]        |   2415.5520 | 2415.5690 | 2415.8570 | 2415.5930 | 2415.7210 | 2415.5910 | 2415.5500 | 2415.9550 | 2415.6200 | 2415.6060 |   2415.8740 |   2415.5740 |   2415.6340 |   2417.9740 |   2415.5300 |   2415.5640 |   2415.6170 |   2415.5630 |
|        Runtime unhalted [s]       |   2402.4764 | 2403.1050 | 2404.2110 | 2403.3335 | 2405.0120 | 2403.5914 | 2404.2233 | 2405.2463 | 2404.3405 | 2404.4682 |   2404.6434 |   2403.7311 |   2403.2809 |   2404.2673 |   2402.4762 |   2401.1119 |   2404.3706 |   2404.1732 |
|            Clock [MHz]            |   2394.2674 | 2394.2711 | 2393.9951 | 2394.2660 | 2394.1121 | 2394.3090 | 2394.3134 | 2393.9476 | 2394.2984 | 2394.2369 |   2394.0020 |   2394.3106 |   2394.2978 |   2391.8921 |   2394.3141 |   2394.2705 |   2394.2265 |   2394.2712 |
|                CPI                |      1.9277 |    1.9180 |    1.9337 |    1.9322 |    1.9271 |    1.8817 |    1.8779 |    1.9264 |    1.9296 |    1.8952 |      1.9300 |      1.9199 |      1.8979 |      1.8851 |      1.9318 |      1.9324 |      1.8937 |      1.9316 |
|             Energy [J]            | 367838.8124 |         0 |         0 |         0 |         0 |         0 |         0 |         0 |         0 |         0 |           0 |           0 |           0 |           0 |           0 |           0 |           0 |           0 |
|             Power [W]             |    152.2794 |         0 |         0 |         0 |         0 |         0 |         0 |         0 |         0 |         0 |           0 |           0 |           0 |           0 |           0 |           0 |           0 |           0 |
|          Energy DRAM [J]          |  39037.5921 |         0 |         0 |         0 |         0 |         0 |         0 |         0 |         0 |         0 |           0 |           0 |           0 |           0 |           0 |           0 |           0 |           0 |
|           Power DRAM [W]          |     16.1609 |         0 |         0 |         0 |         0 |         0 |         0 |         0 |         0 |         0 |           0 |           0 |           0 |           0 |           0 |           0 |           0 |           0 |
|            DP [MFLOP/s]           |    888.4909 |  888.4843 |  888.0247 |  888.4755 |  888.4284 |  888.1225 |  887.8409 |  887.6920 |  887.4617 |  887.8203 |    887.7218 |    887.4786 |    887.8100 |    886.9508 |    887.4947 |    887.8357 |    887.8162 |    887.4826 |
|          AVX DP [MFLOP/s]         |     77.8218 |   77.8213 |   77.7551 |   77.8205 |   77.8164 |   77.7637 |   77.7650 |   77.7519 |   77.7058 |   77.7632 |     77.7545 |     77.7073 |     77.7623 |     77.6870 |     77.7087 |     77.7645 |     77.7628 |     77.7077 |
|          Packed [MUOPS/s]         |      9.7277 |    9.7277 |    9.7194 |    9.7276 |    9.7270 |    9.7205 |    9.7206 |    9.7190 |    9.7132 |    9.7204 |      9.7193 |      9.7134 |      9.7203 |      9.7109 |      9.7136 |      9.7206 |      9.7204 |      9.7135 |
|          Scalar [MUOPS/s]         |    810.6690 |  810.6630 |  810.2696 |  810.6549 |  810.6120 |  810.3588 |  810.0759 |  809.9401 |  809.7558 |  810.0571 |    809.9673 |    809.7712 |    810.0477 |    809.2638 |    809.7860 |    810.0712 |    810.0534 |    809.7749 |
|  Memory read bandwidth [MBytes/s] |  53221.9416 |         0 |         0 |         0 |         0 |         0 |         0 |         0 |         0 |         0 |           0 |           0 |           0 |           0 |           0 |           0 |           0 |           0 |
|  Memory read data volume [GBytes] | 128560.3675 |         0 |         0 |         0 |         0 |         0 |         0 |         0 |         0 |         0 |           0 |           0 |           0 |           0 |           0 |           0 |           0 |           0 |
| Memory write bandwidth [MBytes/s] |  22401.0942 |         0 |         0 |         0 |         0 |         0 |         0 |         0 |         0 |         0 |           0 |           0 |           0 |           0 |           0 |           0 |           0 |           0 |
| Memory write data volume [GBytes] |  54111.0079 |         0 |         0 |         0 |         0 |         0 |         0 |         0 |         0 |         0 |           0 |           0 |           0 |           0 |           0 |           0 |           0 |           0 |
|    Memory bandwidth [MBytes/s]    |  75623.0358 |         0 |         0 |         0 |         0 |         0 |         0 |         0 |         0 |         0 |           0 |           0 |           0 |           0 |           0 |           0 |           0 |           0 |
|    Memory data volume [GBytes]    | 182671.3754 |         0 |         0 |         0 |         0 |         0 |         0 |         0 |         0 |         0 |           0 |           0 |           0 |           0 |           0 |           0 |           0 |           0 |
|       Operational intensity       |      0.0117 |         0 |         0 |         0 |         0 |         0 |         0 |         0 |         0 |         0 |           0 |           0 |           0 |           0 |           0 |           0 |           0 |           0 |
+-----------------------------------+-------------+-----------+-----------+-----------+-----------+-----------+-----------+-----------+-----------+-----------+-------------+-------------+-------------+-------------+-------------+-------------+-------------+-------------+

+----------------------------------------+-------------+-----------+-------------+------------+-----------+-----------+-----------+
|                 Metric                 |     Sum     |    Min    |     Max     |     Avg    |  %ile 25  |  %ile 50  |  %ile 75  |
+----------------------------------------+-------------+-----------+-------------+------------+-----------+-----------+-----------+
|        Runtime (RDTSC) [s] STAT        |  43483.9440 | 2415.5300 |   2417.9740 |  2415.7747 | 2415.5640 | 2415.5930 | 2415.7210 |
|        Runtime unhalted [s] STAT       |  43268.0622 | 2401.1119 |   2405.2463 |  2403.7812 | 2403.2809 | 2404.1732 | 2404.3706 |
|            Clock [MHz] STAT            |  43093.6018 | 2391.8921 |   2394.3141 |  2394.0890 | 2394.1121 | 2394.2674 | 2394.2984 |
|                CPI STAT                |     34.4719 |    1.8779 |      1.9337 |     1.9151 |    1.8952 |    1.9264 |    1.9316 |
|             Energy [J] STAT            | 367838.8124 |         0 | 367838.8124 | 20435.4896 |         0 |         0 |         0 |
|             Power [W] STAT             |    152.2794 |         0 |    152.2794 |     8.4600 |         0 |         0 |         0 |
|          Energy DRAM [J] STAT          |  39037.5921 |         0 |  39037.5921 |  2168.7551 |         0 |         0 |         0 |
|           Power DRAM [W] STAT          |     16.1609 |         0 |     16.1609 |     0.8978 |         0 |         0 |         0 |
|            DP [MFLOP/s] STAT           |  15981.4316 |  886.9508 |    888.4909 |   887.8573 |  887.4947 |  887.8162 |  888.1225 |
|          AVX DP [MFLOP/s] STAT         |   1399.6395 |   77.6870 |     77.8218 |    77.7577 |   77.7087 |   77.7623 |   77.7650 |
|          Packed [MUOPS/s] STAT         |    174.9551 |    9.7109 |      9.7277 |     9.7197 |    9.7136 |    9.7203 |    9.7206 |
|          Scalar [MUOPS/s] STAT         |  14581.7917 |  809.2638 |    810.6690 |   810.0995 |  809.7860 |  810.0534 |  810.3588 |
|  Memory read bandwidth [MBytes/s] STAT |  53221.9416 |         0 |  53221.9416 |  2956.7745 |         0 |         0 |         0 |
|  Memory read data volume [GBytes] STAT | 128560.3675 |         0 | 128560.3675 |  7142.2426 |         0 |         0 |         0 |
| Memory write bandwidth [MBytes/s] STAT |  22401.0942 |         0 |  22401.0942 |  1244.5052 |         0 |         0 |         0 |
| Memory write data volume [GBytes] STAT |  54111.0079 |         0 |  54111.0079 |  3006.1671 |         0 |         0 |         0 |
|    Memory bandwidth [MBytes/s] STAT    |  75623.0358 |         0 |  75623.0358 |  4201.2798 |         0 |         0 |         0 |
|    Memory data volume [GBytes] STAT    | 182671.3754 |         0 | 182671.3754 | 10148.4097 |         0 |         0 |         0 |
|       Operational intensity STAT       |      0.0117 |         0 |      0.0117 |     0.0006 |         0 |         0 |         0 |
+----------------------------------------+-------------+-----------+-------------+------------+-----------+-----------+-----------+

