WARN: Cannot extract OpenMP vendor from executable or commandline, assuming no OpenMP
Successfully initialised 15 MPI ranks.
Opening tea.out as log file.

Timestep 1
Error: 			5.444659e-11

Timestep 2
Error: 			3.489730e-12

Timestep 3
Error: 			2.491118e-13

Timestep 4
Error: 			1.518178e-14

Timestep 5
Error: 			9.881067e-16

Checking results...
Expected 9.200337173020409e+01
Actual   9.200337173021775e+01
This run [32mPASSED[0m (Difference is within 0.00000000%)
Group: 1
+------------------------------------------+---------+----------------+----------------+----------------+----------------+----------------+----------------+----------------+----------------+----------------+----------------+----------------+----------------+----------------+----------------+----------------+
|                   Event                  | Counter |    f0608:0:0   |    f0608:1:1   |    f0608:2:2   |    f0608:3:3   |    f0608:4:4   |    f0608:5:5   |    f0608:6:6   |    f0608:7:7   |    f0608:8:8   |    f0608:9:9   |   f0608:10:10  |   f0608:11:11  |   f0608:12:12  |   f0608:13:13  |   f0608:14:14  |
+------------------------------------------+---------+----------------+----------------+----------------+----------------+----------------+----------------+----------------+----------------+----------------+----------------+----------------+----------------+----------------+----------------+----------------+
|             INSTR_RETIRED_ANY            |  FIXC0  |  3574509658058 |  3601255648329 |  3634252382565 |  3591688540057 |  3584525235336 |  3568798797939 |  3780163384874 |  3649147630932 |  3656703808295 |  3628071760310 |  3569163680846 |  3631525231541 |  3647030276807 |  3688451740209 |  3690605332420 |
|           CPU_CLK_UNHALTED_CORE          |  FIXC1  |  5801606852555 |  5802017466060 |  5802652234076 |  5801973691357 |  5800064751440 |  5801255052995 |  5801977044207 |  5802797790071 |  5802305263860 |  5802098364387 |  5801416606252 |  5801843819339 |  5802027517138 |  5802695244867 |  5802855955373 |
|           CPU_CLK_UNHALTED_REF           |  FIXC2  |  5801607054720 |  5802017111616 |  5802649464672 |  5801972857152 |  5800065950688 |  5801257073760 |  5801977348992 |  5802800457408 |  5802304454784 |  5802098470848 |  5801418297504 |  5801845294752 |  5802029670720 |  5802695339424 |  5802854022528 |
|               TOPDOWN_SLOTS              |  FIXC3  | 29008034262775 | 29010087330300 | 29013261170380 | 29009868456785 | 29000323757200 | 29006275264975 | 29009885221035 | 29013988950355 | 29011526319300 | 29010491821935 | 29007083031260 | 29009219096695 | 29010137585690 | 29013476224335 | 29014279776865 |
|              PWR_PKG_ENERGY              |   PWR0  |    360484.4223 |              0 |              0 |              0 |              0 |              0 |              0 |              0 |              0 |              0 |              0 |              0 |              0 |              0 |              0 |
|              PWR_DRAM_ENERGY             |   PWR3  |     39084.2061 |              0 |              0 |              0 |              0 |              0 |              0 |              0 |              0 |              0 |              0 |              0 |              0 |              0 |              0 |
| FP_ARITH_INST_RETIRED_128B_PACKED_DOUBLE |   PMC0  |              0 |              0 |              0 |              0 |              0 |              0 |              0 |              0 |              0 |              0 |              0 |              0 |              0 |              0 |              0 |
|    FP_ARITH_INST_RETIRED_SCALAR_DOUBLE   |   PMC1  |  2349568646896 |  2349568337617 |  2348707782285 |  2349568121658 |  2349568121272 |  2348707779477 |  2348134578164 |  2348134579308 |  2347274759926 |  2348134570556 |  2348134573138 |  2347274759012 |  2348134567960 |  2348134569472 |  2347274755159 |
| FP_ARITH_INST_RETIRED_256B_PACKED_DOUBLE |   PMC2  |              0 |              0 |              0 |              0 |              0 |              0 |              0 |              0 |              0 |              0 |              0 |              0 |              0 |              0 |              0 |
| FP_ARITH_INST_RETIRED_512B_PACKED_DOUBLE |   PMC3  |    28193931922 |    28193931924 |    28173344799 |    28193931924 |    28193931924 |    28173344799 |    28176742629 |    28176742629 |    28156155502 |    28176742629 |    28176742629 |    28156155502 |    28176742629 |    28176742629 |    28156155502 |
|               CAS_COUNT_RD               | MBOX0C0 |   510502109129 |              0 |              0 |              0 |              0 |              0 |              0 |              0 |              0 |              0 |              0 |              0 |              0 |              0 |              0 |
|               CAS_COUNT_WR               | MBOX0C1 |   211043411116 |              0 |              0 |              0 |              0 |              0 |              0 |              0 |              0 |              0 |              0 |              0 |              0 |              0 |              0 |
|               CAS_COUNT_RD               | MBOX1C0 |   510454275976 |              0 |              0 |              0 |              0 |              0 |              0 |              0 |              0 |              0 |              0 |              0 |              0 |              0 |              0 |
|               CAS_COUNT_WR               | MBOX1C1 |   211015995079 |              0 |              0 |              0 |              0 |              0 |              0 |              0 |              0 |              0 |              0 |              0 |              0 |              0 |              0 |
|               CAS_COUNT_RD               | MBOX2C0 |   510630141198 |              0 |              0 |              0 |              0 |              0 |              0 |              0 |              0 |              0 |              0 |              0 |              0 |              0 |              0 |
|               CAS_COUNT_WR               | MBOX2C1 |   211023001659 |              0 |              0 |              0 |              0 |              0 |              0 |              0 |              0 |              0 |              0 |              0 |              0 |              0 |              0 |
|               CAS_COUNT_RD               | MBOX3C0 |   510517910401 |              0 |              0 |              0 |              0 |              0 |              0 |              0 |              0 |              0 |              0 |              0 |              0 |              0 |              0 |
|               CAS_COUNT_WR               | MBOX3C1 |   211018747463 |              0 |              0 |              0 |              0 |              0 |              0 |              0 |              0 |              0 |              0 |              0 |              0 |              0 |              0 |
|               CAS_COUNT_RD               | MBOX4C0 |       10599818 |              0 |              0 |              0 |              0 |              0 |              0 |              0 |              0 |              0 |              0 |              0 |              0 |              0 |              0 |
|               CAS_COUNT_WR               | MBOX4C1 |       11461986 |              0 |              0 |              0 |              0 |              0 |              0 |              0 |              0 |              0 |              0 |              0 |              0 |              0 |              0 |
|               CAS_COUNT_RD               | MBOX5C0 |       10513143 |              0 |              0 |              0 |              0 |              0 |              0 |              0 |              0 |              0 |              0 |              0 |              0 |              0 |              0 |
|               CAS_COUNT_WR               | MBOX5C1 |       11481367 |              0 |              0 |              0 |              0 |              0 |              0 |              0 |              0 |              0 |              0 |              0 |              0 |              0 |              0 |
|               CAS_COUNT_RD               | MBOX6C0 |       10782166 |              0 |              0 |              0 |              0 |              0 |              0 |              0 |              0 |              0 |              0 |              0 |              0 |              0 |              0 |
|               CAS_COUNT_WR               | MBOX6C1 |       11775321 |              0 |              0 |              0 |              0 |              0 |              0 |              0 |              0 |              0 |              0 |              0 |              0 |              0 |              0 |
|               CAS_COUNT_RD               | MBOX7C0 |       10439038 |              0 |              0 |              0 |              0 |              0 |              0 |              0 |              0 |              0 |              0 |              0 |              0 |              0 |              0 |
|               CAS_COUNT_WR               | MBOX7C1 |       11461385 |              0 |              0 |              0 |              0 |              0 |              0 |              0 |              0 |              0 |              0 |              0 |              0 |              0 |              0 |
+------------------------------------------+---------+----------------+----------------+----------------+----------------+----------------+----------------+----------------+----------------+----------------+----------------+----------------+----------------+----------------+----------------+----------------+

+-----------------------------------------------+---------+-----------------+----------------+----------------+--------------+
|                     Event                     | Counter |       Sum       |       Min      |       Max      |      Avg     |
+-----------------------------------------------+---------+-----------------+----------------+----------------+--------------+
|             INSTR_RETIRED_ANY STAT            |  FIXC0  |  54495893108518 |  3568798797939 |  3780163384874 | 3.633060e+12 |
|           CPU_CLK_UNHALTED_CORE STAT          |  FIXC1  |  87029587653977 |  5800064751440 |  5802855955373 | 5.801973e+12 |
|           CPU_CLK_UNHALTED_REF STAT           |  FIXC2  |  87029592869568 |  5800065950688 |  5802854022528 | 5.801973e+12 |
|               TOPDOWN_SLOTS STAT              |  FIXC3  | 435147938269885 | 29000323757200 | 29014279776865 |      nil     |
|              PWR_PKG_ENERGY STAT              |   PWR0  |     360484.4223 |              0 |    360484.4223 |   24032.2948 |
|              PWR_DRAM_ENERGY STAT             |   PWR3  |      39084.2061 |              0 |     39084.2061 |    2605.6137 |
| FP_ARITH_INST_RETIRED_128B_PACKED_DOUBLE STAT |   PMC0  |               0 |              0 |              0 |            0 |
|    FP_ARITH_INST_RETIRED_SCALAR_DOUBLE STAT   |   PMC1  |  35226320501900 |  2347274755159 |  2349568646896 | 2.348421e+12 |
| FP_ARITH_INST_RETIRED_256B_PACKED_DOUBLE STAT |   PMC2  |               0 |              0 |              0 |            0 |
| FP_ARITH_INST_RETIRED_512B_PACKED_DOUBLE STAT |   PMC3  |    422651339572 |    28156155502 |    28193931924 | 2.817676e+10 |
|               CAS_COUNT_RD STAT               | MBOX0C0 |    510502109129 |              0 |   510502109129 | 3.403347e+10 |
|               CAS_COUNT_WR STAT               | MBOX0C1 |    211043411116 |              0 |   211043411116 | 1.406956e+10 |
|               CAS_COUNT_RD STAT               | MBOX1C0 |    510454275976 |              0 |   510454275976 | 3.403029e+10 |
|               CAS_COUNT_WR STAT               | MBOX1C1 |    211015995079 |              0 |   211015995079 | 1.406773e+10 |
|               CAS_COUNT_RD STAT               | MBOX2C0 |    510630141198 |              0 |   510630141198 | 3.404201e+10 |
|               CAS_COUNT_WR STAT               | MBOX2C1 |    211023001659 |              0 |   211023001659 | 1.406820e+10 |
|               CAS_COUNT_RD STAT               | MBOX3C0 |    510517910401 |              0 |   510517910401 | 3.403453e+10 |
|               CAS_COUNT_WR STAT               | MBOX3C1 |    211018747463 |              0 |   211018747463 | 1.406792e+10 |
|               CAS_COUNT_RD STAT               | MBOX4C0 |        10599818 |              0 |       10599818 |  706654.5333 |
|               CAS_COUNT_WR STAT               | MBOX4C1 |        11461986 |              0 |       11461986 |  764132.4000 |
|               CAS_COUNT_RD STAT               | MBOX5C0 |        10513143 |              0 |       10513143 |  700876.2000 |
|               CAS_COUNT_WR STAT               | MBOX5C1 |        11481367 |              0 |       11481367 |  765424.4667 |
|               CAS_COUNT_RD STAT               | MBOX6C0 |        10782166 |              0 |       10782166 |  718811.0667 |
|               CAS_COUNT_WR STAT               | MBOX6C1 |        11775321 |              0 |       11775321 |  785021.4000 |
|               CAS_COUNT_RD STAT               | MBOX7C0 |        10439038 |              0 |       10439038 |  695935.8667 |
|               CAS_COUNT_WR STAT               | MBOX7C1 |        11461385 |              0 |       11461385 |  764092.3333 |
+-----------------------------------------------+---------+-----------------+----------------+----------------+--------------+

+-----------------------------------+-------------+-----------+-----------+-----------+-----------+-----------+-----------+-----------+-----------+-----------+-------------+-------------+-------------+-------------+-------------+
|               Metric              |  f0608:0:0  | f0608:1:1 | f0608:2:2 | f0608:3:3 | f0608:4:4 | f0608:5:5 | f0608:6:6 | f0608:7:7 | f0608:8:8 | f0608:9:9 | f0608:10:10 | f0608:11:11 | f0608:12:12 | f0608:13:13 | f0608:14:14 |
+-----------------------------------+-------------+-----------+-----------+-----------+-----------+-----------+-----------+-----------+-----------+-----------+-------------+-------------+-------------+-------------+-------------+
|        Runtime (RDTSC) [s]        |   2431.5700 | 2431.5730 | 2431.5920 | 2431.5930 | 2431.8500 | 2431.6080 | 2431.6940 | 2431.6230 | 2431.6040 | 2431.5860 |   2431.5710 |   2431.6900 |   2431.6880 |   2431.6150 |   2431.9180 |
|        Runtime unhalted [s]       |   2423.0994 | 2423.2484 | 2423.5137 | 2423.2330 | 2422.7131 | 2422.9399 | 2423.3532 | 2423.5850 | 2423.3677 | 2423.2813 |   2422.9961 |   2423.2546 |   2423.3605 |   2423.5574 |   2423.9277 |
|            Clock [MHz]            |   2394.2917 | 2394.3141 | 2394.3149 | 2394.3115 | 2394.0365 | 2394.3033 | 2394.1936 | 2394.3023 | 2394.3152 | 2394.3148 |   2394.3146 |   2394.2356 |   2394.2065 |   2394.2883 |   2393.9897 |
|                CPI                |      1.6230 |    1.6111 |    1.5967 |    1.6154 |    1.6181 |    1.6255 |    1.5348 |    1.5902 |    1.5868 |    1.5992 |      1.6254 |      1.5976 |      1.5909 |      1.5732 |      1.5723 |
|             Energy [J]            | 360484.4223 |         0 |         0 |         0 |         0 |         0 |         0 |         0 |         0 |         0 |           0 |           0 |           0 |           0 |           0 |
|             Power [W]             |    148.2517 |         0 |         0 |         0 |         0 |         0 |         0 |         0 |         0 |         0 |           0 |           0 |           0 |           0 |           0 |
|          Energy DRAM [J]          |  39084.2061 |         0 |         0 |         0 |         0 |         0 |         0 |         0 |         0 |         0 |           0 |           0 |           0 |           0 |           0 |
|           Power DRAM [W]          |     16.0737 |         0 |         0 |         0 |         0 |         0 |         0 |         0 |         0 |         0 |           0 |           0 |           0 |           0 |           0 |
|            DP [MFLOP/s]           |   1059.0360 | 1059.0345 | 1058.6046 | 1059.0257 | 1058.9138 | 1058.5977 | 1058.3357 | 1058.3666 | 1057.9535 | 1058.3827 |   1058.3892 |   1057.9161 |   1058.3383 |   1058.3701 |   1057.8169 |
|          AVX DP [MFLOP/s]         |     92.7596 |   92.7595 |   92.6910 |   92.7587 |   92.7489 |   92.6904 |   92.6983 |   92.7010 |   92.6340 |   92.7024 |     92.7030 |     92.6307 |     92.6985 |     92.7013 |     92.6221 |
|          Packed [MUOPS/s]         |     11.5949 |   11.5949 |   11.5864 |   11.5948 |   11.5936 |   11.5863 |   11.5873 |   11.5876 |   11.5793 |   11.5878 |     11.5879 |     11.5788 |     11.5873 |     11.5877 |     11.5778 |
|          Scalar [MUOPS/s]         |    966.2764 |  966.2751 |  965.9136 |  966.2670 |  966.1649 |  965.9072 |  965.6374 |  965.6656 |  965.3195 |  965.6802 |    965.6862 |    965.2854 |    965.6397 |    965.6687 |    965.1949 |
|  Memory read bandwidth [MBytes/s] |  53750.2080 |         0 |         0 |         0 |         0 |         0 |         0 |         0 |         0 |         0 |           0 |           0 |           0 |           0 |           0 |
|  Memory read data volume [GBytes] | 130697.3933 |         0 |         0 |         0 |         0 |         0 |         0 |         0 |         0 |         0 |           0 |           0 |           0 |           0 |           0 |
| Memory write bandwidth [MBytes/s] |  22218.3320 |         0 |         0 |         0 |         0 |         0 |         0 |         0 |         0 |         0 |           0 |           0 |           0 |           0 |           0 |
| Memory write data volume [GBytes] |  54025.4295 |         0 |         0 |         0 |         0 |         0 |         0 |         0 |         0 |         0 |           0 |           0 |           0 |           0 |           0 |
|    Memory bandwidth [MBytes/s]    |  75968.5400 |         0 |         0 |         0 |         0 |         0 |         0 |         0 |         0 |         0 |           0 |           0 |           0 |           0 |           0 |
|    Memory data volume [GBytes]    | 184722.8228 |         0 |         0 |         0 |         0 |         0 |         0 |         0 |         0 |         0 |           0 |           0 |           0 |           0 |           0 |
|       Operational intensity       |      0.0139 |         0 |         0 |         0 |         0 |         0 |         0 |         0 |         0 |         0 |           0 |           0 |           0 |           0 |           0 |
+-----------------------------------+-------------+-----------+-----------+-----------+-----------+-----------+-----------+-----------+-----------+-----------+-------------+-------------+-------------+-------------+-------------+

+----------------------------------------+-------------+-----------+-------------+------------+-----------+-----------+-----------+
|                 Metric                 |     Sum     |    Min    |     Max     |     Avg    |  %ile 25  |  %ile 50  |  %ile 75  |
+----------------------------------------+-------------+-----------+-------------+------------+-----------+-----------+-----------+
|        Runtime (RDTSC) [s] STAT        |  36474.7750 | 2431.5700 |   2431.9180 |  2431.6517 | 2431.5860 | 2431.6080 | 2431.6880 |
|        Runtime unhalted [s] STAT       |  36349.4310 | 2422.7131 |   2423.9277 |  2423.2954 | 2423.0994 | 2423.2813 | 2423.3677 |
|            Clock [MHz] STAT            |  35913.7326 | 2393.9897 |   2394.3152 |  2394.2488 | 2394.2065 | 2394.3023 | 2394.3141 |
|                CPI STAT                |     23.9602 |    1.5348 |      1.6255 |     1.5973 |    1.5868 |    1.5976 |    1.6154 |
|             Energy [J] STAT            | 360484.4223 |         0 | 360484.4223 | 24032.2948 |         0 |         0 |         0 |
|             Power [W] STAT             |    148.2517 |         0 |    148.2517 |     9.8834 |         0 |         0 |         0 |
|          Energy DRAM [J] STAT          |  39084.2061 |         0 |  39084.2061 |  2605.6137 |         0 |         0 |         0 |
|           Power DRAM [W] STAT          |     16.0737 |         0 |     16.0737 |     1.0716 |         0 |         0 |         0 |
|            DP [MFLOP/s] STAT           |  15877.0814 | 1057.8169 |   1059.0360 |  1058.4721 | 1058.3357 | 1058.3827 | 1058.6046 |
|          AVX DP [MFLOP/s] STAT         |   1390.4994 |   92.6221 |     92.7596 |    92.7000 |   92.6904 |   92.7010 |   92.7030 |
|          Packed [MUOPS/s] STAT         |    173.8124 |   11.5778 |     11.5949 |    11.5875 |   11.5863 |   11.5876 |   11.5879 |
|          Scalar [MUOPS/s] STAT         |  14486.5818 |  965.1949 |    966.2764 |   965.7721 |  965.6374 |  965.6802 |  965.9136 |
|  Memory read bandwidth [MBytes/s] STAT |  53750.2080 |         0 |  53750.2080 |  3583.3472 |         0 |         0 |         0 |
|  Memory read data volume [GBytes] STAT | 130697.3933 |         0 | 130697.3933 |  8713.1596 |         0 |         0 |         0 |
| Memory write bandwidth [MBytes/s] STAT |  22218.3320 |         0 |  22218.3320 |  1481.2221 |         0 |         0 |         0 |
| Memory write data volume [GBytes] STAT |  54025.4295 |         0 |  54025.4295 |  3601.6953 |         0 |         0 |         0 |
|    Memory bandwidth [MBytes/s] STAT    |  75968.5400 |         0 |  75968.5400 |  5064.5693 |         0 |         0 |         0 |
|    Memory data volume [GBytes] STAT    | 184722.8228 |         0 | 184722.8228 | 12314.8549 |         0 |         0 |         0 |
|       Operational intensity STAT       |      0.0139 |         0 |      0.0139 |     0.0009 |         0 |         0 |         0 |
+----------------------------------------+-------------+-----------+-------------+------------+-----------+-----------+-----------+

