WARN: Cannot extract OpenMP vendor from executable or commandline, assuming no OpenMP
Successfully initialised 28 MPI ranks.
Opening tea.out as log file.

Timestep 1
Error: 			5.444659e-11

Timestep 2
Error: 			3.489730e-12

Timestep 3
Error: 			2.490686e-13

Timestep 4
Error: 			1.517746e-14

Timestep 5
Error: 			9.884796e-16

Checking results...
Expected 9.200337173020409e+01
Actual   9.200337173012593e+01
This run [32mPASSED[0m (Difference is within 0.00000000%)
Group: 1
+------------------------------------------+---------+----------------+----------------+----------------+----------------+----------------+----------------+----------------+----------------+----------------+----------------+----------------+----------------+----------------+----------------+----------------+----------------+----------------+----------------+----------------+----------------+----------------+----------------+----------------+----------------+----------------+----------------+----------------+----------------+
|                   Event                  | Counter |    f0608:0:0   |    f0608:1:1   |    f0608:2:2   |    f0608:3:3   |    f0608:4:4   |    f0608:5:5   |    f0608:6:6   |    f0608:7:7   |    f0608:8:8   |    f0608:9:9   |   f0608:10:10  |   f0608:11:11  |   f0608:12:12  |   f0608:13:13  |   f0608:14:14  |   f0608:15:15  |   f0608:16:16  |   f0608:17:17  |   f0608:18:18  |   f0608:19:19  |   f0608:20:20  |   f0608:21:21  |   f0608:22:22  |   f0608:23:23  |   f0608:24:24  |   f0608:25:25  |   f0608:26:26  |   f0608:27:27  |
+------------------------------------------+---------+----------------+----------------+----------------+----------------+----------------+----------------+----------------+----------------+----------------+----------------+----------------+----------------+----------------+----------------+----------------+----------------+----------------+----------------+----------------+----------------+----------------+----------------+----------------+----------------+----------------+----------------+----------------+----------------+
|             INSTR_RETIRED_ANY            |  FIXC0  |  1920192589731 |  1942955147745 |  1930164819554 |  1960850180101 |  1925129929852 |  1961463956698 |  1946216176682 |  1947874023876 |  1947579183198 |  1931747009221 |  1925216087732 |  1997658608003 |  1953221167145 |  1925787636408 |  1949688579654 |  1945500727645 |  1950267879527 |  1917930741568 |  3322264442040 |  3270585677140 |  3283456288639 |  3303230806183 |  3247795659023 |  2175962392668 |  2151788926483 |  2197280505657 |  2179468570919 |  2209784990630 |
|           CPU_CLK_UNHALTED_CORE          |  FIXC1  |  3727748280766 |  3727263257457 |  3730661201902 |  3729861117192 |  3728115398492 |  3725600650425 |  3728224896438 |  3728801151015 |  3729980716693 |  3729940363412 |  3728440894726 |  3728422713161 |  3727707668593 |  3728791069496 |  3728396416893 |  3727487242763 |  3732959901819 |  3733932606052 |  3739221884039 |  3738156423091 |  3739337315647 |  3739380281619 |  3739195954071 |  3738989548449 |  3738252544535 |  3739143976760 |  3738955475299 |  3739105779243 |
|           CPU_CLK_UNHALTED_REF           |  FIXC2  |  3727748456160 |  3727262108448 |  3730661064576 |  3729862479264 |  3728115440928 |  3725601503520 |  3728225729568 |  3728801528736 |  3729980647488 |  3729940173120 |  3728441409504 |  3728423280192 |  3727708402368 |  3728790835104 |  3728395319904 |  3727488284064 |  3732961089408 |  3733933763040 |  3739211604192 |  3738149193408 |  3739331227872 |  3739375749024 |  3739190701824 |  3738978934752 |  3738245903328 |  3739138006560 |  3738949448544 |  3739097788992 |
|               TOPDOWN_SLOTS              |  FIXC3  | 18638741403830 | 18636316287285 | 18653306009510 | 18649305585960 | 18640576992460 | 18628003252125 | 18641124482190 | 18644005755075 | 18649903583465 | 18649701817060 | 18642204473630 | 18642113565805 | 18638538342965 | 18643955347480 | 18641982084465 | 18637436213815 | 18664799509095 | 18669663030260 | 18696109420195 | 18690782115455 | 18696686578235 | 18696901408095 | 18695979770355 | 18694947742245 | 18691262722675 | 18695719883800 | 18694777376495 | 18695528896215 |
|              PWR_PKG_ENERGY              |   PWR0  |    289756.7969 |              0 |              0 |              0 |              0 |              0 |              0 |              0 |              0 |              0 |              0 |              0 |              0 |              0 |              0 |              0 |              0 |              0 |              0 |              0 |              0 |              0 |              0 |              0 |              0 |              0 |              0 |              0 |
|              PWR_DRAM_ENERGY             |   PWR3  |     32780.1605 |              0 |              0 |              0 |              0 |              0 |              0 |              0 |              0 |              0 |              0 |              0 |              0 |              0 |              0 |              0 |              0 |              0 |              0 |              0 |              0 |              0 |              0 |              0 |              0 |              0 |              0 |              0 |
| FP_ARITH_INST_RETIRED_128B_PACKED_DOUBLE |   PMC0  |              0 |              0 |              0 |              0 |              0 |              0 |              0 |              0 |              0 |              0 |              0 |              0 |              0 |              0 |              0 |              0 |              0 |              0 |              0 |              0 |              0 |              0 |              0 |              0 |              0 |              0 |              0 |              0 |
|    FP_ARITH_INST_RETIRED_SCALAR_DOUBLE   |   PMC1  |  1258852249372 |  1258850911142 |  1258850894352 |  1258850897804 |  1258850897966 |  1258850897512 |  1258850901178 |  1258850893724 |  1257775855441 |  1257775856927 |  1257775878101 |  1257775872997 |  1257775878973 |  1257775873189 |  1257775881969 |  1257775888617 |  1257775875545 |  1257775871047 |  1257775872993 |  1257775870237 |  1257775866937 |  1257775875785 |  1257775879181 |  1257775878051 |  1257775863415 |  1257775871233 |  1257775877939 |  1257775856791 |
| FP_ARITH_INST_RETIRED_256B_PACKED_DOUBLE |   PMC2  |              0 |              0 |              0 |              0 |              0 |              0 |              0 |              0 |              0 |              0 |              0 |              0 |              0 |              0 |              0 |              0 |              0 |              0 |              0 |              0 |              0 |              0 |              0 |              0 |              0 |              0 |              0 |              0 |
| FP_ARITH_INST_RETIRED_512B_PACKED_DOUBLE |   PMC3  |    15096628245 |    15096628247 |    15096628247 |    15096628247 |    15096628247 |    15096628247 |    15096628247 |    15096628247 |    15083711137 |    15083711137 |    15083711137 |    15083711137 |    15083711137 |    15083711137 |    15083711137 |    15083711137 |    15083711137 |    15083711137 |    15083711137 |    15083711137 |    15083711137 |    15083711137 |    15083711137 |    15083711137 |    15083711137 |    15083711137 |    15083711137 |    15083711137 |
|               CAS_COUNT_RD               | MBOX0C0 |   324079574677 |              0 |              0 |              0 |              0 |              0 |              0 |              0 |              0 |              0 |              0 |              0 |              0 |              0 |              0 |              0 |              0 |              0 |              0 |              0 |              0 |              0 |              0 |              0 |              0 |              0 |              0 |              0 |
|               CAS_COUNT_WR               | MBOX0C1 |   136047542782 |              0 |              0 |              0 |              0 |              0 |              0 |              0 |              0 |              0 |              0 |              0 |              0 |              0 |              0 |              0 |              0 |              0 |              0 |              0 |              0 |              0 |              0 |              0 |              0 |              0 |              0 |              0 |
|               CAS_COUNT_RD               | MBOX1C0 |   324055157021 |              0 |              0 |              0 |              0 |              0 |              0 |              0 |              0 |              0 |              0 |              0 |              0 |              0 |              0 |              0 |              0 |              0 |              0 |              0 |              0 |              0 |              0 |              0 |              0 |              0 |              0 |              0 |
|               CAS_COUNT_WR               | MBOX1C1 |   136020587337 |              0 |              0 |              0 |              0 |              0 |              0 |              0 |              0 |              0 |              0 |              0 |              0 |              0 |              0 |              0 |              0 |              0 |              0 |              0 |              0 |              0 |              0 |              0 |              0 |              0 |              0 |              0 |
|               CAS_COUNT_RD               | MBOX2C0 |   324155785994 |              0 |              0 |              0 |              0 |              0 |              0 |              0 |              0 |              0 |              0 |              0 |              0 |              0 |              0 |              0 |              0 |              0 |              0 |              0 |              0 |              0 |              0 |              0 |              0 |              0 |              0 |              0 |
|               CAS_COUNT_WR               | MBOX2C1 |   136017966586 |              0 |              0 |              0 |              0 |              0 |              0 |              0 |              0 |              0 |              0 |              0 |              0 |              0 |              0 |              0 |              0 |              0 |              0 |              0 |              0 |              0 |              0 |              0 |              0 |              0 |              0 |              0 |
|               CAS_COUNT_RD               | MBOX3C0 |   324138516294 |              0 |              0 |              0 |              0 |              0 |              0 |              0 |              0 |              0 |              0 |              0 |              0 |              0 |              0 |              0 |              0 |              0 |              0 |              0 |              0 |              0 |              0 |              0 |              0 |              0 |              0 |              0 |
|               CAS_COUNT_WR               | MBOX3C1 |   136033081110 |              0 |              0 |              0 |              0 |              0 |              0 |              0 |              0 |              0 |              0 |              0 |              0 |              0 |              0 |              0 |              0 |              0 |              0 |              0 |              0 |              0 |              0 |              0 |              0 |              0 |              0 |              0 |
|               CAS_COUNT_RD               | MBOX4C0 |   176331231004 |              0 |              0 |              0 |              0 |              0 |              0 |              0 |              0 |              0 |              0 |              0 |              0 |              0 |              0 |              0 |              0 |              0 |              0 |              0 |              0 |              0 |              0 |              0 |              0 |              0 |              0 |              0 |
|               CAS_COUNT_WR               | MBOX4C1 |    75026270895 |              0 |              0 |              0 |              0 |              0 |              0 |              0 |              0 |              0 |              0 |              0 |              0 |              0 |              0 |              0 |              0 |              0 |              0 |              0 |              0 |              0 |              0 |              0 |              0 |              0 |              0 |              0 |
|               CAS_COUNT_RD               | MBOX5C0 |   176337508006 |              0 |              0 |              0 |              0 |              0 |              0 |              0 |              0 |              0 |              0 |              0 |              0 |              0 |              0 |              0 |              0 |              0 |              0 |              0 |              0 |              0 |              0 |              0 |              0 |              0 |              0 |              0 |
|               CAS_COUNT_WR               | MBOX5C1 |    75033921593 |              0 |              0 |              0 |              0 |              0 |              0 |              0 |              0 |              0 |              0 |              0 |              0 |              0 |              0 |              0 |              0 |              0 |              0 |              0 |              0 |              0 |              0 |              0 |              0 |              0 |              0 |              0 |
|               CAS_COUNT_RD               | MBOX6C0 |   176375965961 |              0 |              0 |              0 |              0 |              0 |              0 |              0 |              0 |              0 |              0 |              0 |              0 |              0 |              0 |              0 |              0 |              0 |              0 |              0 |              0 |              0 |              0 |              0 |              0 |              0 |              0 |              0 |
|               CAS_COUNT_WR               | MBOX6C1 |    75029528060 |              0 |              0 |              0 |              0 |              0 |              0 |              0 |              0 |              0 |              0 |              0 |              0 |              0 |              0 |              0 |              0 |              0 |              0 |              0 |              0 |              0 |              0 |              0 |              0 |              0 |              0 |              0 |
|               CAS_COUNT_RD               | MBOX7C0 |   176366421862 |              0 |              0 |              0 |              0 |              0 |              0 |              0 |              0 |              0 |              0 |              0 |              0 |              0 |              0 |              0 |              0 |              0 |              0 |              0 |              0 |              0 |              0 |              0 |              0 |              0 |              0 |              0 |
|               CAS_COUNT_WR               | MBOX7C1 |    75030872207 |              0 |              0 |              0 |              0 |              0 |              0 |              0 |              0 |              0 |              0 |              0 |              0 |              0 |              0 |              0 |              0 |              0 |              0 |              0 |              0 |              0 |              0 |              0 |              0 |              0 |              0 |              0 |
+------------------------------------------+---------+----------------+----------------+----------------+----------------+----------------+----------------+----------------+----------------+----------------+----------------+----------------+----------------+----------------+----------------+----------------+----------------+----------------+----------------+----------------+----------------+----------------+----------------+----------------+----------------+----------------+----------------+----------------+----------------+

+-----------------------------------------------+---------+-----------------+----------------+----------------+--------------+
|                     Event                     | Counter |       Sum       |       Min      |       Max      |      Avg     |
+-----------------------------------------------+---------+-----------------+----------------+----------------+--------------+
|             INSTR_RETIRED_ANY STAT            |  FIXC0  |  62321062703722 |  1917930741568 |  3322264442040 | 2.225752e+12 |
|           CPU_CLK_UNHALTED_CORE STAT          |  FIXC1  | 104512074730048 |  3725600650425 |  3739380281619 | 3.732574e+12 |
|           CPU_CLK_UNHALTED_REF STAT           |  FIXC2  | 104512010073888 |  3725601503520 |  3739375749024 | 3.732572e+12 |
|               TOPDOWN_SLOTS STAT              |  FIXC3  | 522560373650240 | 18628003252125 | 18696901408095 |      nil     |
|              PWR_PKG_ENERGY STAT              |   PWR0  |     289756.7969 |              0 |    289756.7969 |   10348.4570 |
|              PWR_DRAM_ENERGY STAT             |   PWR3  |      32780.1605 |              0 |     32780.1605 |    1170.7200 |
| FP_ARITH_INST_RETIRED_128B_PACKED_DOUBLE STAT |   PMC0  |               0 |              0 |              0 |            0 |
|    FP_ARITH_INST_RETIRED_SCALAR_DOUBLE STAT   |   PMC1  |  35226325988418 |  1257775855441 |  1258852249372 | 1.258083e+12 |
| FP_ARITH_INST_RETIRED_256B_PACKED_DOUBLE STAT |   PMC2  |               0 |              0 |              0 |            0 |
| FP_ARITH_INST_RETIRED_512B_PACKED_DOUBLE STAT |   PMC3  |    422447248714 |    15083711137 |    15096628247 | 1.508740e+10 |
|               CAS_COUNT_RD STAT               | MBOX0C0 |    324079574677 |              0 |   324079574677 | 1.157427e+10 |
|               CAS_COUNT_WR STAT               | MBOX0C1 |    136047542782 |              0 |   136047542782 | 4.858841e+09 |
|               CAS_COUNT_RD STAT               | MBOX1C0 |    324055157021 |              0 |   324055157021 | 1.157340e+10 |
|               CAS_COUNT_WR STAT               | MBOX1C1 |    136020587337 |              0 |   136020587337 | 4.857878e+09 |
|               CAS_COUNT_RD STAT               | MBOX2C0 |    324155785994 |              0 |   324155785994 | 1.157699e+10 |
|               CAS_COUNT_WR STAT               | MBOX2C1 |    136017966586 |              0 |   136017966586 | 4.857785e+09 |
|               CAS_COUNT_RD STAT               | MBOX3C0 |    324138516294 |              0 |   324138516294 | 1.157638e+10 |
|               CAS_COUNT_WR STAT               | MBOX3C1 |    136033081110 |              0 |   136033081110 | 4.858324e+09 |
|               CAS_COUNT_RD STAT               | MBOX4C0 |    176331231004 |              0 |   176331231004 | 6.297544e+09 |
|               CAS_COUNT_WR STAT               | MBOX4C1 |     75026270895 |              0 |    75026270895 | 2.679510e+09 |
|               CAS_COUNT_RD STAT               | MBOX5C0 |    176337508006 |              0 |   176337508006 | 6.297768e+09 |
|               CAS_COUNT_WR STAT               | MBOX5C1 |     75033921593 |              0 |    75033921593 | 2.679783e+09 |
|               CAS_COUNT_RD STAT               | MBOX6C0 |    176375965961 |              0 |   176375965961 | 6.299142e+09 |
|               CAS_COUNT_WR STAT               | MBOX6C1 |     75029528060 |              0 |    75029528060 | 2.679626e+09 |
|               CAS_COUNT_RD STAT               | MBOX7C0 |    176366421862 |              0 |   176366421862 | 6.298801e+09 |
|               CAS_COUNT_WR STAT               | MBOX7C1 |     75030872207 |              0 |    75030872207 | 2.679674e+09 |
+-----------------------------------------------+---------+-----------------+----------------+----------------+--------------+

+-----------------------------------+-------------+-----------+-----------+-----------+-----------+-----------+-----------+-----------+-----------+-----------+-------------+-------------+-------------+-------------+-------------+-------------+-------------+-------------+-------------+-------------+-------------+-------------+-------------+-------------+-------------+-------------+-------------+-------------+
|               Metric              |  f0608:0:0  | f0608:1:1 | f0608:2:2 | f0608:3:3 | f0608:4:4 | f0608:5:5 | f0608:6:6 | f0608:7:7 | f0608:8:8 | f0608:9:9 | f0608:10:10 | f0608:11:11 | f0608:12:12 | f0608:13:13 | f0608:14:14 | f0608:15:15 | f0608:16:16 | f0608:17:17 | f0608:18:18 | f0608:19:19 | f0608:20:20 | f0608:21:21 | f0608:22:22 | f0608:23:23 | f0608:24:24 | f0608:25:25 | f0608:26:26 | f0608:27:27 |
+-----------------------------------+-------------+-----------+-----------+-----------+-----------+-----------+-----------+-----------+-----------+-----------+-------------+-------------+-------------+-------------+-------------+-------------+-------------+-------------+-------------+-------------+-------------+-------------+-------------+-------------+-------------+-------------+-------------+-------------+
|        Runtime (RDTSC) [s]        |   1566.1160 | 1566.2280 | 1566.1550 | 1566.0930 | 1566.1860 | 1566.1360 | 1566.1610 | 1566.0870 | 1566.0770 | 1566.0830 |   1566.1190 |   1566.2380 |   1566.1470 |   1566.0880 |   1566.3030 |   1566.2600 |   1566.1430 |   1566.0810 |   1566.1250 |   1566.3210 |   1566.6500 |   1566.2190 |   1566.1600 |   1566.0670 |   1566.0670 |   1566.1450 |   1566.0860 |   1566.0900 |
|        Runtime unhalted [s]       |   1556.9363 | 1556.8274 | 1558.1337 | 1557.7988 | 1557.0688 | 1556.0184 | 1557.1144 | 1557.3547 | 1557.8497 | 1557.8341 |   1557.2053 |   1557.3085 |   1556.9060 |   1557.3525 |   1557.4099 |   1556.9253 |   1559.0931 |   1559.4991 |   1561.7153 |   1561.4342 |   1562.3329 |   1561.8675 |   1561.7036 |   1561.6107 |   1561.3029 |   1561.6757 |   1561.5983 |   1561.6591 |
|            Clock [MHz]            |   2394.2842 | 2394.1411 | 2394.3139 | 2394.3143 | 2394.3164 | 2394.3160 | 2394.3160 | 2394.3170 | 2394.3136 | 2394.3118 |   2394.3153 |   2394.1448 |   2394.3044 |   2394.3142 |   2393.9732 |   2394.1329 |   2394.3142 |   2394.3145 |   2394.3111 |   2394.0577 |   2393.4357 |   2394.1754 |   2394.3091 |   2394.3229 |   2394.3203 |   2394.3191 |   2394.3171 |   2394.3214 |
|                CPI                |      1.9413 |    1.9183 |    1.9328 |    1.9022 |    1.9366 |    1.8994 |    1.9156 |    1.9143 |    1.9152 |    1.9309 |      1.9366 |      1.8664 |      1.9085 |      1.9362 |      1.9123 |      1.9160 |      1.9141 |      1.9469 |      1.1255 |      1.1430 |      1.1388 |      1.1320 |      1.1513 |      1.7183 |      1.7373 |      1.7017 |      1.7155 |      1.6921 |
|             Energy [J]            | 289756.7969 |         0 |         0 |         0 |         0 |         0 |         0 |         0 |         0 |         0 |           0 |           0 |           0 |           0 |           0 |           0 |           0 |           0 |           0 |           0 |           0 |           0 |           0 |           0 |           0 |           0 |           0 |           0 |
|             Power [W]             |    185.0162 |         0 |         0 |         0 |         0 |         0 |         0 |         0 |         0 |         0 |           0 |           0 |           0 |           0 |           0 |           0 |           0 |           0 |           0 |           0 |           0 |           0 |           0 |           0 |           0 |           0 |           0 |           0 |
|          Energy DRAM [J]          |  32780.1605 |         0 |         0 |         0 |         0 |         0 |         0 |         0 |         0 |         0 |           0 |           0 |           0 |           0 |           0 |           0 |           0 |           0 |           0 |           0 |           0 |           0 |           0 |           0 |           0 |           0 |           0 |           0 |
|           Power DRAM [W]          |     20.9309 |         0 |         0 |         0 |         0 |         0 |         0 |         0 |         0 |         0 |           0 |           0 |           0 |           0 |           0 |           0 |           0 |           0 |           0 |           0 |           0 |           0 |           0 |           0 |           0 |           0 |           0 |           0 |
|            DP [MFLOP/s]           |    880.9215 |  880.8577 |  880.8987 |  880.9336 |  880.8813 |  880.9094 |  880.8953 |  880.9370 |  880.1901 |  880.1868 |    880.1666 |    880.0997 |    880.1508 |    880.1840 |    880.0632 |    880.0873 |    880.1531 |    880.1879 |    880.1632 |    880.0530 |    879.8682 |    880.1104 |    880.1435 |    880.1958 |    880.1958 |    880.1519 |    880.1851 |    880.1828 |
|          AVX DP [MFLOP/s]         |     77.1163 |   77.1108 |   77.1144 |   77.1174 |   77.1128 |   77.1153 |   77.1141 |   77.1177 |   77.0522 |   77.0519 |     77.0501 |     77.0443 |     77.0488 |     77.0517 |     77.0411 |     77.0432 |     77.0490 |     77.0520 |     77.0498 |     77.0402 |     77.0240 |     77.0452 |     77.0481 |     77.0527 |     77.0527 |     77.0489 |     77.0518 |     77.0516 |
|          Packed [MUOPS/s]         |      9.6395 |    9.6388 |    9.6393 |    9.6397 |    9.6391 |    9.6394 |    9.6393 |    9.6397 |    9.6315 |    9.6315 |      9.6313 |      9.6305 |      9.6311 |      9.6315 |      9.6301 |      9.6304 |      9.6311 |      9.6315 |      9.6312 |      9.6300 |      9.6280 |      9.6307 |      9.6310 |      9.6316 |      9.6316 |      9.6311 |      9.6315 |      9.6314 |
|          Scalar [MUOPS/s]         |    803.8052 |  803.7469 |  803.7844 |  803.8162 |  803.7685 |  803.7941 |  803.7813 |  803.8193 |  803.1379 |  803.1349 |    803.1164 |    803.0554 |    803.1021 |    803.1323 |    803.0221 |    803.0441 |    803.1041 |    803.1359 |    803.1133 |    803.0128 |    802.8442 |    803.0651 |    803.0954 |    803.1431 |    803.1431 |    803.1031 |    803.1333 |    803.1313 |
|  Memory read bandwidth [MBytes/s] |  81806.0541 |         0 |         0 |         0 |         0 |         0 |         0 |         0 |         0 |         0 |           0 |           0 |           0 |           0 |           0 |           0 |           0 |           0 |           0 |           0 |           0 |           0 |           0 |           0 |           0 |           0 |           0 |           0 |
|  Memory read data volume [GBytes] | 128117.7703 |         0 |         0 |         0 |         0 |         0 |         0 |         0 |         0 |         0 |           0 |           0 |           0 |           0 |           0 |           0 |           0 |           0 |           0 |           0 |           0 |           0 |           0 |           0 |           0 |           0 |           0 |           0 |
| Memory write bandwidth [MBytes/s] |  34500.2192 |         0 |         0 |         0 |         0 |         0 |         0 |         0 |         0 |         0 |           0 |           0 |           0 |           0 |           0 |           0 |           0 |           0 |           0 |           0 |           0 |           0 |           0 |           0 |           0 |           0 |           0 |           0 |
| Memory write data volume [GBytes] |  54031.3453 |         0 |         0 |         0 |         0 |         0 |         0 |         0 |         0 |         0 |           0 |           0 |           0 |           0 |           0 |           0 |           0 |           0 |           0 |           0 |           0 |           0 |           0 |           0 |           0 |           0 |           0 |           0 |
|    Memory bandwidth [MBytes/s]    | 116306.2734 |         0 |         0 |         0 |         0 |         0 |         0 |         0 |         0 |         0 |           0 |           0 |           0 |           0 |           0 |           0 |           0 |           0 |           0 |           0 |           0 |           0 |           0 |           0 |           0 |           0 |           0 |           0 |
|    Memory data volume [GBytes]    | 182149.1156 |         0 |         0 |         0 |         0 |         0 |         0 |         0 |         0 |         0 |           0 |           0 |           0 |           0 |           0 |           0 |           0 |           0 |           0 |           0 |           0 |           0 |           0 |           0 |           0 |           0 |           0 |           0 |
|       Operational intensity       |      0.0076 |         0 |         0 |         0 |         0 |         0 |         0 |         0 |         0 |         0 |           0 |           0 |           0 |           0 |           0 |           0 |           0 |           0 |           0 |           0 |           0 |           0 |           0 |           0 |           0 |           0 |           0 |           0 |
+-----------------------------------+-------------+-----------+-----------+-----------+-----------+-----------+-----------+-----------+-----------+-----------+-------------+-------------+-------------+-------------+-------------+-------------+-------------+-------------+-------------+-------------+-------------+-------------+-------------+-------------+-------------+-------------+-------------+-------------+

+----------------------------------------+-------------+-----------+-------------+------------+-----------+-----------+-----------+
|                 Metric                 |     Sum     |    Min    |     Max     |     Avg    |  %ile 25  |  %ile 50  |  %ile 75  |
+----------------------------------------+-------------+-----------+-------------+------------+-----------+-----------+-----------+
|        Runtime (RDTSC) [s] STAT        |  43852.6310 | 1566.0670 |   1566.6500 |  1566.1654 | 1566.0870 | 1566.1360 | 1566.1860 |
|        Runtime unhalted [s] STAT       |  43651.5362 | 1556.0184 |   1562.3329 |  1558.9834 | 1557.1144 | 1557.8341 | 1561.5983 |
|            Clock [MHz] STAT            |  67038.6476 | 2393.4357 |   2394.3229 |  2394.2374 | 2394.1754 | 2394.3139 | 2394.3160 |
|                CPI STAT                |     48.7991 |    1.1255 |      1.9469 |     1.7428 |    1.7017 |    1.9085 |    1.9183 |
|             Energy [J] STAT            | 289756.7969 |         0 | 289756.7969 | 10348.4570 |         0 |         0 |         0 |
|             Power [W] STAT             |    185.0162 |         0 |    185.0162 |     6.6077 |         0 |         0 |         0 |
|          Energy DRAM [J] STAT          |  32780.1605 |         0 |  32780.1605 |  1170.7200 |         0 |         0 |         0 |
|           Power DRAM [W] STAT          |     20.9309 |         0 |     20.9309 |     0.7475 |         0 |         0 |         0 |
|            DP [MFLOP/s] STAT           |  24649.9537 |  879.8682 |    880.9370 |   880.3555 |  880.1435 |  880.1840 |  880.8577 |
|          AVX DP [MFLOP/s] STAT         |   2157.8681 |   77.0240 |     77.1177 |    77.0667 |   77.0481 |   77.0517 |   77.1108 |
|          Packed [MUOPS/s] STAT         |    269.7334 |    9.6280 |      9.6397 |     9.6333 |    9.6310 |    9.6315 |    9.6388 |
|          Scalar [MUOPS/s] STAT         |  22492.0858 |  802.8442 |    803.8193 |   803.2888 |  803.0954 |  803.1323 |  803.7469 |
|  Memory read bandwidth [MBytes/s] STAT |  81806.0541 |         0 |  81806.0541 |  2921.6448 |         0 |         0 |         0 |
|  Memory read data volume [GBytes] STAT | 128117.7703 |         0 | 128117.7703 |  4575.6347 |         0 |         0 |         0 |
| Memory write bandwidth [MBytes/s] STAT |  34500.2192 |         0 |  34500.2192 |  1232.1507 |         0 |         0 |         0 |
| Memory write data volume [GBytes] STAT |  54031.3453 |         0 |  54031.3453 |  1929.6909 |         0 |         0 |         0 |
|    Memory bandwidth [MBytes/s] STAT    | 116306.2734 |         0 | 116306.2734 |  4153.7955 |         0 |         0 |         0 |
|    Memory data volume [GBytes] STAT    | 182149.1156 |         0 | 182149.1156 |  6505.3256 |         0 |         0 |         0 |
|       Operational intensity STAT       |      0.0076 |         0 |      0.0076 |     0.0003 |         0 |         0 |         0 |
+----------------------------------------+-------------+-----------+-------------+------------+-----------+-----------+-----------+

