WARN: Cannot extract OpenMP vendor from executable or commandline, assuming no OpenMP
Successfully initialised 21 MPI ranks.
Opening tea.out as log file.

Timestep 1
Error: 			5.444659e-11

Timestep 2
Error: 			3.489730e-12

Timestep 3
Error: 			2.490970e-13

Timestep 4
Error: 			1.517703e-14

Timestep 5
Error: 			9.888611e-16

Checking results...
Expected 9.200337173020409e+01
Actual   9.200337173015055e+01
This run [32mPASSED[0m (Difference is within 0.00000000%)
Group: 1
+------------------------------------------+---------+----------------+----------------+----------------+----------------+----------------+----------------+----------------+----------------+----------------+----------------+----------------+----------------+----------------+----------------+----------------+----------------+----------------+----------------+----------------+----------------+----------------+
|                   Event                  | Counter |    f0608:0:0   |    f0608:1:1   |    f0608:2:2   |    f0608:3:3   |    f0608:4:4   |    f0608:5:5   |    f0608:6:6   |    f0608:7:7   |    f0608:8:8   |    f0608:9:9   |   f0608:10:10  |   f0608:11:11  |   f0608:12:12  |   f0608:13:13  |   f0608:14:14  |   f0608:15:15  |   f0608:16:16  |   f0608:17:17  |   f0608:18:18  |   f0608:19:19  |   f0608:20:20  |
+------------------------------------------+---------+----------------+----------------+----------------+----------------+----------------+----------------+----------------+----------------+----------------+----------------+----------------+----------------+----------------+----------------+----------------+----------------+----------------+----------------+----------------+----------------+----------------+
|             INSTR_RETIRED_ANY            |  FIXC0  |  2563758711707 |  2608872012586 |  2574506824628 |  2617687628718 |  2564955735628 |  2600650941883 |  2562224449582 |  2577655804924 |  2622897679519 |  2588353887036 |  2550039212142 |  2565994910959 |  2614757893641 |  2574138120999 |  2587780349494 |  2576819289899 |  2551388968416 |  2569008881625 |  5497055631086 |  5503597834452 |  5501866178416 |
|           CPU_CLK_UNHALTED_CORE          |  FIXC1  |  4975667269078 |  4976246936772 |  4975661448699 |  4977674317095 |  4978323945870 |  4978041848456 |  4979832362494 |  4978457261204 |  4979442343165 |  4980913235666 |  4980915688414 |  4976565193856 |  4979456604965 |  4976017551563 |  4975297148095 |  4975889453303 |  4981259501616 |  4979917889960 |  4993599330140 |  4992630976449 |  4993631694491 |
|           CPU_CLK_UNHALTED_REF           |  FIXC2  |  4975666629216 |  4976244829824 |  4975659113664 |  4977673007424 |  4978323516192 |  4978042073760 |  4979832383520 |  4978458051648 |  4979440596000 |  4980911984928 |  4980916162944 |  4976565315456 |  4979457827424 |  4976016773952 |  4975296562080 |  4975889338368 |  4981260483168 |  4979920152480 |  4993576245312 |  4992614927808 |  4993620008352 |
|               TOPDOWN_SLOTS              |  FIXC3  | 24878336345390 | 24881234683860 | 24878307243495 | 24888371585475 | 24891619729350 | 24890209242280 | 24899161812470 | 24892286306020 | 24897211715825 | 24904566178330 | 24904578442070 | 24882825969280 | 24897283024825 | 24880087757815 | 24876485740475 | 24879447266515 | 24906297508080 | 24899589449800 | 24967996650700 | 24963154882245 | 24968158472455 |
|              PWR_PKG_ENERGY              |   PWR0  |    338733.5802 |              0 |              0 |              0 |              0 |              0 |              0 |              0 |              0 |              0 |              0 |              0 |              0 |              0 |              0 |              0 |              0 |              0 |              0 |              0 |              0 |
|              PWR_DRAM_ENERGY             |   PWR3  |     36897.4432 |              0 |              0 |              0 |              0 |              0 |              0 |              0 |              0 |              0 |              0 |              0 |              0 |              0 |              0 |              0 |              0 |              0 |              0 |              0 |              0 |
| FP_ARITH_INST_RETIRED_128B_PACKED_DOUBLE |   PMC0  |              0 |              0 |              0 |              0 |              0 |              0 |              0 |              0 |              0 |              0 |              0 |              0 |              0 |              0 |              0 |              0 |              0 |              0 |              0 |              0 |              0 |
|    FP_ARITH_INST_RETIRED_SCALAR_DOUBLE   |   PMC1  |  1678673447960 |  1678672819722 |  1678057928629 |  1678672613956 |  1678672613936 |  1678057937940 |  1677239075116 |  1677239062186 |  1676624923786 |  1677239067611 |  1677239067186 |  1676624899258 |  1677239057252 |  1677239063463 |  1676624899464 |  1677239044897 |  1677239050847 |  1676624919198 |  1677239047388 |  1677239052480 |  1676624893878 |
| FP_ARITH_INST_RETIRED_256B_PACKED_DOUBLE |   PMC2  |              0 |              0 |              0 |              0 |              0 |              0 |              0 |              0 |              0 |              0 |              0 |              0 |              0 |              0 |              0 |              0 |              0 |              0 |              0 |              0 |              0 |
| FP_ARITH_INST_RETIRED_512B_PACKED_DOUBLE |   PMC3  |    20143406282 |    20143406282 |    20128744205 |    20143406282 |    20143406282 |    20128744205 |    20126216876 |    20126216876 |    20111554914 |    20126216876 |    20126216876 |    20111554914 |    20126216876 |    20126216876 |    20111554914 |    20126216876 |    20126216876 |    20111554914 |    20126216876 |    20126216876 |    20111554914 |
|               CAS_COUNT_RD               | MBOX0C0 |   431645435979 |              0 |              0 |              0 |              0 |              0 |              0 |              0 |              0 |              0 |              0 |              0 |              0 |              0 |              0 |              0 |              0 |              0 |              0 |              0 |              0 |
|               CAS_COUNT_WR               | MBOX0C1 |   181341459309 |              0 |              0 |              0 |              0 |              0 |              0 |              0 |              0 |              0 |              0 |              0 |              0 |              0 |              0 |              0 |              0 |              0 |              0 |              0 |              0 |
|               CAS_COUNT_RD               | MBOX1C0 |   431648744438 |              0 |              0 |              0 |              0 |              0 |              0 |              0 |              0 |              0 |              0 |              0 |              0 |              0 |              0 |              0 |              0 |              0 |              0 |              0 |              0 |
|               CAS_COUNT_WR               | MBOX1C1 |   181326881018 |              0 |              0 |              0 |              0 |              0 |              0 |              0 |              0 |              0 |              0 |              0 |              0 |              0 |              0 |              0 |              0 |              0 |              0 |              0 |              0 |
|               CAS_COUNT_RD               | MBOX2C0 |   431772818955 |              0 |              0 |              0 |              0 |              0 |              0 |              0 |              0 |              0 |              0 |              0 |              0 |              0 |              0 |              0 |              0 |              0 |              0 |              0 |              0 |
|               CAS_COUNT_WR               | MBOX2C1 |   181338345633 |              0 |              0 |              0 |              0 |              0 |              0 |              0 |              0 |              0 |              0 |              0 |              0 |              0 |              0 |              0 |              0 |              0 |              0 |              0 |              0 |
|               CAS_COUNT_RD               | MBOX3C0 |   431731824498 |              0 |              0 |              0 |              0 |              0 |              0 |              0 |              0 |              0 |              0 |              0 |              0 |              0 |              0 |              0 |              0 |              0 |              0 |              0 |              0 |
|               CAS_COUNT_WR               | MBOX3C1 |   181353961884 |              0 |              0 |              0 |              0 |              0 |              0 |              0 |              0 |              0 |              0 |              0 |              0 |              0 |              0 |              0 |              0 |              0 |              0 |              0 |              0 |
|               CAS_COUNT_RD               | MBOX4C0 |    66780080929 |              0 |              0 |              0 |              0 |              0 |              0 |              0 |              0 |              0 |              0 |              0 |              0 |              0 |              0 |              0 |              0 |              0 |              0 |              0 |              0 |
|               CAS_COUNT_WR               | MBOX4C1 |    28978099698 |              0 |              0 |              0 |              0 |              0 |              0 |              0 |              0 |              0 |              0 |              0 |              0 |              0 |              0 |              0 |              0 |              0 |              0 |              0 |              0 |
|               CAS_COUNT_RD               | MBOX5C0 |    66778314119 |              0 |              0 |              0 |              0 |              0 |              0 |              0 |              0 |              0 |              0 |              0 |              0 |              0 |              0 |              0 |              0 |              0 |              0 |              0 |              0 |
|               CAS_COUNT_WR               | MBOX5C1 |    28980653232 |              0 |              0 |              0 |              0 |              0 |              0 |              0 |              0 |              0 |              0 |              0 |              0 |              0 |              0 |              0 |              0 |              0 |              0 |              0 |              0 |
|               CAS_COUNT_RD               | MBOX6C0 |    66809930723 |              0 |              0 |              0 |              0 |              0 |              0 |              0 |              0 |              0 |              0 |              0 |              0 |              0 |              0 |              0 |              0 |              0 |              0 |              0 |              0 |
|               CAS_COUNT_WR               | MBOX6C1 |    28978822750 |              0 |              0 |              0 |              0 |              0 |              0 |              0 |              0 |              0 |              0 |              0 |              0 |              0 |              0 |              0 |              0 |              0 |              0 |              0 |              0 |
|               CAS_COUNT_RD               | MBOX7C0 |    66821640302 |              0 |              0 |              0 |              0 |              0 |              0 |              0 |              0 |              0 |              0 |              0 |              0 |              0 |              0 |              0 |              0 |              0 |              0 |              0 |              0 |
|               CAS_COUNT_WR               | MBOX7C1 |    28982764588 |              0 |              0 |              0 |              0 |              0 |              0 |              0 |              0 |              0 |              0 |              0 |              0 |              0 |              0 |              0 |              0 |              0 |              0 |              0 |              0 |
+------------------------------------------+---------+----------------+----------------+----------------+----------------+----------------+----------------+----------------+----------------+----------------+----------------+----------------+----------------+----------------+----------------+----------------+----------------+----------------+----------------+----------------+----------------+----------------+

+-----------------------------------------------+---------+-----------------+----------------+----------------+--------------+
|                     Event                     | Counter |       Sum       |       Min      |       Max      |      Avg     |
+-----------------------------------------------+---------+-----------------+----------------+----------------+--------------+
|             INSTR_RETIRED_ANY STAT            |  FIXC0  |  62974010947340 |  2550039212142 |  5503597834452 | 2.998762e+12 |
|           CPU_CLK_UNHALTED_CORE STAT          |  FIXC1  | 104585442001351 |  4975297148095 |  4993631694491 | 4.980259e+12 |
|           CPU_CLK_UNHALTED_REF STAT           |  FIXC2  | 104585385983520 |  4975296562080 |  4993620008352 | 4.980256e+12 |
|               TOPDOWN_SLOTS STAT              |  FIXC3  | 522927210006755 | 24876485740475 | 24968158472455 |      nil     |
|              PWR_PKG_ENERGY STAT              |   PWR0  |     338733.5802 |              0 |    338733.5802 |   16130.1705 |
|              PWR_DRAM_ENERGY STAT             |   PWR3  |      36897.4432 |              0 |     36897.4432 |    1757.0211 |
| FP_ARITH_INST_RETIRED_128B_PACKED_DOUBLE STAT |   PMC0  |               0 |              0 |              0 |            0 |
|    FP_ARITH_INST_RETIRED_SCALAR_DOUBLE STAT   |   PMC1  |  35226322486153 |  1676624893878 |  1678673447960 |      nil     |
| FP_ARITH_INST_RETIRED_256B_PACKED_DOUBLE STAT |   PMC2  |               0 |              0 |              0 |            0 |
| FP_ARITH_INST_RETIRED_512B_PACKED_DOUBLE STAT |   PMC3  |    422651056868 |    20111554914 |    20143406282 | 2.012624e+10 |
|               CAS_COUNT_RD STAT               | MBOX0C0 |    431645435979 |              0 |   431645435979 | 2.055454e+10 |
|               CAS_COUNT_WR STAT               | MBOX0C1 |    181341459309 |              0 |   181341459309 | 8.635308e+09 |
|               CAS_COUNT_RD STAT               | MBOX1C0 |    431648744438 |              0 |   431648744438 | 2.055470e+10 |
|               CAS_COUNT_WR STAT               | MBOX1C1 |    181326881018 |              0 |   181326881018 | 8.634613e+09 |
|               CAS_COUNT_RD STAT               | MBOX2C0 |    431772818955 |              0 |   431772818955 | 2.056061e+10 |
|               CAS_COUNT_WR STAT               | MBOX2C1 |    181338345633 |              0 |   181338345633 | 8.635159e+09 |
|               CAS_COUNT_RD STAT               | MBOX3C0 |    431731824498 |              0 |   431731824498 | 2.055866e+10 |
|               CAS_COUNT_WR STAT               | MBOX3C1 |    181353961884 |              0 |   181353961884 | 8.635903e+09 |
|               CAS_COUNT_RD STAT               | MBOX4C0 |     66780080929 |              0 |    66780080929 | 3.180004e+09 |
|               CAS_COUNT_WR STAT               | MBOX4C1 |     28978099698 |              0 |    28978099698 | 1.379910e+09 |
|               CAS_COUNT_RD STAT               | MBOX5C0 |     66778314119 |              0 |    66778314119 | 3.179920e+09 |
|               CAS_COUNT_WR STAT               | MBOX5C1 |     28980653232 |              0 |    28980653232 | 1.380031e+09 |
|               CAS_COUNT_RD STAT               | MBOX6C0 |     66809930723 |              0 |    66809930723 | 3.181425e+09 |
|               CAS_COUNT_WR STAT               | MBOX6C1 |     28978822750 |              0 |    28978822750 | 1.379944e+09 |
|               CAS_COUNT_RD STAT               | MBOX7C0 |     66821640302 |              0 |    66821640302 | 3.181983e+09 |
|               CAS_COUNT_WR STAT               | MBOX7C1 |     28982764588 |              0 |    28982764588 | 1.380132e+09 |
+-----------------------------------------------+---------+-----------------+----------------+----------------+--------------+

+-----------------------------------+-------------+-----------+-----------+-----------+-----------+-----------+-----------+-----------+-----------+-----------+-------------+-------------+-------------+-------------+-------------+-------------+-------------+-------------+-------------+-------------+-------------+
|               Metric              |  f0608:0:0  | f0608:1:1 | f0608:2:2 | f0608:3:3 | f0608:4:4 | f0608:5:5 | f0608:6:6 | f0608:7:7 | f0608:8:8 | f0608:9:9 | f0608:10:10 | f0608:11:11 | f0608:12:12 | f0608:13:13 | f0608:14:14 | f0608:15:15 | f0608:16:16 | f0608:17:17 | f0608:18:18 | f0608:19:19 | f0608:20:20 |
+-----------------------------------+-------------+-----------+-----------+-----------+-----------+-----------+-----------+-----------+-----------+-----------+-------------+-------------+-------------+-------------+-------------+-------------+-------------+-------------+-------------+-------------+-------------+
|        Runtime (RDTSC) [s]        |   2090.6340 | 2090.5140 | 2090.5630 | 2090.5140 | 2090.5160 | 2090.5120 | 2090.5090 | 2090.5320 | 2090.5640 | 2090.9560 |   2090.6680 |   2090.5280 |   2090.6940 |   2092.3680 |   2090.6210 |   2090.5710 |   2090.5700 |   2090.5650 |   2090.5090 |   2090.5100 |   2090.5110 |
|        Runtime unhalted [s]       |   2078.2508 | 2078.3617 | 2078.1111 | 2078.9589 | 2079.2328 | 2079.1082 | 2079.8563 | 2079.2825 | 2079.7381 | 2080.7540 |   2080.4040 |   2078.4915 |   2079.7996 |   2080.1161 |   2077.9788 |   2078.2092 |   2080.4525 |   2079.9492 |   2085.6064 |   2085.2044 |   2085.6207 |
|            Clock [MHz]            |   2394.1614 | 2394.3133 | 2394.3204 | 2394.3117 | 2394.3084 | 2394.3158 | 2394.3155 | 2394.3146 | 2394.2650 | 2393.8027 |   2394.2058 |   2394.3158 |   2394.1996 |   2392.1830 |   2394.2966 |   2394.3161 |   2394.3150 |   2394.2486 |   2394.3264 |   2394.3203 |   2394.3201 |
|                CPI                |      1.9408 |    1.9074 |    1.9327 |    1.9016 |    1.9409 |    1.9142 |    1.9436 |    1.9314 |    1.8985 |    1.9244 |      1.9533 |      1.9394 |      1.9044 |      1.9331 |      1.9226 |      1.9310 |      1.9524 |      1.9385 |      0.9084 |      0.9072 |      0.9076 |
|             Energy [J]            | 338733.5802 |         0 |         0 |         0 |         0 |         0 |         0 |         0 |         0 |         0 |           0 |           0 |           0 |           0 |           0 |           0 |           0 |           0 |           0 |           0 |           0 |
|             Power [W]             |    162.0243 |         0 |         0 |         0 |         0 |         0 |         0 |         0 |         0 |         0 |           0 |           0 |           0 |           0 |           0 |           0 |           0 |           0 |           0 |           0 |           0 |
|          Energy DRAM [J]          |  36897.4432 |         0 |         0 |         0 |         0 |         0 |         0 |         0 |         0 |         0 |           0 |           0 |           0 |           0 |           0 |           0 |           0 |           0 |           0 |           0 |           0 |
|           Power DRAM [W]          |     17.6489 |         0 |         0 |         0 |         0 |         0 |         0 |         0 |         0 |         0 |           0 |           0 |           0 |           0 |           0 |           0 |           0 |           0 |           0 |           0 |           0 |
|            DP [MFLOP/s]           |    880.0300 |  880.0802 |  879.7094 |  880.0801 |  880.0793 |  879.7308 |  879.3307 |  879.3211 |  878.9577 |  879.1427 |    879.2639 |    878.9728 |    879.2529 |    878.5495 |    878.9337 |    879.3046 |    879.3051 |    878.9573 |    879.3307 |    879.3303 |    878.9800 |
|          AVX DP [MFLOP/s]         |     77.0806 |   77.0850 |   77.0271 |   77.0850 |   77.0849 |   77.0290 |   77.0194 |   77.0185 |   76.9613 |   77.0029 |     77.0135 |     76.9626 |     77.0126 |     76.9510 |     76.9592 |     77.0171 |     77.0171 |     76.9612 |     77.0194 |     77.0194 |     76.9632 |
|          Packed [MUOPS/s]         |      9.6351 |    9.6356 |    9.6284 |    9.6356 |    9.6356 |    9.6286 |    9.6274 |    9.6273 |    9.6202 |    9.6254 |      9.6267 |      9.6203 |      9.6266 |      9.6189 |      9.6199 |      9.6271 |      9.6271 |      9.6202 |      9.6274 |      9.6274 |      9.6204 |
|          Scalar [MUOPS/s]         |    802.9495 |  802.9953 |  802.6823 |  802.9952 |  802.9944 |  802.7019 |  802.3113 |  802.3025 |  801.9965 |  802.1398 |    802.2503 |    802.0103 |    802.2403 |    801.5985 |    801.9746 |    802.2875 |    802.2879 |    801.9961 |    802.3113 |    802.3109 |    802.0168 |
|  Memory read bandwidth [MBytes/s] |  61041.4269 |         0 |         0 |         0 |         0 |         0 |         0 |         0 |         0 |         0 |           0 |           0 |           0 |           0 |           0 |           0 |           0 |           0 |           0 |           0 |           0 |
|  Memory read data volume [GBytes] | 127615.2826 |         0 |         0 |         0 |         0 |         0 |         0 |         0 |         0 |         0 |           0 |           0 |           0 |           0 |           0 |           0 |           0 |           0 |           0 |           0 |           0 |
| Memory write bandwidth [MBytes/s] |  25753.9020 |         0 |         0 |         0 |         0 |         0 |         0 |         0 |         0 |         0 |           0 |           0 |           0 |           0 |           0 |           0 |           0 |           0 |           0 |           0 |           0 |
| Memory write data volume [GBytes] |  53841.9832 |         0 |         0 |         0 |         0 |         0 |         0 |         0 |         0 |         0 |           0 |           0 |           0 |           0 |           0 |           0 |           0 |           0 |           0 |           0 |           0 |
|    Memory bandwidth [MBytes/s]    |  86795.3290 |         0 |         0 |         0 |         0 |         0 |         0 |         0 |         0 |         0 |           0 |           0 |           0 |           0 |           0 |           0 |           0 |           0 |           0 |           0 |           0 |
|    Memory data volume [GBytes]    | 181457.2658 |         0 |         0 |         0 |         0 |         0 |         0 |         0 |         0 |         0 |           0 |           0 |           0 |           0 |           0 |           0 |           0 |           0 |           0 |           0 |           0 |
|       Operational intensity       |      0.0101 |         0 |         0 |         0 |         0 |         0 |         0 |         0 |         0 |         0 |           0 |           0 |           0 |           0 |           0 |           0 |           0 |           0 |           0 |           0 |           0 |
+-----------------------------------+-------------+-----------+-----------+-----------+-----------+-----------+-----------+-----------+-----------+-----------+-------------+-------------+-------------+-------------+-------------+-------------+-------------+-------------+-------------+-------------+-------------+

+----------------------------------------+-------------+-----------+-------------+------------+-----------+-----------+-----------+
|                 Metric                 |     Sum     |    Min    |     Max     |     Avg    |  %ile 25  |  %ile 50  |  %ile 75  |
+----------------------------------------+-------------+-----------+-------------+------------+-----------+-----------+-----------+
|        Runtime (RDTSC) [s] STAT        |  43903.9290 | 2090.5090 |   2092.3680 |  2090.6633 | 2090.5120 | 2090.5630 | 2090.6210 |
|        Runtime unhalted [s] STAT       |  43683.4868 | 2077.9788 |   2085.6207 |  2080.1660 | 2078.3617 | 2079.7381 | 2080.4040 |
|            Clock [MHz] STAT            |  50277.4761 | 2392.1830 |   2394.3264 |  2394.1655 | 2394.2058 | 2394.3133 | 2394.3158 |
|                CPI STAT                |     37.4334 |    0.9072 |      1.9533 |     1.7825 |    1.9016 |    1.9310 |    1.9394 |
|             Energy [J] STAT            | 338733.5802 |         0 | 338733.5802 | 16130.1705 |         0 |         0 |         0 |
|             Power [W] STAT             |    162.0243 |         0 |    162.0243 |     7.7154 |         0 |         0 |         0 |
|          Energy DRAM [J] STAT          |  36897.4432 |         0 |  36897.4432 |  1757.0211 |         0 |         0 |         0 |
|           Power DRAM [W] STAT          |     17.6489 |         0 |     17.6489 |     0.8404 |         0 |         0 |         0 |
|            DP [MFLOP/s] STAT           |  18466.6428 |  878.5495 |    880.0802 |   879.3639 |  878.9728 |  879.3051 |  879.7094 |
|          AVX DP [MFLOP/s] STAT         |   1617.2900 |   76.9510 |     77.0850 |    77.0138 |   76.9626 |   77.0171 |   77.0271 |
|          Packed [MUOPS/s] STAT         |    202.1612 |    9.6189 |      9.6356 |     9.6267 |    9.6203 |    9.6271 |    9.6284 |
|          Scalar [MUOPS/s] STAT         |  16849.3532 |  801.5985 |    802.9953 |   802.3502 |  802.0103 |  802.2879 |  802.6823 |
|  Memory read bandwidth [MBytes/s] STAT |  61041.4269 |         0 |  61041.4269 |  2906.7346 |         0 |         0 |         0 |
|  Memory read data volume [GBytes] STAT | 127615.2826 |         0 | 127615.2826 |  6076.9182 |         0 |         0 |         0 |
| Memory write bandwidth [MBytes/s] STAT |  25753.9020 |         0 |  25753.9020 |  1226.3763 |         0 |         0 |         0 |
| Memory write data volume [GBytes] STAT |  53841.9832 |         0 |  53841.9832 |  2563.9040 |         0 |         0 |         0 |
|    Memory bandwidth [MBytes/s] STAT    |  86795.3290 |         0 |  86795.3290 |  4133.1109 |         0 |         0 |         0 |
|    Memory data volume [GBytes] STAT    | 181457.2658 |         0 | 181457.2658 |  8640.8222 |         0 |         0 |         0 |
|       Operational intensity STAT       |      0.0101 |         0 |      0.0101 |     0.0005 |         0 |         0 |         0 |
+----------------------------------------+-------------+-----------+-------------+------------+-----------+-----------+-----------+

