WARN: Cannot extract OpenMP vendor from executable or commandline, assuming no OpenMP
Successfully initialised 17 MPI ranks.
Opening tea.out as log file.

Timestep 1
Error: 			5.444659e-11

Timestep 2
Error: 			3.489730e-12

Timestep 3
Error: 			2.490701e-13

Timestep 4
Error: 			1.518388e-14

Timestep 5
Error: 			9.871545e-16

Checking results...
Expected 9.200337173020409e+01
Actual   9.200337173016173e+01
This run [32mPASSED[0m (Difference is within 0.00000000%)
Group: 1
+------------------------------------------+---------+----------------+----------------+----------------+----------------+----------------+----------------+----------------+----------------+----------------+----------------+----------------+----------------+----------------+----------------+----------------+----------------+----------------+
|                   Event                  | Counter |    f0608:0:0   |    f0608:1:1   |    f0608:2:2   |    f0608:3:3   |    f0608:4:4   |    f0608:5:5   |    f0608:6:6   |    f0608:7:7   |    f0608:8:8   |    f0608:9:9   |   f0608:10:10  |   f0608:11:11  |   f0608:12:12  |   f0608:13:13  |   f0608:14:14  |   f0608:15:15  |   f0608:16:16  |
+------------------------------------------+---------+----------------+----------------+----------------+----------------+----------------+----------------+----------------+----------------+----------------+----------------+----------------+----------------+----------------+----------------+----------------+----------------+----------------+
|             INSTR_RETIRED_ANY            |  FIXC0  |  3144836662016 |  3183384647644 |  3149587134267 |  3161868630699 |  3143156065297 |  3161517859408 |  3280543978043 |  3140432871769 |  3191931316865 |  3141050349568 |  3186107246648 |  3144645902460 |  3249044160934 |  3170290427902 |  3146836338770 |  3218715209792 |  3148554015159 |
|           CPU_CLK_UNHALTED_CORE          |  FIXC1  |  5783199646212 |  5783589847208 |  5784659291195 |  5783330290366 |  5781612343046 |  5783023811219 |  5784762456449 |  5784969007293 |  5784559513419 |  5784557106472 |  5784342944564 |  5784231337042 |  5783245241727 |  5783818986182 |  5784700605309 |  5784638893754 |  5784861146804 |
|           CPU_CLK_UNHALTED_REF           |  FIXC2  |  5783202508896 |  5783589758112 |  5784660342240 |  5783331333600 |  5781612657216 |  5783022379104 |  5784763005696 |  5784966999552 |  5784558765696 |  5784555874752 |  5784344442624 |  5784232515744 |  5783247720480 |  5783818723776 |  5784698692320 |  5784640002816 |  5784863517600 |
|               TOPDOWN_SLOTS              |  FIXC3  | 28915998231060 | 28917949236040 | 28923296455975 | 28916651451830 | 28908061715230 | 28915119056095 | 28923812282245 | 28924845036465 | 28922797567095 | 28922785532360 | 28921714722820 | 28921156685210 | 28916226208635 | 28919094930910 | 28923503026545 | 28923194468770 | 28924305734020 |
|              PWR_PKG_ENERGY              |   PWR0  |    365712.6469 |              0 |              0 |              0 |              0 |              0 |              0 |              0 |              0 |              0 |              0 |              0 |              0 |              0 |              0 |              0 |              0 |
|              PWR_DRAM_ENERGY             |   PWR3  |     39276.5598 |              0 |              0 |              0 |              0 |              0 |              0 |              0 |              0 |              0 |              0 |              0 |              0 |              0 |              0 |              0 |              0 |
| FP_ARITH_INST_RETIRED_128B_PACKED_DOUBLE |   PMC0  |              0 |              0 |              0 |              0 |              0 |              0 |              0 |              0 |              0 |              0 |              0 |              0 |              0 |              0 |              0 |              0 |              0 |
|    FP_ARITH_INST_RETIRED_SCALAR_DOUBLE   |   PMC1  |  2072643143814 |  2072642337403 |  2072642332329 |  2072642332529 |  2072642347313 |  2072642325819 |  2072642314873 |  2072642321577 |  2072642323045 |  2072642317053 |  2072642307027 |  2072642314807 |  2072642304907 |  2072642309607 |  2072642300397 |  2068342211782 |  2068342216124 |
| FP_ARITH_INST_RETIRED_256B_PACKED_DOUBLE |   PMC2  |              0 |              0 |              0 |              0 |              0 |              0 |              0 |              0 |              0 |              0 |              0 |              0 |              0 |              0 |              0 |              0 |              0 |
| FP_ARITH_INST_RETIRED_512B_PACKED_DOUBLE |   PMC3  |    24819532649 |    24819532649 |    24819532649 |    24819532649 |    24819532649 |    24819532649 |    24819532649 |    24819532649 |    24819532649 |    24819532649 |    24819532649 |    24819532649 |    24819532649 |    24819532649 |    24819532649 |    24768065255 |    24768065255 |
|               CAS_COUNT_RD               | MBOX0C0 |   507596462187 |              0 |              0 |              0 |              0 |              0 |              0 |              0 |              0 |              0 |              0 |              0 |              0 |              0 |              0 |              0 |              0 |
|               CAS_COUNT_WR               | MBOX0C1 |   211814031575 |              0 |              0 |              0 |              0 |              0 |              0 |              0 |              0 |              0 |              0 |              0 |              0 |              0 |              0 |              0 |              0 |
|               CAS_COUNT_RD               | MBOX1C0 |   507565630339 |              0 |              0 |              0 |              0 |              0 |              0 |              0 |              0 |              0 |              0 |              0 |              0 |              0 |              0 |              0 |              0 |
|               CAS_COUNT_WR               | MBOX1C1 |   211805558382 |              0 |              0 |              0 |              0 |              0 |              0 |              0 |              0 |              0 |              0 |              0 |              0 |              0 |              0 |              0 |              0 |
|               CAS_COUNT_RD               | MBOX2C0 |   507678827500 |              0 |              0 |              0 |              0 |              0 |              0 |              0 |              0 |              0 |              0 |              0 |              0 |              0 |              0 |              0 |              0 |
|               CAS_COUNT_WR               | MBOX2C1 |   211800712386 |              0 |              0 |              0 |              0 |              0 |              0 |              0 |              0 |              0 |              0 |              0 |              0 |              0 |              0 |              0 |              0 |
|               CAS_COUNT_RD               | MBOX3C0 |   507616348745 |              0 |              0 |              0 |              0 |              0 |              0 |              0 |              0 |              0 |              0 |              0 |              0 |              0 |              0 |              0 |              0 |
|               CAS_COUNT_WR               | MBOX3C1 |   211804742031 |              0 |              0 |              0 |              0 |              0 |              0 |              0 |              0 |              0 |              0 |              0 |              0 |              0 |              0 |              0 |              0 |
|               CAS_COUNT_RD               | MBOX4C0 |       10608138 |              0 |              0 |              0 |              0 |              0 |              0 |              0 |              0 |              0 |              0 |              0 |              0 |              0 |              0 |              0 |              0 |
|               CAS_COUNT_WR               | MBOX4C1 |       11497419 |              0 |              0 |              0 |              0 |              0 |              0 |              0 |              0 |              0 |              0 |              0 |              0 |              0 |              0 |              0 |              0 |
|               CAS_COUNT_RD               | MBOX5C0 |       10594881 |              0 |              0 |              0 |              0 |              0 |              0 |              0 |              0 |              0 |              0 |              0 |              0 |              0 |              0 |              0 |              0 |
|               CAS_COUNT_WR               | MBOX5C1 |       11466117 |              0 |              0 |              0 |              0 |              0 |              0 |              0 |              0 |              0 |              0 |              0 |              0 |              0 |              0 |              0 |              0 |
|               CAS_COUNT_RD               | MBOX6C0 |       10806251 |              0 |              0 |              0 |              0 |              0 |              0 |              0 |              0 |              0 |              0 |              0 |              0 |              0 |              0 |              0 |              0 |
|               CAS_COUNT_WR               | MBOX6C1 |       11779063 |              0 |              0 |              0 |              0 |              0 |              0 |              0 |              0 |              0 |              0 |              0 |              0 |              0 |              0 |              0 |              0 |
|               CAS_COUNT_RD               | MBOX7C0 |       10554045 |              0 |              0 |              0 |              0 |              0 |              0 |              0 |              0 |              0 |              0 |              0 |              0 |              0 |              0 |              0 |              0 |
|               CAS_COUNT_WR               | MBOX7C1 |       11523770 |              0 |              0 |              0 |              0 |              0 |              0 |              0 |              0 |              0 |              0 |              0 |              0 |              0 |              0 |              0 |              0 |
+------------------------------------------+---------+----------------+----------------+----------------+----------------+----------------+----------------+----------------+----------------+----------------+----------------+----------------+----------------+----------------+----------------+----------------+----------------+----------------+

+-----------------------------------------------+---------+-----------------+----------------+----------------+--------------+
|                     Event                     | Counter |       Sum       |       Min      |       Max      |      Avg     |
+-----------------------------------------------+---------+-----------------+----------------+----------------+--------------+
|             INSTR_RETIRED_ANY STAT            |  FIXC0  |  53962502817241 |  3140432871769 |  3280543978043 | 3.174265e+12 |
|           CPU_CLK_UNHALTED_CORE STAT          |  FIXC1  |  98328102468261 |  5781612343046 |  5784969007293 | 5.784006e+12 |
|           CPU_CLK_UNHALTED_REF STAT           |  FIXC2  |  98328109240224 |  5781612657216 |  5784966999552 | 5.784006e+12 |
|               TOPDOWN_SLOTS STAT              |  FIXC3  | 491640512341305 | 28908061715230 | 28924845036465 |      nil     |
|              PWR_PKG_ENERGY STAT              |   PWR0  |     365712.6469 |              0 |    365712.6469 |   21512.5086 |
|              PWR_DRAM_ENERGY STAT             |   PWR3  |      39276.5598 |              0 |     39276.5598 |    2310.3859 |
| FP_ARITH_INST_RETIRED_128B_PACKED_DOUBLE STAT |   PMC0  |               0 |              0 |              0 |            0 |
|    FP_ARITH_INST_RETIRED_SCALAR_DOUBLE STAT   |   PMC1  |  35226320060406 |  2068342211782 |  2072643143814 | 2.072136e+12 |
| FP_ARITH_INST_RETIRED_256B_PACKED_DOUBLE STAT |   PMC2  |               0 |              0 |              0 |            0 |
| FP_ARITH_INST_RETIRED_512B_PACKED_DOUBLE STAT |   PMC3  |    421829120245 |    24768065255 |    24819532649 | 2.481348e+10 |
|               CAS_COUNT_RD STAT               | MBOX0C0 |    507596462187 |              0 |   507596462187 | 2.985862e+10 |
|               CAS_COUNT_WR STAT               | MBOX0C1 |    211814031575 |              0 |   211814031575 | 1.245965e+10 |
|               CAS_COUNT_RD STAT               | MBOX1C0 |    507565630339 |              0 |   507565630339 | 2.985680e+10 |
|               CAS_COUNT_WR STAT               | MBOX1C1 |    211805558382 |              0 |   211805558382 | 1.245915e+10 |
|               CAS_COUNT_RD STAT               | MBOX2C0 |    507678827500 |              0 |   507678827500 | 2.986346e+10 |
|               CAS_COUNT_WR STAT               | MBOX2C1 |    211800712386 |              0 |   211800712386 | 1.245887e+10 |
|               CAS_COUNT_RD STAT               | MBOX3C0 |    507616348745 |              0 |   507616348745 | 2.985979e+10 |
|               CAS_COUNT_WR STAT               | MBOX3C1 |    211804742031 |              0 |   211804742031 | 1.245910e+10 |
|               CAS_COUNT_RD STAT               | MBOX4C0 |        10608138 |              0 |       10608138 |  624008.1176 |
|               CAS_COUNT_WR STAT               | MBOX4C1 |        11497419 |              0 |       11497419 |  676318.7647 |
|               CAS_COUNT_RD STAT               | MBOX5C0 |        10594881 |              0 |       10594881 |  623228.2941 |
|               CAS_COUNT_WR STAT               | MBOX5C1 |        11466117 |              0 |       11466117 |  674477.4706 |
|               CAS_COUNT_RD STAT               | MBOX6C0 |        10806251 |              0 |       10806251 |  635661.8235 |
|               CAS_COUNT_WR STAT               | MBOX6C1 |        11779063 |              0 |       11779063 |  692886.0588 |
|               CAS_COUNT_RD STAT               | MBOX7C0 |        10554045 |              0 |       10554045 |  620826.1765 |
|               CAS_COUNT_WR STAT               | MBOX7C1 |        11523770 |              0 |       11523770 |  677868.8235 |
+-----------------------------------------------+---------+-----------------+----------------+----------------+--------------+

+-----------------------------------+-------------+-----------+-----------+-----------+-----------+-----------+-----------+-----------+-----------+-----------+-------------+-------------+-------------+-------------+-------------+-------------+-------------+
|               Metric              |  f0608:0:0  | f0608:1:1 | f0608:2:2 | f0608:3:3 | f0608:4:4 | f0608:5:5 | f0608:6:6 | f0608:7:7 | f0608:8:8 | f0608:9:9 | f0608:10:10 | f0608:11:11 | f0608:12:12 | f0608:13:13 | f0608:14:14 | f0608:15:15 | f0608:16:16 |
+-----------------------------------+-------------+-----------+-----------+-----------+-----------+-----------+-----------+-----------+-----------+-----------+-------------+-------------+-------------+-------------+-------------+-------------+-------------+
|        Runtime (RDTSC) [s]        |   2425.4240 | 2425.3870 | 2425.3860 | 2425.6410 | 2425.3930 | 2425.4590 | 2425.4200 | 2425.5390 | 2425.4090 | 2425.4420 |   2425.3860 |   2425.3900 |   2425.3870 |   2425.4230 |   2425.4080 |   2425.3880 |   2425.4080 |
|        Runtime unhalted [s]       |   2415.4086 | 2415.5492 | 2415.9963 | 2415.6724 | 2414.7370 | 2415.3868 | 2416.0844 | 2416.2731 | 2415.9548 | 2415.9553 |   2415.8660 |   2415.8154 |   2415.4063 |   2415.6429 |   2416.0117 |   2415.9922 |   2416.1069 |
|            Clock [MHz]            |   2394.2934 | 2394.3167 | 2394.3158 | 2394.0867 | 2394.3030 | 2394.2440 | 2394.2714 | 2394.1710 | 2394.3165 | 2394.3152 |   2394.3139 |   2394.3179 |   2394.3147 |   2394.3188 |   2394.3190 |   2394.3114 |   2394.2892 |
|                CPI                |      1.8390 |    1.8168 |    1.8366 |    1.8291 |    1.8394 |    1.8292 |    1.7634 |    1.8421 |    1.8122 |    1.8416 |      1.8155 |      1.8394 |      1.7800 |      1.8244 |      1.8383 |      1.7972 |      1.8373 |
|             Energy [J]            | 365712.6469 |         0 |         0 |         0 |         0 |         0 |         0 |         0 |         0 |         0 |           0 |           0 |           0 |           0 |           0 |           0 |           0 |
|             Power [W]             |    150.7830 |         0 |         0 |         0 |         0 |         0 |         0 |         0 |         0 |         0 |           0 |           0 |           0 |           0 |           0 |           0 |           0 |
|          Energy DRAM [J]          |  39276.5598 |         0 |         0 |         0 |         0 |         0 |         0 |         0 |         0 |         0 |           0 |           0 |           0 |           0 |           0 |           0 |           0 |
|           Power DRAM [W]          |     16.1937 |         0 |         0 |         0 |         0 |         0 |         0 |         0 |         0 |         0 |           0 |           0 |           0 |           0 |           0 |           0 |           0 |
|            DP [MFLOP/s]           |    936.4133 |  936.4273 |  936.4277 |  936.3292 |  936.4250 |  936.3995 |  936.4145 |  936.3686 |  936.4188 |  936.4061 |    936.4277 |    936.4261 |    936.4273 |    936.4134 |    936.4192 |    934.4842 |    934.4765 |
|          AVX DP [MFLOP/s]         |     81.8646 |   81.8658 |   81.8658 |   81.8572 |   81.8656 |   81.8634 |   81.8647 |   81.8607 |   81.8651 |   81.8639 |     81.8658 |     81.8657 |     81.8658 |     81.8646 |     81.8651 |     81.6960 |     81.6953 |
|          Packed [MUOPS/s]         |     10.2331 |   10.2332 |   10.2332 |   10.2322 |   10.2332 |   10.2329 |   10.2331 |   10.2326 |   10.2331 |   10.2330 |     10.2332 |     10.2332 |     10.2332 |     10.2331 |     10.2331 |     10.2120 |     10.2119 |
|          Scalar [MUOPS/s]         |    854.5488 |  854.5615 |  854.5618 |  854.4720 |  854.5594 |  854.5361 |  854.5499 |  854.5079 |  854.5537 |  854.5421 |    854.5618 |    854.5604 |    854.5615 |    854.5488 |    854.5541 |    852.7882 |    852.7811 |
|  Memory read bandwidth [MBytes/s] |  53579.0811 |         0 |         0 |         0 |         0 |         0 |         0 |         0 |         0 |         0 |           0 |           0 |           0 |           0 |           0 |           0 |           0 |
|  Memory read data volume [GBytes] | 129951.9893 |         0 |         0 |         0 |         0 |         0 |         0 |         0 |         0 |         0 |           0 |           0 |           0 |           0 |           0 |           0 |           0 |
| Memory write bandwidth [MBytes/s] |  22357.0658 |         0 |         0 |         0 |         0 |         0 |         0 |         0 |         0 |         0 |           0 |           0 |           0 |           0 |           0 |           0 |           0 |
| Memory write data volume [GBytes] |  54225.3639 |         0 |         0 |         0 |         0 |         0 |         0 |         0 |         0 |         0 |           0 |           0 |           0 |           0 |           0 |           0 |           0 |
|    Memory bandwidth [MBytes/s]    |  75936.1469 |         0 |         0 |         0 |         0 |         0 |         0 |         0 |         0 |         0 |           0 |           0 |           0 |           0 |           0 |           0 |           0 |
|    Memory data volume [GBytes]    | 184177.3531 |         0 |         0 |         0 |         0 |         0 |         0 |         0 |         0 |         0 |           0 |           0 |           0 |           0 |           0 |           0 |           0 |
|       Operational intensity       |      0.0123 |         0 |         0 |         0 |         0 |         0 |         0 |         0 |         0 |         0 |           0 |           0 |           0 |           0 |           0 |           0 |           0 |
+-----------------------------------+-------------+-----------+-----------+-----------+-----------+-----------+-----------+-----------+-----------+-----------+-------------+-------------+-------------+-------------+-------------+-------------+-------------+

+----------------------------------------+-------------+-----------+-------------+------------+-----------+-----------+-----------+
|                 Metric                 |     Sum     |    Min    |     Max     |     Avg    |  %ile 25  |  %ile 50  |  %ile 75  |
+----------------------------------------+-------------+-----------+-------------+------------+-----------+-----------+-----------+
|        Runtime (RDTSC) [s] STAT        |  41232.2900 | 2425.3860 |   2425.6410 |  2425.4288 | 2425.3870 | 2425.4080 | 2425.4240 |
|        Runtime unhalted [s] STAT       |  41067.8593 | 2414.7370 |   2416.2731 |  2415.7564 | 2415.4086 | 2415.8660 | 2415.9963 |
|            Clock [MHz] STAT            |  40702.8186 | 2394.0867 |   2394.3190 |  2394.2834 | 2394.2714 | 2394.3139 | 2394.3165 |
|                CPI STAT                |     30.9815 |    1.7634 |      1.8421 |     1.8224 |    1.8122 |    1.8292 |    1.8390 |
|             Energy [J] STAT            | 365712.6469 |         0 | 365712.6469 | 21512.5086 |         0 |         0 |         0 |
|             Power [W] STAT             |    150.7830 |         0 |    150.7830 |     8.8696 |         0 |         0 |         0 |
|          Energy DRAM [J] STAT          |  39276.5598 |         0 |  39276.5598 |  2310.3859 |         0 |         0 |         0 |
|           Power DRAM [W] STAT          |     16.1937 |         0 |     16.1937 |     0.9526 |         0 |         0 |         0 |
|            DP [MFLOP/s] STAT           |  15915.1044 |  934.4765 |    936.4277 |   936.1826 |  936.3686 |  936.4145 |  936.4261 |
|          AVX DP [MFLOP/s] STAT         |   1391.3551 |   81.6953 |     81.8658 |    81.8444 |   81.8607 |   81.8647 |   81.8657 |
|          Packed [MUOPS/s] STAT         |    173.9193 |   10.2119 |     10.2332 |    10.2305 |   10.2326 |   10.2331 |   10.2332 |
|          Scalar [MUOPS/s] STAT         |  14523.7491 |  852.7811 |    854.5618 |   854.3382 |  854.5079 |  854.5499 |  854.5604 |
|  Memory read bandwidth [MBytes/s] STAT |  53579.0811 |         0 |  53579.0811 |  3151.7107 |         0 |         0 |         0 |
|  Memory read data volume [GBytes] STAT | 129951.9893 |         0 | 129951.9893 |  7644.2347 |         0 |         0 |         0 |
| Memory write bandwidth [MBytes/s] STAT |  22357.0658 |         0 |  22357.0658 |  1315.1215 |         0 |         0 |         0 |
| Memory write data volume [GBytes] STAT |  54225.3639 |         0 |  54225.3639 |  3189.7273 |         0 |         0 |         0 |
|    Memory bandwidth [MBytes/s] STAT    |  75936.1469 |         0 |  75936.1469 |  4466.8322 |         0 |         0 |         0 |
|    Memory data volume [GBytes] STAT    | 184177.3531 |         0 | 184177.3531 | 10833.9619 |         0 |         0 |         0 |
|       Operational intensity STAT       |      0.0123 |         0 |      0.0123 |     0.0007 |         0 |         0 |         0 |
+----------------------------------------+-------------+-----------+-------------+------------+-----------+-----------+-----------+

