WARN: Cannot extract OpenMP vendor from executable or commandline, assuming no OpenMP
Successfully initialised 16 MPI ranks.
Opening tea.out as log file.

Timestep 1
Error: 			5.444659e-11

Timestep 2
Error: 			3.489730e-12

Timestep 3
Error: 			2.490417e-13

Timestep 4
Error: 			1.518109e-14

Timestep 5
Error: 			9.889992e-16

Checking results...
Expected 9.200337173020409e+01
Actual   9.200337173018585e+01
This run [32mPASSED[0m (Difference is within 0.00000000%)
Group: 1
+------------------------------------------+---------+----------------+----------------+----------------+----------------+----------------+----------------+----------------+----------------+----------------+----------------+----------------+----------------+----------------+----------------+----------------+----------------+
|                   Event                  | Counter |    f0608:0:0   |    f0608:1:1   |    f0608:2:2   |    f0608:3:3   |    f0608:4:4   |    f0608:5:5   |    f0608:6:6   |    f0608:7:7   |    f0608:8:8   |    f0608:9:9   |   f0608:10:10  |   f0608:11:11  |   f0608:12:12  |   f0608:13:13  |   f0608:14:14  |   f0608:15:15  |
+------------------------------------------+---------+----------------+----------------+----------------+----------------+----------------+----------------+----------------+----------------+----------------+----------------+----------------+----------------+----------------+----------------+----------------+----------------+
|             INSTR_RETIRED_ANY            |  FIXC0  |  3386195515053 |  3430896464639 |  3406247003593 |  3439738917232 |  3418908511037 |  3361294448143 |  3357443908769 |  3411457314859 |  3417453821433 |  3369942076015 |  3418746423559 |  3423543720229 |  3409722010530 |  3364302712663 |  3376952908298 |  3390468338436 |
|           CPU_CLK_UNHALTED_CORE          |  FIXC1  |  5851170228332 |  5853703454351 |  5854727069200 |  5854397336589 |  5855186846597 |  5854117460457 |  5854778889667 |  5855684901107 |  5855295621771 |  5855018528180 |  5854768745742 |  5854762060274 |  5853733209839 |  5855131592282 |  5854534193953 |  5855020331096 |
|           CPU_CLK_UNHALTED_REF           |  FIXC2  |  5851172245440 |  5853704438400 |  5854724773248 |  5854396519104 |  5855187408096 |  5854119578784 |  5854780222944 |  5855687668224 |  5855296259712 |  5855018274912 |  5854770979776 |  5854764406176 |  5853736013952 |  5855131451712 |  5854533719808 |  5855020898496 |
|               TOPDOWN_SLOTS              |  FIXC3  | 29255851141660 | 29268517271755 | 29273635346000 | 29271986682945 | 29275934232985 | 29270587302285 | 29273894448335 | 29278424505535 | 29276478108855 | 29275092640900 | 29273843728710 | 29273810301370 | 29268666049195 | 29275657961410 | 29272670969765 | 29275101655480 |
|              PWR_PKG_ENERGY              |   PWR0  |    365789.3716 |              0 |              0 |              0 |              0 |              0 |              0 |              0 |              0 |              0 |              0 |              0 |              0 |              0 |              0 |              0 |
|              PWR_DRAM_ENERGY             |   PWR3  |     39371.8817 |              0 |              0 |              0 |              0 |              0 |              0 |              0 |              0 |              0 |              0 |              0 |              0 |              0 |              0 |              0 |
| FP_ARITH_INST_RETIRED_128B_PACKED_DOUBLE |   PMC0  |              0 |              0 |              0 |              0 |              0 |              0 |              0 |              0 |              0 |              0 |              0 |              0 |              0 |              0 |              0 |              0 |
|    FP_ARITH_INST_RETIRED_SCALAR_DOUBLE   |   PMC1  |  2201645538827 |  2201645267575 |  2201645023533 |  2201645021167 |  2201645014449 |  2201645007901 |  2201645010691 |  2201645005377 |  2201645005217 |  2201645006465 |  2201645009917 |  2201644996967 |  2201645003125 |  2201645001363 |  2201645000333 |  2201644995381 |
| FP_ARITH_INST_RETIRED_256B_PACKED_DOUBLE |   PMC2  |              0 |              0 |              0 |              0 |              0 |              0 |              0 |              0 |              0 |              0 |              0 |              0 |              0 |              0 |              0 |              0 |
| FP_ARITH_INST_RETIRED_512B_PACKED_DOUBLE |   PMC3  |    26402910405 |    26402910407 |    26402910407 |    26402910407 |    26402910407 |    26402910407 |    26402910407 |    26402910407 |    26402910407 |    26402910407 |    26402910407 |    26402910407 |    26402910407 |    26402910407 |    26402910407 |    26402910407 |
|               CAS_COUNT_RD               | MBOX0C0 |   509959290819 |              0 |              0 |              0 |              0 |              0 |              0 |              0 |              0 |              0 |              0 |              0 |              0 |              0 |              0 |              0 |
|               CAS_COUNT_WR               | MBOX0C1 |   211169253321 |              0 |              0 |              0 |              0 |              0 |              0 |              0 |              0 |              0 |              0 |              0 |              0 |              0 |              0 |              0 |
|               CAS_COUNT_RD               | MBOX1C0 |   509900237460 |              0 |              0 |              0 |              0 |              0 |              0 |              0 |              0 |              0 |              0 |              0 |              0 |              0 |              0 |              0 |
|               CAS_COUNT_WR               | MBOX1C1 |   211148875773 |              0 |              0 |              0 |              0 |              0 |              0 |              0 |              0 |              0 |              0 |              0 |              0 |              0 |              0 |              0 |
|               CAS_COUNT_RD               | MBOX2C0 |   510125717634 |              0 |              0 |              0 |              0 |              0 |              0 |              0 |              0 |              0 |              0 |              0 |              0 |              0 |              0 |              0 |
|               CAS_COUNT_WR               | MBOX2C1 |   211153103663 |              0 |              0 |              0 |              0 |              0 |              0 |              0 |              0 |              0 |              0 |              0 |              0 |              0 |              0 |              0 |
|               CAS_COUNT_RD               | MBOX3C0 |   510046048675 |              0 |              0 |              0 |              0 |              0 |              0 |              0 |              0 |              0 |              0 |              0 |              0 |              0 |              0 |              0 |
|               CAS_COUNT_WR               | MBOX3C1 |   211151828582 |              0 |              0 |              0 |              0 |              0 |              0 |              0 |              0 |              0 |              0 |              0 |              0 |              0 |              0 |              0 |
|               CAS_COUNT_RD               | MBOX4C0 |       10749792 |              0 |              0 |              0 |              0 |              0 |              0 |              0 |              0 |              0 |              0 |              0 |              0 |              0 |              0 |              0 |
|               CAS_COUNT_WR               | MBOX4C1 |       11698657 |              0 |              0 |              0 |              0 |              0 |              0 |              0 |              0 |              0 |              0 |              0 |              0 |              0 |              0 |              0 |
|               CAS_COUNT_RD               | MBOX5C0 |       10682083 |              0 |              0 |              0 |              0 |              0 |              0 |              0 |              0 |              0 |              0 |              0 |              0 |              0 |              0 |              0 |
|               CAS_COUNT_WR               | MBOX5C1 |       11672420 |              0 |              0 |              0 |              0 |              0 |              0 |              0 |              0 |              0 |              0 |              0 |              0 |              0 |              0 |              0 |
|               CAS_COUNT_RD               | MBOX6C0 |       10924137 |              0 |              0 |              0 |              0 |              0 |              0 |              0 |              0 |              0 |              0 |              0 |              0 |              0 |              0 |              0 |
|               CAS_COUNT_WR               | MBOX6C1 |       11974115 |              0 |              0 |              0 |              0 |              0 |              0 |              0 |              0 |              0 |              0 |              0 |              0 |              0 |              0 |              0 |
|               CAS_COUNT_RD               | MBOX7C0 |       10648225 |              0 |              0 |              0 |              0 |              0 |              0 |              0 |              0 |              0 |              0 |              0 |              0 |              0 |              0 |              0 |
|               CAS_COUNT_WR               | MBOX7C1 |       11703611 |              0 |              0 |              0 |              0 |              0 |              0 |              0 |              0 |              0 |              0 |              0 |              0 |              0 |              0 |              0 |
+------------------------------------------+---------+----------------+----------------+----------------+----------------+----------------+----------------+----------------+----------------+----------------+----------------+----------------+----------------+----------------+----------------+----------------+----------------+

+-----------------------------------------------+---------+-----------------+----------------+----------------+---------------+
|                     Event                     | Counter |       Sum       |       Min      |       Max      |      Avg      |
+-----------------------------------------------+---------+-----------------+----------------+----------------+---------------+
|             INSTR_RETIRED_ANY STAT            |  FIXC0  |  54383314094488 |  3357443908769 |  3439738917232 |  3.398957e+12 |
|           CPU_CLK_UNHALTED_CORE STAT          |  FIXC1  |  93672030469437 |  5851170228332 |  5855684901107 |  5.854502e+12 |
|           CPU_CLK_UNHALTED_REF STAT           |  FIXC2  |  93672044858784 |  5851172245440 |  5855687668224 | 5854502803674 |
|               TOPDOWN_SLOTS STAT              |  FIXC3  | 468360152347185 | 29255851141660 | 29278424505535 |      nil      |
|              PWR_PKG_ENERGY STAT              |   PWR0  |     365789.3716 |              0 |    365789.3716 |    22861.8357 |
|              PWR_DRAM_ENERGY STAT             |   PWR3  |      39371.8817 |              0 |     39371.8817 |     2460.7426 |
| FP_ARITH_INST_RETIRED_128B_PACKED_DOUBLE STAT |   PMC0  |               0 |              0 |              0 |             0 |
|    FP_ARITH_INST_RETIRED_SCALAR_DOUBLE STAT   |   PMC1  |  35226320908288 |  2201644995381 |  2201645538827 | 2201645056768 |
| FP_ARITH_INST_RETIRED_256B_PACKED_DOUBLE STAT |   PMC2  |               0 |              0 |              0 |             0 |
| FP_ARITH_INST_RETIRED_512B_PACKED_DOUBLE STAT |   PMC3  |    422446566510 |    26402910405 |    26402910407 |  2.640291e+10 |
|               CAS_COUNT_RD STAT               | MBOX0C0 |    509959290819 |              0 |   509959290819 |  3.187246e+10 |
|               CAS_COUNT_WR STAT               | MBOX0C1 |    211169253321 |              0 |   211169253321 |  1.319808e+10 |
|               CAS_COUNT_RD STAT               | MBOX1C0 |    509900237460 |              0 |   509900237460 |  3.186876e+10 |
|               CAS_COUNT_WR STAT               | MBOX1C1 |    211148875773 |              0 |   211148875773 |  1.319680e+10 |
|               CAS_COUNT_RD STAT               | MBOX2C0 |    510125717634 |              0 |   510125717634 |  3.188286e+10 |
|               CAS_COUNT_WR STAT               | MBOX2C1 |    211153103663 |              0 |   211153103663 |  1.319707e+10 |
|               CAS_COUNT_RD STAT               | MBOX3C0 |    510046048675 |              0 |   510046048675 |  3.187788e+10 |
|               CAS_COUNT_WR STAT               | MBOX3C1 |    211151828582 |              0 |   211151828582 |  1.319699e+10 |
|               CAS_COUNT_RD STAT               | MBOX4C0 |        10749792 |              0 |       10749792 |        671862 |
|               CAS_COUNT_WR STAT               | MBOX4C1 |        11698657 |              0 |       11698657 |   731166.0625 |
|               CAS_COUNT_RD STAT               | MBOX5C0 |        10682083 |              0 |       10682083 |   667630.1875 |
|               CAS_COUNT_WR STAT               | MBOX5C1 |        11672420 |              0 |       11672420 |   729526.2500 |
|               CAS_COUNT_RD STAT               | MBOX6C0 |        10924137 |              0 |       10924137 |   682758.5625 |
|               CAS_COUNT_WR STAT               | MBOX6C1 |        11974115 |              0 |       11974115 |   748382.1875 |
|               CAS_COUNT_RD STAT               | MBOX7C0 |        10648225 |              0 |       10648225 |   665514.0625 |
|               CAS_COUNT_WR STAT               | MBOX7C1 |        11703611 |              0 |       11703611 |   731475.6875 |
+-----------------------------------------------+---------+-----------------+----------------+----------------+---------------+

+-----------------------------------+-------------+-----------+-----------+-----------+-----------+-----------+-----------+-----------+-----------+-----------+-------------+-------------+-------------+-------------+-------------+-------------+
|               Metric              |  f0608:0:0  | f0608:1:1 | f0608:2:2 | f0608:3:3 | f0608:4:4 | f0608:5:5 | f0608:6:6 | f0608:7:7 | f0608:8:8 | f0608:9:9 | f0608:10:10 | f0608:11:11 | f0608:12:12 | f0608:13:13 | f0608:14:14 | f0608:15:15 |
+-----------------------------------+-------------+-----------+-----------+-----------+-----------+-----------+-----------+-----------+-----------+-----------+-------------+-------------+-------------+-------------+-------------+-------------+
|        Runtime (RDTSC) [s]        |   2453.8400 | 2453.7590 | 2453.7640 | 2453.7720 | 2453.8310 | 2453.7830 | 2453.7610 | 2453.8020 | 2453.8310 | 2453.7620 |   2454.0450 |   2454.1790 |   2453.7890 |   2453.8250 |   2453.7700 |   2454.0640 |
|        Runtime unhalted [s]       |   2443.8677 | 2444.8340 | 2445.2629 | 2445.1211 | 2445.4590 | 2445.0067 | 2445.2826 | 2445.6605 | 2445.5002 | 2445.3837 |   2445.5347 |   2445.6666 |   2444.8470 |   2445.4340 |   2445.1827 |   2445.6650 |
|            Clock [MHz]            |   2394.2246 | 2394.3149 | 2394.3148 | 2394.3183 | 2394.3097 | 2394.3146 | 2394.3153 | 2394.3152 | 2394.3138 | 2394.3150 |   2394.0640 |   2393.9321 |   2394.3135 |   2394.3119 |   2394.3138 |   2394.0399 |
|                CPI                |      1.7279 |    1.7062 |    1.7188 |    1.7020 |    1.7126 |    1.7416 |    1.7438 |    1.7165 |    1.7134 |    1.7374 |      1.7125 |      1.7101 |      1.7168 |      1.7404 |      1.7337 |      1.7269 |
|             Energy [J]            | 365789.3716 |         0 |         0 |         0 |         0 |         0 |         0 |         0 |         0 |         0 |           0 |           0 |           0 |           0 |           0 |           0 |
|             Power [W]             |    149.0681 |         0 |         0 |         0 |         0 |         0 |         0 |         0 |         0 |         0 |           0 |           0 |           0 |           0 |           0 |           0 |
|          Energy DRAM [J]          |  39371.8817 |         0 |         0 |         0 |         0 |         0 |         0 |         0 |         0 |         0 |           0 |           0 |           0 |           0 |           0 |           0 |
|           Power DRAM [W]          |     16.0450 |         0 |         0 |         0 |         0 |         0 |         0 |         0 |         0 |         0 |           0 |           0 |           0 |           0 |           0 |           0 |
|            DP [MFLOP/s]           |    983.3032 |  983.3356 |  983.3335 |  983.3303 |  983.3066 |  983.3259 |  983.3347 |  983.3183 |  983.3066 |  983.3343 |    983.2209 |    983.1672 |    983.3235 |    983.3090 |    983.3311 |    983.2133 |
|          AVX DP [MFLOP/s]         |     86.0787 |   86.0815 |   86.0813 |   86.0811 |   86.0790 |   86.0807 |   86.0814 |   86.0800 |   86.0790 |   86.0814 |     86.0715 |     86.0668 |     86.0805 |     86.0792 |     86.0811 |     86.0708 |
|          Packed [MUOPS/s]         |     10.7598 |   10.7602 |   10.7602 |   10.7601 |   10.7599 |   10.7601 |   10.7602 |   10.7600 |   10.7599 |   10.7602 |     10.7589 |     10.7583 |     10.7601 |     10.7599 |     10.7601 |     10.7589 |
|          Scalar [MUOPS/s]         |    897.2246 |  897.2541 |  897.2521 |  897.2492 |  897.2276 |  897.2452 |  897.2532 |  897.2382 |  897.2276 |  897.2529 |    897.1494 |    897.1004 |    897.2430 |    897.2298 |    897.2499 |    897.1425 |
|  Memory read bandwidth [MBytes/s] |  53208.3409 |         0 |         0 |         0 |         0 |         0 |         0 |         0 |         0 |         0 |           0 |           0 |           0 |           0 |           0 |           0 |
|  Memory read data volume [GBytes] | 130564.7551 |         0 |         0 |         0 |         0 |         0 |         0 |         0 |         0 |         0 |           0 |           0 |           0 |           0 |           0 |           0 |
| Memory write bandwidth [MBytes/s] |  22030.3227 |         0 |         0 |         0 |         0 |         0 |         0 |         0 |         0 |         0 |           0 |           0 |           0 |           0 |           0 |           0 |
| Memory write data volume [GBytes] |  54058.8870 |         0 |         0 |         0 |         0 |         0 |         0 |         0 |         0 |         0 |           0 |           0 |           0 |           0 |           0 |           0 |
|    Memory bandwidth [MBytes/s]    |  75238.6636 |         0 |         0 |         0 |         0 |         0 |         0 |         0 |         0 |         0 |           0 |           0 |           0 |           0 |           0 |           0 |
|    Memory data volume [GBytes]    | 184623.6422 |         0 |         0 |         0 |         0 |         0 |         0 |         0 |         0 |         0 |           0 |           0 |           0 |           0 |           0 |           0 |
|       Operational intensity       |      0.0131 |         0 |         0 |         0 |         0 |         0 |         0 |         0 |         0 |         0 |           0 |           0 |           0 |           0 |           0 |           0 |
+-----------------------------------+-------------+-----------+-----------+-----------+-----------+-----------+-----------+-----------+-----------+-----------+-------------+-------------+-------------+-------------+-------------+-------------+

+----------------------------------------+-------------+-----------+-------------+------------+-----------+-----------+-----------+
|                 Metric                 |     Sum     |    Min    |     Max     |     Avg    |  %ile 25  |  %ile 50  |  %ile 75  |
+----------------------------------------+-------------+-----------+-------------+------------+-----------+-----------+-----------+
|        Runtime (RDTSC) [s] STAT        |  39261.5770 | 2453.7590 |   2454.1790 |  2453.8486 | 2453.7640 | 2453.7890 | 2453.8310 |
|        Runtime unhalted [s] STAT       |  39123.7084 | 2443.8677 |   2445.6666 |  2445.2318 | 2445.0067 | 2445.2826 | 2445.5002 |
|            Clock [MHz] STAT            |  38308.0314 | 2393.9321 |   2394.3183 |  2394.2520 | 2394.2246 | 2394.3138 | 2394.3149 |
|                CPI STAT                |     27.5606 |    1.7020 |      1.7438 |     1.7225 |    1.7125 |    1.7168 |    1.7337 |
|             Energy [J] STAT            | 365789.3716 |         0 | 365789.3716 | 22861.8357 |         0 |         0 |         0 |
|             Power [W] STAT             |    149.0681 |         0 |    149.0681 |     9.3168 |         0 |         0 |         0 |
|          Energy DRAM [J] STAT          |  39371.8817 |         0 |  39371.8817 |  2460.7426 |         0 |         0 |         0 |
|           Power DRAM [W] STAT          |     16.0450 |         0 |     16.0450 |     1.0028 |         0 |         0 |         0 |
|            DP [MFLOP/s] STAT           |  15732.7940 |  983.1672 |    983.3356 |   983.2996 |  983.3032 |  983.3183 |  983.3311 |
|          AVX DP [MFLOP/s] STAT         |   1377.2540 |   86.0668 |     86.0815 |    86.0784 |   86.0787 |   86.0800 |   86.0811 |
|          Packed [MUOPS/s] STAT         |    172.1568 |   10.7583 |     10.7602 |    10.7598 |   10.7598 |   10.7600 |   10.7601 |
|          Scalar [MUOPS/s] STAT         |  14355.5397 |  897.1004 |    897.2541 |   897.2212 |  897.2246 |  897.2382 |  897.2499 |
|  Memory read bandwidth [MBytes/s] STAT |  53208.3409 |         0 |  53208.3409 |  3325.5213 |         0 |         0 |         0 |
|  Memory read data volume [GBytes] STAT | 130564.7551 |         0 | 130564.7551 |  8160.2972 |         0 |         0 |         0 |
| Memory write bandwidth [MBytes/s] STAT |  22030.3227 |         0 |  22030.3227 |  1376.8952 |         0 |         0 |         0 |
| Memory write data volume [GBytes] STAT |  54058.8870 |         0 |  54058.8870 |  3378.6804 |         0 |         0 |         0 |
|    Memory bandwidth [MBytes/s] STAT    |  75238.6636 |         0 |  75238.6636 |  4702.4165 |         0 |         0 |         0 |
|    Memory data volume [GBytes] STAT    | 184623.6422 |         0 | 184623.6422 | 11538.9776 |         0 |         0 |         0 |
|       Operational intensity STAT       |      0.0131 |         0 |      0.0131 |     0.0008 |         0 |         0 |         0 |
+----------------------------------------+-------------+-----------+-------------+------------+-----------+-----------+-----------+

