WARN: Cannot extract OpenMP vendor from executable or commandline, assuming no OpenMP
Successfully initialised 19 MPI ranks.
Opening tea.out as log file.

Timestep 1
Error: 			5.444659e-11

Timestep 2
Error: 			3.489730e-12

Timestep 3
Error: 			2.490437e-13

Timestep 4
Error: 			1.518613e-14

Timestep 5
Error: 			9.874688e-16

Checking results...
Expected 9.200337173020409e+01
Actual   9.200337173017142e+01
This run [32mPASSED[0m (Difference is within 0.00000000%)
Group: 1
+------------------------------------------+---------+----------------+----------------+----------------+----------------+----------------+----------------+----------------+----------------+----------------+----------------+----------------+----------------+----------------+----------------+----------------+----------------+----------------+----------------+----------------+
|                   Event                  | Counter |    f0608:0:0   |    f0608:1:1   |    f0608:2:2   |    f0608:3:3   |    f0608:4:4   |    f0608:5:5   |    f0608:6:6   |    f0608:7:7   |    f0608:8:8   |    f0608:9:9   |   f0608:10:10  |   f0608:11:11  |   f0608:12:12  |   f0608:13:13  |   f0608:14:14  |   f0608:15:15  |   f0608:16:16  |   f0608:17:17  |   f0608:18:18  |
+------------------------------------------+---------+----------------+----------------+----------------+----------------+----------------+----------------+----------------+----------------+----------------+----------------+----------------+----------------+----------------+----------------+----------------+----------------+----------------+----------------+----------------+
|             INSTR_RETIRED_ANY            |  FIXC0  |  2821348439205 |  2824037749746 |  2924349237594 |  2808686040999 |  2848980624797 |  2853615476421 |  2809842387938 |  2841617533765 |  2818430180200 |  2833956039728 |  2821512459948 |  2834054874608 |  2846541660655 |  2808763538159 |  2856642905858 |  2812083826996 |  2828509302856 |  2810767821861 |  6409512401905 |
|           CPU_CLK_UNHALTED_CORE          |  FIXC1  |  5476041005544 |  5478173963656 |  5476620494747 |  5479363074196 |  5476982799510 |  5478468743172 |  5478078930967 |  5478887858001 |  5478905316443 |  5477105748484 |  5476720741324 |  5476764902341 |  5476591745555 |  5476943441233 |  5477997110454 |  5476105853898 |  5478147987538 |  5478186867043 |  5491237455519 |
|           CPU_CLK_UNHALTED_REF           |  FIXC2  |  5476045941120 |  5478174725856 |  5476621795680 |  5479363710720 |  5476983983232 |  5478468808128 |  5478080147616 |  5478888262176 |  5478905795232 |  5477107739808 |  5476723688832 |  5476768381248 |  5476595915712 |  5476946112864 |  5477997852288 |  5476108613376 |  5478151881696 |  5478191989344 |  5491222287936 |
|               TOPDOWN_SLOTS              |  FIXC3  | 27380205027720 | 27390869818280 | 27383102473735 | 27396815370980 | 27384913997550 | 27392343715860 | 27390394654835 | 27394439290005 | 27394526582215 | 27385528742420 | 27383603706620 | 27383824511705 | 27382958727775 | 27384717206165 | 27389985552270 | 27380529269490 | 27390739937690 | 27390934335215 | 27456187277595 |
|              PWR_PKG_ENERGY              |   PWR0  |    357225.9942 |              0 |              0 |              0 |              0 |              0 |              0 |              0 |              0 |              0 |              0 |              0 |              0 |              0 |              0 |              0 |              0 |              0 |              0 |
|              PWR_DRAM_ENERGY             |   PWR3  |     38367.1285 |              0 |              0 |              0 |              0 |              0 |              0 |              0 |              0 |              0 |              0 |              0 |              0 |              0 |              0 |              0 |              0 |              0 |              0 |
| FP_ARITH_INST_RETIRED_128B_PACKED_DOUBLE |   PMC0  |              0 |              0 |              0 |              0 |              0 |              0 |              0 |              0 |              0 |              0 |              0 |              0 |              0 |              0 |              0 |              0 |              0 |              0 |              0 |
|    FP_ARITH_INST_RETIRED_SCALAR_DOUBLE   |   PMC1  |  1857638488220 |  1857638383482 |  1857637974219 |  1853337882530 |  1853337879418 |  1853337875966 |  1853337885010 |  1853337876988 |  1853337876896 |  1853337867548 |  1853337876798 |  1853337863988 |  1853337858766 |  1853337869246 |  1853337879962 |  1853337857726 |  1853337861164 |  1853337852868 |  1853337870832 |
| FP_ARITH_INST_RETIRED_256B_PACKED_DOUBLE |   PMC2  |              0 |              0 |              0 |              0 |              0 |              0 |              0 |              0 |              0 |              0 |              0 |              0 |              0 |              0 |              0 |              0 |              0 |              0 |              0 |
| FP_ARITH_INST_RETIRED_512B_PACKED_DOUBLE |   PMC3  |    22244908925 |    22244908925 |    22244908925 |    22193441529 |    22193441529 |    22193441529 |    22193441529 |    22193441529 |    22193441529 |    22193441529 |    22193441529 |    22193441529 |    22193441529 |    22193441529 |    22193441529 |    22193441529 |    22193441529 |    22193441529 |    22193441529 |
|               CAS_COUNT_RD               | MBOX0C0 |   478403464458 |              0 |              0 |              0 |              0 |              0 |              0 |              0 |              0 |              0 |              0 |              0 |              0 |              0 |              0 |              0 |              0 |              0 |              0 |
|               CAS_COUNT_WR               | MBOX0C1 |   200939685466 |              0 |              0 |              0 |              0 |              0 |              0 |              0 |              0 |              0 |              0 |              0 |              0 |              0 |              0 |              0 |              0 |              0 |              0 |
|               CAS_COUNT_RD               | MBOX1C0 |   478399738122 |              0 |              0 |              0 |              0 |              0 |              0 |              0 |              0 |              0 |              0 |              0 |              0 |              0 |              0 |              0 |              0 |              0 |              0 |
|               CAS_COUNT_WR               | MBOX1C1 |   200927245936 |              0 |              0 |              0 |              0 |              0 |              0 |              0 |              0 |              0 |              0 |              0 |              0 |              0 |              0 |              0 |              0 |              0 |              0 |
|               CAS_COUNT_RD               | MBOX2C0 |   478514246223 |              0 |              0 |              0 |              0 |              0 |              0 |              0 |              0 |              0 |              0 |              0 |              0 |              0 |              0 |              0 |              0 |              0 |              0 |
|               CAS_COUNT_WR               | MBOX2C1 |   200936057613 |              0 |              0 |              0 |              0 |              0 |              0 |              0 |              0 |              0 |              0 |              0 |              0 |              0 |              0 |              0 |              0 |              0 |              0 |
|               CAS_COUNT_RD               | MBOX3C0 |   478463075403 |              0 |              0 |              0 |              0 |              0 |              0 |              0 |              0 |              0 |              0 |              0 |              0 |              0 |              0 |              0 |              0 |              0 |              0 |
|               CAS_COUNT_WR               | MBOX3C1 |   200938681901 |              0 |              0 |              0 |              0 |              0 |              0 |              0 |              0 |              0 |              0 |              0 |              0 |              0 |              0 |              0 |              0 |              0 |              0 |
|               CAS_COUNT_RD               | MBOX4C0 |    21230473314 |              0 |              0 |              0 |              0 |              0 |              0 |              0 |              0 |              0 |              0 |              0 |              0 |              0 |              0 |              0 |              0 |              0 |              0 |
|               CAS_COUNT_WR               | MBOX4C1 |     9394935370 |              0 |              0 |              0 |              0 |              0 |              0 |              0 |              0 |              0 |              0 |              0 |              0 |              0 |              0 |              0 |              0 |              0 |              0 |
|               CAS_COUNT_RD               | MBOX5C0 |    21219680281 |              0 |              0 |              0 |              0 |              0 |              0 |              0 |              0 |              0 |              0 |              0 |              0 |              0 |              0 |              0 |              0 |              0 |              0 |
|               CAS_COUNT_WR               | MBOX5C1 |     9392084748 |              0 |              0 |              0 |              0 |              0 |              0 |              0 |              0 |              0 |              0 |              0 |              0 |              0 |              0 |              0 |              0 |              0 |              0 |
|               CAS_COUNT_RD               | MBOX6C0 |    21232901674 |              0 |              0 |              0 |              0 |              0 |              0 |              0 |              0 |              0 |              0 |              0 |              0 |              0 |              0 |              0 |              0 |              0 |              0 |
|               CAS_COUNT_WR               | MBOX6C1 |     9397119228 |              0 |              0 |              0 |              0 |              0 |              0 |              0 |              0 |              0 |              0 |              0 |              0 |              0 |              0 |              0 |              0 |              0 |              0 |
|               CAS_COUNT_RD               | MBOX7C0 |    21245472678 |              0 |              0 |              0 |              0 |              0 |              0 |              0 |              0 |              0 |              0 |              0 |              0 |              0 |              0 |              0 |              0 |              0 |              0 |
|               CAS_COUNT_WR               | MBOX7C1 |     9400320744 |              0 |              0 |              0 |              0 |              0 |              0 |              0 |              0 |              0 |              0 |              0 |              0 |              0 |              0 |              0 |              0 |              0 |              0 |
+------------------------------------------+---------+----------------+----------------+----------------+----------------+----------------+----------------+----------------+----------------+----------------+----------------+----------------+----------------+----------------+----------------+----------------+----------------+----------------+----------------+----------------+

+-----------------------------------------------+---------+-----------------+----------------+----------------+--------------+
|                     Event                     | Counter |       Sum       |       Min      |       Max      |      Avg     |
+-----------------------------------------------+---------+-----------------+----------------+----------------+--------------+
|             INSTR_RETIRED_ANY STAT            |  FIXC0  |  57413252503239 |  2808686040999 |  6409512401905 | 3.021750e+12 |
|           CPU_CLK_UNHALTED_CORE STAT          |  FIXC1  | 104087324039625 |  5476041005544 |  5491237455519 | 5.478280e+12 |
|           CPU_CLK_UNHALTED_REF STAT           |  FIXC2  | 104087347632864 |  5476045941120 |  5491222287936 | 5.478281e+12 |
|               TOPDOWN_SLOTS STAT              |  FIXC3  | 520436620198125 | 27380205027720 | 27456187277595 |      nil     |
|              PWR_PKG_ENERGY STAT              |   PWR0  |     357225.9942 |              0 |    357225.9942 |   18801.3681 |
|              PWR_DRAM_ENERGY STAT             |   PWR3  |      38367.1285 |              0 |     38367.1285 |    2019.3226 |
| FP_ARITH_INST_RETIRED_128B_PACKED_DOUBLE STAT |   PMC0  |               0 |              0 |              0 |            0 |
|    FP_ARITH_INST_RETIRED_SCALAR_DOUBLE STAT   |   PMC1  |  35226320781627 |  1853337852868 |  1857638488220 | 1.854017e+12 |
| FP_ARITH_INST_RETIRED_256B_PACKED_DOUBLE STAT |   PMC2  |               0 |              0 |              0 |            0 |
| FP_ARITH_INST_RETIRED_512B_PACKED_DOUBLE STAT |   PMC3  |    421829791239 |    22193441529 |    22244908925 | 2.220157e+10 |
|               CAS_COUNT_RD STAT               | MBOX0C0 |    478403464458 |              0 |   478403464458 | 2.517913e+10 |
|               CAS_COUNT_WR STAT               | MBOX0C1 |    200939685466 |              0 |   200939685466 | 1.057577e+10 |
|               CAS_COUNT_RD STAT               | MBOX1C0 |    478399738122 |              0 |   478399738122 | 2.517893e+10 |
|               CAS_COUNT_WR STAT               | MBOX1C1 |    200927245936 |              0 |   200927245936 | 1.057512e+10 |
|               CAS_COUNT_RD STAT               | MBOX2C0 |    478514246223 |              0 |   478514246223 | 2.518496e+10 |
|               CAS_COUNT_WR STAT               | MBOX2C1 |    200936057613 |              0 |   200936057613 | 1.057558e+10 |
|               CAS_COUNT_RD STAT               | MBOX3C0 |    478463075403 |              0 |   478463075403 | 2.518227e+10 |
|               CAS_COUNT_WR STAT               | MBOX3C1 |    200938681901 |              0 |   200938681901 | 1.057572e+10 |
|               CAS_COUNT_RD STAT               | MBOX4C0 |     21230473314 |              0 |    21230473314 | 1.117393e+09 |
|               CAS_COUNT_WR STAT               | MBOX4C1 |      9394935370 |              0 |     9394935370 | 4.944703e+08 |
|               CAS_COUNT_RD STAT               | MBOX5C0 |     21219680281 |              0 |    21219680281 | 1.116825e+09 |
|               CAS_COUNT_WR STAT               | MBOX5C1 |      9392084748 |              0 |     9392084748 | 4.943202e+08 |
|               CAS_COUNT_RD STAT               | MBOX6C0 |     21232901674 |              0 |    21232901674 | 1.117521e+09 |
|               CAS_COUNT_WR STAT               | MBOX6C1 |      9397119228 |              0 |     9397119228 | 4.945852e+08 |
|               CAS_COUNT_RD STAT               | MBOX7C0 |     21245472678 |              0 |    21245472678 | 1.118183e+09 |
|               CAS_COUNT_WR STAT               | MBOX7C1 |      9400320744 |              0 |     9400320744 | 4.947537e+08 |
+-----------------------------------------------+---------+-----------------+----------------+----------------+--------------+

+-----------------------------------+-------------+-----------+-----------+-----------+-----------+-----------+-----------+-----------+-----------+-----------+-------------+-------------+-------------+-------------+-------------+-------------+-------------+-------------+-------------+
|               Metric              |  f0608:0:0  | f0608:1:1 | f0608:2:2 | f0608:3:3 | f0608:4:4 | f0608:5:5 | f0608:6:6 | f0608:7:7 | f0608:8:8 | f0608:9:9 | f0608:10:10 | f0608:11:11 | f0608:12:12 | f0608:13:13 | f0608:14:14 | f0608:15:15 | f0608:16:16 | f0608:17:17 | f0608:18:18 |
+-----------------------------------+-------------+-----------+-----------+-----------+-----------+-----------+-----------+-----------+-----------+-----------+-------------+-------------+-------------+-------------+-------------+-------------+-------------+-------------+-------------+
|        Runtime (RDTSC) [s]        |   2298.5630 | 2298.5580 | 2298.5480 | 2298.5510 | 2298.5710 | 2298.5620 | 2298.5590 | 2298.9630 | 2298.5690 | 2298.8560 |   2298.5400 |   2298.8930 |   2298.7030 |   2298.5420 |   2298.5510 |   2298.5670 |   2298.5400 |   2298.5560 |   2298.5440 |
|        Runtime unhalted [s]       |   2287.1044 | 2287.9947 | 2287.3435 | 2288.4846 | 2287.4931 | 2288.1160 | 2287.9564 | 2288.6896 | 2288.2970 | 2287.8466 |   2287.3873 |   2287.7489 |   2287.4836 |   2287.4759 |   2287.9173 |   2287.1289 |   2287.9833 |   2287.9932 |   2293.4453 |
|            Clock [MHz]            |   2394.3097 | 2394.3120 | 2394.3143 | 2394.3191 | 2394.3162 | 2394.3143 | 2394.3103 | 2393.8972 | 2394.3154 | 2393.9995 |   2394.3115 |   2393.9521 |   2394.1538 |   2394.3163 |   2394.3157 |   2394.3133 |   2394.3112 |   2394.3174 |   2394.3246 |
|                CPI                |      1.9409 |    1.9398 |    1.8728 |    1.9509 |    1.9224 |    1.9198 |    1.9496 |    1.9281 |    1.9440 |    1.9327 |      1.9411 |      1.9325 |      1.9239 |      1.9499 |      1.9176 |      1.9473 |      1.9368 |      1.9490 |      0.8567 |
|             Energy [J]            | 357225.9942 |         0 |         0 |         0 |         0 |         0 |         0 |         0 |         0 |         0 |           0 |           0 |           0 |           0 |           0 |           0 |           0 |           0 |           0 |
|             Power [W]             |    155.4127 |         0 |         0 |         0 |         0 |         0 |         0 |         0 |         0 |         0 |           0 |           0 |           0 |           0 |           0 |           0 |           0 |           0 |           0 |
|          Energy DRAM [J]          |  38367.1285 |         0 |         0 |         0 |         0 |         0 |         0 |         0 |         0 |         0 |           0 |           0 |           0 |           0 |           0 |           0 |           0 |           0 |           0 |
|           Power DRAM [W]          |     16.6918 |         0 |         0 |         0 |         0 |         0 |         0 |         0 |         0 |         0 |           0 |           0 |           0 |           0 |           0 |           0 |           0 |           0 |           0 |
|            DP [MFLOP/s]           |    885.5958 |  885.5977 |  885.6014 |  883.5503 |  883.5426 |  883.5461 |  883.5472 |  883.3920 |  883.5434 |  883.4331 |    883.5545 |    883.4188 |    883.4919 |    883.5537 |    883.5503 |    883.5441 |    883.5545 |    883.5484 |    883.5530 |
|          AVX DP [MFLOP/s]         |     77.4220 |   77.4221 |   77.4225 |   77.2432 |   77.2426 |   77.2429 |   77.2430 |   77.2294 |   77.2426 |   77.2330 |     77.2436 |     77.2318 |     77.2381 |     77.2435 |     77.2432 |     77.2427 |     77.2436 |     77.2431 |     77.2435 |
|          Packed [MUOPS/s]         |      9.6777 |    9.6778 |    9.6778 |    9.6554 |    9.6553 |    9.6554 |    9.6554 |    9.6537 |    9.6553 |    9.6541 |      9.6555 |      9.6540 |      9.6548 |      9.6554 |      9.6554 |      9.6553 |      9.6555 |      9.6554 |      9.6554 |
|          Scalar [MUOPS/s]         |    808.1738 |  808.1756 |  808.1789 |  806.3071 |  806.3000 |  806.3032 |  806.3042 |  806.1626 |  806.3007 |  806.2001 |    806.3109 |    806.1871 |    806.2537 |    806.3102 |    806.3071 |    806.3014 |    806.3109 |    806.3053 |    806.3095 |
|  Memory read bandwidth [MBytes/s] |  55651.0217 |         0 |         0 |         0 |         0 |         0 |         0 |         0 |         0 |         0 |           0 |           0 |           0 |           0 |           0 |           0 |           0 |           0 |           0 |
|  Memory read data volume [GBytes] | 127917.3793 |         0 |         0 |         0 |         0 |         0 |         0 |         0 |         0 |         0 |           0 |           0 |           0 |           0 |           0 |           0 |           0 |           0 |           0 |
| Memory write bandwidth [MBytes/s] |  23425.4499 |         0 |         0 |         0 |         0 |         0 |         0 |         0 |         0 |         0 |           0 |           0 |           0 |           0 |           0 |           0 |           0 |           0 |           0 |
| Memory write data volume [GBytes] |  53844.8724 |         0 |         0 |         0 |         0 |         0 |         0 |         0 |         0 |         0 |           0 |           0 |           0 |           0 |           0 |           0 |           0 |           0 |           0 |
|    Memory bandwidth [MBytes/s]    |  79076.4716 |         0 |         0 |         0 |         0 |         0 |         0 |         0 |         0 |         0 |           0 |           0 |           0 |           0 |           0 |           0 |           0 |           0 |           0 |
|    Memory data volume [GBytes]    | 181762.2517 |         0 |         0 |         0 |         0 |         0 |         0 |         0 |         0 |         0 |           0 |           0 |           0 |           0 |           0 |           0 |           0 |           0 |           0 |
|       Operational intensity       |      0.0112 |         0 |         0 |         0 |         0 |         0 |         0 |         0 |         0 |         0 |           0 |           0 |           0 |           0 |           0 |           0 |           0 |           0 |           0 |
+-----------------------------------+-------------+-----------+-----------+-----------+-----------+-----------+-----------+-----------+-----------+-----------+-------------+-------------+-------------+-------------+-------------+-------------+-------------+-------------+-------------+

+----------------------------------------+-------------+-----------+-------------+------------+-----------+-----------+-----------+
|                 Metric                 |     Sum     |    Min    |     Max     |     Avg    |  %ile 25  |  %ile 50  |  %ile 75  |
+----------------------------------------+-------------+-----------+-------------+------------+-----------+-----------+-----------+
|        Runtime (RDTSC) [s] STAT        |  43673.7360 | 2298.5400 |   2298.9630 |  2298.6177 | 2298.5480 | 2298.5590 | 2298.5690 |
|        Runtime unhalted [s] STAT       |  43473.8896 | 2287.1044 |   2293.4453 |  2288.0995 | 2287.4759 | 2287.9173 | 2287.9947 |
|            Clock [MHz] STAT            |  45490.7239 | 2393.8972 |   2394.3246 |  2394.2486 | 2394.3097 | 2394.3133 | 2394.3157 |
|                CPI STAT                |     35.6558 |    0.8567 |      1.9509 |     1.8766 |    1.9224 |    1.9368 |    1.9440 |
|             Energy [J] STAT            | 357225.9942 |         0 | 357225.9942 | 18801.3681 |         0 |         0 |         0 |
|             Power [W] STAT             |    155.4127 |         0 |    155.4127 |     8.1796 |         0 |         0 |         0 |
|          Energy DRAM [J] STAT          |  38367.1285 |         0 |  38367.1285 |  2019.3226 |         0 |         0 |         0 |
|           Power DRAM [W] STAT          |     16.6918 |         0 |     16.6918 |     0.8785 |         0 |         0 |         0 |
|            DP [MFLOP/s] STAT           |  16793.1188 |  883.3920 |    885.6014 |   883.8484 |  883.5426 |  883.5484 |  883.5537 |
|          AVX DP [MFLOP/s] STAT         |   1468.1164 |   77.2294 |     77.4225 |    77.2693 |   77.2426 |   77.2431 |   77.2435 |
|          Packed [MUOPS/s] STAT         |    183.5146 |    9.6537 |      9.6778 |     9.6587 |    9.6553 |    9.6554 |    9.6554 |
|          Scalar [MUOPS/s] STAT         |  15325.0023 |  806.1626 |    808.1789 |   806.5791 |  806.3000 |  806.3053 |  806.3102 |
|  Memory read bandwidth [MBytes/s] STAT |  55651.0217 |         0 |  55651.0217 |  2929.0011 |         0 |         0 |         0 |
|  Memory read data volume [GBytes] STAT | 127917.3793 |         0 | 127917.3793 |  6732.4936 |         0 |         0 |         0 |
| Memory write bandwidth [MBytes/s] STAT |  23425.4499 |         0 |  23425.4499 |  1232.9184 |         0 |         0 |         0 |
| Memory write data volume [GBytes] STAT |  53844.8724 |         0 |  53844.8724 |  2833.9407 |         0 |         0 |         0 |
|    Memory bandwidth [MBytes/s] STAT    |  79076.4716 |         0 |  79076.4716 |  4161.9196 |         0 |         0 |         0 |
|    Memory data volume [GBytes] STAT    | 181762.2517 |         0 | 181762.2517 |  9566.4343 |         0 |         0 |         0 |
|       Operational intensity STAT       |      0.0112 |         0 |      0.0112 |     0.0006 |         0 |         0 |         0 |
+----------------------------------------+-------------+-----------+-------------+------------+-----------+-----------+-----------+

