WARN: Cannot extract OpenMP vendor from executable or commandline, assuming no OpenMP
Successfully initialised 27 MPI ranks.
Opening tea.out as log file.

Timestep 1
Error: 			5.444659e-11

Timestep 2
Error: 			3.489730e-12

Timestep 3
Error: 			2.490550e-13

Timestep 4
Error: 			1.518031e-14

Timestep 5
Error: 			9.884067e-16

Checking results...
Expected 9.200337173020409e+01
Actual   9.200337173011964e+01
This run [32mPASSED[0m (Difference is within 0.00000000%)
Group: 1
+------------------------------------------+---------+----------------+----------------+----------------+----------------+----------------+----------------+----------------+----------------+----------------+----------------+----------------+----------------+----------------+----------------+----------------+----------------+----------------+----------------+----------------+----------------+----------------+----------------+----------------+----------------+----------------+----------------+----------------+
|                   Event                  | Counter |    f0608:0:0   |    f0608:1:1   |    f0608:2:2   |    f0608:3:3   |    f0608:4:4   |    f0608:5:5   |    f0608:6:6   |    f0608:7:7   |    f0608:8:8   |    f0608:9:9   |   f0608:10:10  |   f0608:11:11  |   f0608:12:12  |   f0608:13:13  |   f0608:14:14  |   f0608:15:15  |   f0608:16:16  |   f0608:17:17  |   f0608:18:18  |   f0608:19:19  |   f0608:20:20  |   f0608:21:21  |   f0608:22:22  |   f0608:23:23  |   f0608:24:24  |   f0608:25:25  |   f0608:26:26  |
+------------------------------------------+---------+----------------+----------------+----------------+----------------+----------------+----------------+----------------+----------------+----------------+----------------+----------------+----------------+----------------+----------------+----------------+----------------+----------------+----------------+----------------+----------------+----------------+----------------+----------------+----------------+----------------+----------------+----------------+
|             INSTR_RETIRED_ANY            |  FIXC0  |  2028535399684 |  1986011864986 |  2071907068383 |  2017191731672 |  2003172022351 |  2053259607767 |  2007968702912 |  1993732640106 |  2012664215497 |  1989861517309 |  1997040686550 |  1998208755079 |  2024114552912 |  2001885122656 |  2007945056820 |  1997102017658 |  1992097291743 |  1992967167266 |  3455876970845 |  3454012173076 |  3503780375517 |  2254912623227 |  2260203303066 |  2246662748177 |  2280633414384 |  2271882857473 |  2291670568015 |
|           CPU_CLK_UNHALTED_CORE          |  FIXC1  |  3842641682850 |  3842843918003 |  3844344924515 |  3843173343987 |  3843167930435 |  3842159520249 |  3842467605326 |  3843349046571 |  3841709468713 |  3843055857257 |  3844369584381 |  3842327796491 |  3841108382500 |  3843064798670 |  3843181592101 |  3842840512878 |  3847210385389 |  3846460321919 |  3850289383507 |  3850633697735 |  3851717127343 |  3851426141457 |  3851365565703 |  3851445681486 |  3850744518135 |  3851544517844 |  3851389686413 |
|           CPU_CLK_UNHALTED_REF           |  FIXC2  |  3842641999680 |  3842843134848 |  3844344743520 |  3843174315456 |  3843168057216 |  3842159868000 |  3842469536448 |  3843349901280 |  3841710031392 |  3843054840096 |  3844370315040 |  3842328682464 |  3841109763648 |  3843065277504 |  3843180559968 |  3842841363456 |  3847210594656 |  3846461903904 |  3850280916768 |  3850624140288 |  3851709140064 |  3851419113504 |  3851359236384 |  3851430758016 |  3850736565312 |  3851537601792 |  3851382678048 |
|               TOPDOWN_SLOTS              |  FIXC3  | 19213208414250 | 19214219590015 | 19221724622575 | 19215866719935 | 19215839652175 | 19210797601245 | 19212338026630 | 19216745232855 | 19208547343565 | 19215279286285 | 19221847921905 | 19211638982455 | 19205541912500 | 19215323993350 | 19215907960505 | 19214202564390 | 19236051926945 | 19232301609595 | 19251446917535 | 19253168488675 | 19258585636715 | 19257130707285 | 19256827828515 | 19257228407430 | 19253722590675 | 19257722589220 | 19256948432065 |
|              PWR_PKG_ENERGY              |   PWR0  |    292539.0776 |              0 |              0 |              0 |              0 |              0 |              0 |              0 |              0 |              0 |              0 |              0 |              0 |              0 |              0 |              0 |              0 |              0 |              0 |              0 |              0 |              0 |              0 |              0 |              0 |              0 |              0 |
|              PWR_DRAM_ENERGY             |   PWR3  |     32978.5739 |              0 |              0 |              0 |              0 |              0 |              0 |              0 |              0 |              0 |              0 |              0 |              0 |              0 |              0 |              0 |              0 |              0 |              0 |              0 |              0 |              0 |              0 |              0 |              0 |              0 |              0 |
| FP_ARITH_INST_RETIRED_128B_PACKED_DOUBLE |   PMC0  |              0 |              0 |              0 |              0 |              0 |              0 |              0 |              0 |              0 |              0 |              0 |              0 |              0 |              0 |              0 |              0 |              0 |              0 |              0 |              0 |              0 |              0 |              0 |              0 |              0 |              0 |              0 |
|    FP_ARITH_INST_RETIRED_SCALAR_DOUBLE   |   PMC1  |  1305954238186 |  1305952931300 |  1305474715419 |  1305952918520 |  1305952915528 |  1305474704899 |  1304519365870 |  1304519368336 |  1304041691328 |  1304519361078 |  1304519359208 |  1304041672772 |  1304519362946 |  1304519347440 |  1304041664942 |  1304519332656 |  1304519339916 |  1304041681214 |  1304519291708 |  1304519325128 |  1304041665732 |  1304519315714 |  1304519322714 |  1304041650106 |  1304519304676 |  1304519311778 |  1304041643408 |
| FP_ARITH_INST_RETIRED_256B_PACKED_DOUBLE |   PMC2  |              0 |              0 |              0 |              0 |              0 |              0 |              0 |              0 |              0 |              0 |              0 |              0 |              0 |              0 |              0 |              0 |              0 |              0 |              0 |              0 |              0 |              0 |              0 |              0 |              0 |              0 |              0 |
| FP_ARITH_INST_RETIRED_512B_PACKED_DOUBLE |   PMC3  |    15670970107 |    15670970109 |    15659521657 |    15670970109 |    15670970109 |    15659521657 |    15653780810 |    15653780810 |    15642332364 |    15653780810 |    15653780810 |    15642332364 |    15653780810 |    15653780810 |    15642332364 |    15653780810 |    15653780810 |    15642332364 |    15653780810 |    15653780810 |    15642332364 |    15653780810 |    15653780810 |    15642332364 |    15653780810 |    15653780810 |    15642332364 |
|               CAS_COUNT_RD               | MBOX0C0 |   334312671049 |              0 |              0 |              0 |              0 |              0 |              0 |              0 |              0 |              0 |              0 |              0 |              0 |              0 |              0 |              0 |              0 |              0 |              0 |              0 |              0 |              0 |              0 |              0 |              0 |              0 |              0 |
|               CAS_COUNT_WR               | MBOX0C1 |   141084822154 |              0 |              0 |              0 |              0 |              0 |              0 |              0 |              0 |              0 |              0 |              0 |              0 |              0 |              0 |              0 |              0 |              0 |              0 |              0 |              0 |              0 |              0 |              0 |              0 |              0 |              0 |
|               CAS_COUNT_RD               | MBOX1C0 |   334326771741 |              0 |              0 |              0 |              0 |              0 |              0 |              0 |              0 |              0 |              0 |              0 |              0 |              0 |              0 |              0 |              0 |              0 |              0 |              0 |              0 |              0 |              0 |              0 |              0 |              0 |              0 |
|               CAS_COUNT_WR               | MBOX1C1 |   141084184776 |              0 |              0 |              0 |              0 |              0 |              0 |              0 |              0 |              0 |              0 |              0 |              0 |              0 |              0 |              0 |              0 |              0 |              0 |              0 |              0 |              0 |              0 |              0 |              0 |              0 |              0 |
|               CAS_COUNT_RD               | MBOX2C0 |   334389158262 |              0 |              0 |              0 |              0 |              0 |              0 |              0 |              0 |              0 |              0 |              0 |              0 |              0 |              0 |              0 |              0 |              0 |              0 |              0 |              0 |              0 |              0 |              0 |              0 |              0 |              0 |
|               CAS_COUNT_WR               | MBOX2C1 |   141069166052 |              0 |              0 |              0 |              0 |              0 |              0 |              0 |              0 |              0 |              0 |              0 |              0 |              0 |              0 |              0 |              0 |              0 |              0 |              0 |              0 |              0 |              0 |              0 |              0 |              0 |              0 |
|               CAS_COUNT_RD               | MBOX3C0 |   334373432784 |              0 |              0 |              0 |              0 |              0 |              0 |              0 |              0 |              0 |              0 |              0 |              0 |              0 |              0 |              0 |              0 |              0 |              0 |              0 |              0 |              0 |              0 |              0 |              0 |              0 |              0 |
|               CAS_COUNT_WR               | MBOX3C1 |   141087905904 |              0 |              0 |              0 |              0 |              0 |              0 |              0 |              0 |              0 |              0 |              0 |              0 |              0 |              0 |              0 |              0 |              0 |              0 |              0 |              0 |              0 |              0 |              0 |              0 |              0 |              0 |
|               CAS_COUNT_RD               | MBOX4C0 |   162486599093 |              0 |              0 |              0 |              0 |              0 |              0 |              0 |              0 |              0 |              0 |              0 |              0 |              0 |              0 |              0 |              0 |              0 |              0 |              0 |              0 |              0 |              0 |              0 |              0 |              0 |              0 |
|               CAS_COUNT_WR               | MBOX4C1 |    69823717312 |              0 |              0 |              0 |              0 |              0 |              0 |              0 |              0 |              0 |              0 |              0 |              0 |              0 |              0 |              0 |              0 |              0 |              0 |              0 |              0 |              0 |              0 |              0 |              0 |              0 |              0 |
|               CAS_COUNT_RD               | MBOX5C0 |   162460129320 |              0 |              0 |              0 |              0 |              0 |              0 |              0 |              0 |              0 |              0 |              0 |              0 |              0 |              0 |              0 |              0 |              0 |              0 |              0 |              0 |              0 |              0 |              0 |              0 |              0 |              0 |
|               CAS_COUNT_WR               | MBOX5C1 |    69821926045 |              0 |              0 |              0 |              0 |              0 |              0 |              0 |              0 |              0 |              0 |              0 |              0 |              0 |              0 |              0 |              0 |              0 |              0 |              0 |              0 |              0 |              0 |              0 |              0 |              0 |              0 |
|               CAS_COUNT_RD               | MBOX6C0 |   162583372783 |              0 |              0 |              0 |              0 |              0 |              0 |              0 |              0 |              0 |              0 |              0 |              0 |              0 |              0 |              0 |              0 |              0 |              0 |              0 |              0 |              0 |              0 |              0 |              0 |              0 |              0 |
|               CAS_COUNT_WR               | MBOX6C1 |    69823300191 |              0 |              0 |              0 |              0 |              0 |              0 |              0 |              0 |              0 |              0 |              0 |              0 |              0 |              0 |              0 |              0 |              0 |              0 |              0 |              0 |              0 |              0 |              0 |              0 |              0 |              0 |
|               CAS_COUNT_RD               | MBOX7C0 |   162575542035 |              0 |              0 |              0 |              0 |              0 |              0 |              0 |              0 |              0 |              0 |              0 |              0 |              0 |              0 |              0 |              0 |              0 |              0 |              0 |              0 |              0 |              0 |              0 |              0 |              0 |              0 |
|               CAS_COUNT_WR               | MBOX7C1 |    69825201590 |              0 |              0 |              0 |              0 |              0 |              0 |              0 |              0 |              0 |              0 |              0 |              0 |              0 |              0 |              0 |              0 |              0 |              0 |              0 |              0 |              0 |              0 |              0 |              0 |              0 |              0 |
+------------------------------------------+---------+----------------+----------------+----------------+----------------+----------------+----------------+----------------+----------------+----------------+----------------+----------------+----------------+----------------+----------------+----------------+----------------+----------------+----------------+----------------+----------------+----------------+----------------+----------------+----------------+----------------+----------------+----------------+

+-----------------------------------------------+---------+-----------------+----------------+----------------+--------------+
|                     Event                     | Counter |       Sum       |       Min      |       Max      |      Avg     |
+-----------------------------------------------+---------+-----------------+----------------+----------------+--------------+
|             INSTR_RETIRED_ANY STAT            |  FIXC0  |  60195300455131 |  1986011864986 |  3503780375517 | 2.229456e+12 |
|           CPU_CLK_UNHALTED_CORE STAT          |  FIXC1  | 103840032991858 |  3841108382500 |  3851717127343 | 3.845927e+12 |
|           CPU_CLK_UNHALTED_REF STAT           |  FIXC2  | 103839965038752 |  3841109763648 |  3851709140064 | 3.845925e+12 |
|               TOPDOWN_SLOTS STAT              |  FIXC3  | 519200164959290 | 19205541912500 | 19258585636715 |      nil     |
|              PWR_PKG_ENERGY STAT              |   PWR0  |     292539.0776 |              0 |    292539.0776 |   10834.7807 |
|              PWR_DRAM_ENERGY STAT             |   PWR3  |      32978.5739 |              0 |     32978.5739 |    1221.4287 |
| FP_ARITH_INST_RETIRED_128B_PACKED_DOUBLE STAT |   PMC0  |               0 |              0 |              0 |            0 |
|    FP_ARITH_INST_RETIRED_SCALAR_DOUBLE STAT   |   PMC1  |  35226324802522 |  1304041643408 |  1305954238186 | 1.304679e+12 |
| FP_ARITH_INST_RETIRED_256B_PACKED_DOUBLE STAT |   PMC2  |               0 |              0 |              0 |            0 |
| FP_ARITH_INST_RETIRED_512B_PACKED_DOUBLE STAT |   PMC3  |    422652181636 |    15642332364 |    15670970109 | 1.565378e+10 |
|               CAS_COUNT_RD STAT               | MBOX0C0 |    334312671049 |              0 |   334312671049 | 1.238195e+10 |
|               CAS_COUNT_WR STAT               | MBOX0C1 |    141084822154 |              0 |   141084822154 | 5.225364e+09 |
|               CAS_COUNT_RD STAT               | MBOX1C0 |    334326771741 |              0 |   334326771741 | 1.238247e+10 |
|               CAS_COUNT_WR STAT               | MBOX1C1 |    141084184776 |              0 |   141084184776 | 5.225340e+09 |
|               CAS_COUNT_RD STAT               | MBOX2C0 |    334389158262 |              0 |   334389158262 | 1.238478e+10 |
|               CAS_COUNT_WR STAT               | MBOX2C1 |    141069166052 |              0 |   141069166052 | 5.224784e+09 |
|               CAS_COUNT_RD STAT               | MBOX3C0 |    334373432784 |              0 |   334373432784 | 1.238420e+10 |
|               CAS_COUNT_WR STAT               | MBOX3C1 |    141087905904 |              0 |   141087905904 | 5.225478e+09 |
|               CAS_COUNT_RD STAT               | MBOX4C0 |    162486599093 |              0 |   162486599093 | 6.018022e+09 |
|               CAS_COUNT_WR STAT               | MBOX4C1 |     69823717312 |              0 |    69823717312 | 2.586064e+09 |
|               CAS_COUNT_RD STAT               | MBOX5C0 |    162460129320 |              0 |   162460129320 | 6.017042e+09 |
|               CAS_COUNT_WR STAT               | MBOX5C1 |     69821926045 |              0 |    69821926045 | 2.585997e+09 |
|               CAS_COUNT_RD STAT               | MBOX6C0 |    162583372783 |              0 |   162583372783 | 6.021606e+09 |
|               CAS_COUNT_WR STAT               | MBOX6C1 |     69823300191 |              0 |    69823300191 | 2.586048e+09 |
|               CAS_COUNT_RD STAT               | MBOX7C0 |    162575542035 |              0 |   162575542035 | 6.021316e+09 |
|               CAS_COUNT_WR STAT               | MBOX7C1 |     69825201590 |              0 |    69825201590 | 2.586119e+09 |
+-----------------------------------------------+---------+-----------------+----------------+----------------+--------------+

+-----------------------------------+-------------+-----------+-----------+-----------+-----------+-----------+-----------+-----------+-----------+-----------+-------------+-------------+-------------+-------------+-------------+-------------+-------------+-------------+-------------+-------------+-------------+-------------+-------------+-------------+-------------+-------------+-------------+
|               Metric              |  f0608:0:0  | f0608:1:1 | f0608:2:2 | f0608:3:3 | f0608:4:4 | f0608:5:5 | f0608:6:6 | f0608:7:7 | f0608:8:8 | f0608:9:9 | f0608:10:10 | f0608:11:11 | f0608:12:12 | f0608:13:13 | f0608:14:14 | f0608:15:15 | f0608:16:16 | f0608:17:17 | f0608:18:18 | f0608:19:19 | f0608:20:20 | f0608:21:21 | f0608:22:22 | f0608:23:23 | f0608:24:24 | f0608:25:25 | f0608:26:26 |
+-----------------------------------+-------------+-----------+-----------+-----------+-----------+-----------+-----------+-----------+-----------+-----------+-------------+-------------+-------------+-------------+-------------+-------------+-------------+-------------+-------------+-------------+-------------+-------------+-------------+-------------+-------------+-------------+-------------+
|        Runtime (RDTSC) [s]        |   1613.3020 | 1613.0390 | 1613.2360 | 1613.0380 | 1613.0510 | 1613.0390 | 1613.0430 | 1613.0650 | 1613.1910 | 1613.1500 |   1613.2360 |   1613.4620 |   1613.2300 |   1613.0330 |   1613.0290 |   1613.0440 |   1613.1720 |   1613.2350 |   1613.0880 |   1613.0310 |   1613.1360 |   1613.1000 |   1613.0330 |   1613.2470 |   1613.0360 |   1613.0530 |   1613.2210 |
|        Runtime unhalted [s]       |   1605.1801 | 1604.9867 | 1605.6149 | 1605.1241 | 1605.1254 | 1604.7020 | 1604.8281 | 1605.2154 | 1604.5106 | 1605.0777 |   1605.6378 |   1605.2105 |   1604.2761 |   1605.0794 |   1605.1283 |   1604.9850 |   1606.9438 |   1606.4977 |   1608.1220 |   1608.2411 |   1608.7322 |   1608.5741 |   1608.5539 |   1608.7786 |   1608.2865 |   1608.6198 |   1608.6796 |
|            Clock [MHz]            |   2393.9005 | 2394.3156 | 2394.3133 | 2394.3148 | 2394.3101 | 2394.3132 | 2394.3161 | 2394.2881 | 2394.3182 | 2394.3120 |   2394.2939 |   2393.6592 |   2394.2930 |   2394.3142 |   2394.3150 |   2394.3150 |   2394.1161 |   2394.3133 |   2394.2821 |   2394.3197 |   2394.2612 |   2394.3150 |   2394.3069 |   2394.0277 |   2394.3199 |   2394.3205 |   2394.1354 |
|                CPI                |      1.8943 |    1.9350 |    1.8555 |    1.9052 |    1.9185 |    1.8712 |    1.9136 |    1.9277 |    1.9088 |    1.9313 |      1.9250 |      1.9229 |      1.8977 |      1.9197 |      1.9140 |      1.9242 |      1.9312 |      1.9300 |      1.1141 |      1.1148 |      1.0993 |      1.7080 |      1.7040 |      1.7143 |      1.6885 |      1.6953 |      1.6806 |
|             Energy [J]            | 292539.0776 |         0 |         0 |         0 |         0 |         0 |         0 |         0 |         0 |         0 |           0 |           0 |           0 |           0 |           0 |           0 |           0 |           0 |           0 |           0 |           0 |           0 |           0 |           0 |           0 |           0 |           0 |
|             Power [W]             |    181.3294 |         0 |         0 |         0 |         0 |         0 |         0 |         0 |         0 |         0 |           0 |           0 |           0 |           0 |           0 |           0 |           0 |           0 |           0 |           0 |           0 |           0 |           0 |           0 |           0 |           0 |           0 |
|          Energy DRAM [J]          |  32978.5739 |         0 |         0 |         0 |         0 |         0 |         0 |         0 |         0 |         0 |           0 |           0 |           0 |           0 |           0 |           0 |           0 |           0 |           0 |           0 |           0 |           0 |           0 |           0 |           0 |           0 |           0 |
|           Power DRAM [W]          |     20.4417 |         0 |         0 |         0 |         0 |         0 |         0 |         0 |         0 |         0 |           0 |           0 |           0 |           0 |           0 |           0 |           0 |           0 |           0 |           0 |           0 |           0 |           0 |           0 |           0 |           0 |           0 |
|            DP [MFLOP/s]           |    887.2003 |  887.3441 |  886.8826 |  887.3447 |  887.3375 |  886.9909 |  886.3679 |  886.3559 |  885.9337 |  886.3092 |    886.2619 |    885.7849 |    886.2652 |    886.3734 |    886.0227 |    886.3674 |    886.2971 |    885.9096 |    886.3432 |    886.3745 |    885.9639 |    886.3366 |    886.3734 |    885.9030 |    886.3718 |    886.3624 |    885.9172 |
|          AVX DP [MFLOP/s]         |     77.7088 |   77.7215 |   77.6552 |   77.7215 |   77.7209 |   77.6647 |   77.6360 |   77.6350 |   77.5721 |   77.6309 |     77.6267 |     77.5591 |     77.6270 |     77.6365 |     77.5799 |     77.6360 |     77.6298 |     77.5700 |     77.6339 |     77.6366 |     77.5748 |     77.6333 |     77.6365 |     77.5694 |     77.6364 |     77.6355 |     77.5707 |
|          Packed [MUOPS/s]         |      9.7136 |    9.7152 |    9.7069 |    9.7152 |    9.7151 |    9.7081 |    9.7045 |    9.7044 |    9.6965 |    9.7039 |      9.7033 |      9.6949 |      9.7034 |      9.7046 |      9.6975 |      9.7045 |      9.7037 |      9.6963 |      9.7042 |      9.7046 |      9.6968 |      9.7042 |      9.7046 |      9.6962 |      9.7045 |      9.7044 |      9.6963 |
|          Scalar [MUOPS/s]         |    809.4915 |  809.6227 |  809.2274 |  809.6232 |  809.6166 |  809.3262 |  808.7319 |  808.7209 |  808.3616 |  808.6783 |    808.6352 |    808.2258 |    808.6382 |    808.7369 |    808.4428 |    808.7314 |    808.6672 |    808.3396 |    808.7093 |    808.7379 |    808.3892 |    808.7033 |    808.7369 |    808.3335 |    808.7354 |    808.7269 |    808.3466 |
|  Memory read bandwidth [MBytes/s] |  78844.8110 |         0 |         0 |         0 |         0 |         0 |         0 |         0 |         0 |         0 |           0 |           0 |           0 |           0 |           0 |           0 |           0 |           0 |           0 |           0 |           0 |           0 |           0 |           0 |           0 |           0 |           0 |
|  Memory read data volume [GBytes] | 127200.4913 |         0 |         0 |         0 |         0 |         0 |         0 |         0 |         0 |         0 |           0 |           0 |           0 |           0 |           0 |           0 |           0 |           0 |           0 |           0 |           0 |           0 |           0 |           0 |           0 |           0 |           0 |
| Memory write bandwidth [MBytes/s] |  33466.5762 |         0 |         0 |         0 |         0 |         0 |         0 |         0 |         0 |         0 |           0 |           0 |           0 |           0 |           0 |           0 |           0 |           0 |           0 |           0 |           0 |           0 |           0 |           0 |           0 |           0 |           0 |
| Memory write data volume [GBytes] |  53991.6943 |         0 |         0 |         0 |         0 |         0 |         0 |         0 |         0 |         0 |           0 |           0 |           0 |           0 |           0 |           0 |           0 |           0 |           0 |           0 |           0 |           0 |           0 |           0 |           0 |           0 |           0 |
|    Memory bandwidth [MBytes/s]    | 112311.3872 |         0 |         0 |         0 |         0 |         0 |         0 |         0 |         0 |         0 |           0 |           0 |           0 |           0 |           0 |           0 |           0 |           0 |           0 |           0 |           0 |           0 |           0 |           0 |           0 |           0 |           0 |
|    Memory data volume [GBytes]    | 181192.1857 |         0 |         0 |         0 |         0 |         0 |         0 |         0 |         0 |         0 |           0 |           0 |           0 |           0 |           0 |           0 |           0 |           0 |           0 |           0 |           0 |           0 |           0 |           0 |           0 |           0 |           0 |
|       Operational intensity       |      0.0079 |         0 |         0 |         0 |         0 |         0 |         0 |         0 |         0 |         0 |           0 |           0 |           0 |           0 |           0 |           0 |           0 |           0 |           0 |           0 |           0 |           0 |           0 |           0 |           0 |           0 |           0 |
+-----------------------------------+-------------+-----------+-----------+-----------+-----------+-----------+-----------+-----------+-----------+-----------+-------------+-------------+-------------+-------------+-------------+-------------+-------------+-------------+-------------+-------------+-------------+-------------+-------------+-------------+-------------+-------------+-------------+

+----------------------------------------+-------------+-----------+-------------+------------+-----------+-----------+-----------+
|                 Metric                 |     Sum     |    Min    |     Max     |     Avg    |  %ile 25  |  %ile 50  |  %ile 75  |
+----------------------------------------+-------------+-----------+-------------+------------+-----------+-----------+-----------+
|        Runtime (RDTSC) [s] STAT        |  43554.5400 | 1613.0290 |   1613.4620 |  1613.1311 | 1613.0390 | 1613.0880 | 1613.2210 |
|        Runtime unhalted [s] STAT       |  43370.7114 | 1604.2761 |   1608.7786 |  1606.3226 | 1605.0777 | 1605.2154 | 1608.2411 |
|            Clock [MHz] STAT            |  64644.6100 | 2393.6592 |   2394.3205 |  2394.2448 | 2394.2821 | 2394.3132 | 2394.3150 |
|                CPI STAT                |     47.9447 |    1.0993 |      1.9350 |     1.7757 |    1.7040 |    1.9052 |    1.9229 |
|             Energy [J] STAT            | 292539.0776 |         0 | 292539.0776 | 10834.7807 |         0 |         0 |         0 |
|             Power [W] STAT             |    181.3294 |         0 |    181.3294 |     6.7159 |         0 |         0 |         0 |
|          Energy DRAM [J] STAT          |  32978.5739 |         0 |  32978.5739 |  1221.4287 |         0 |         0 |         0 |
|           Power DRAM [W] STAT          |     20.4417 |         0 |     20.4417 |     0.7571 |         0 |         0 |         0 |
|            DP [MFLOP/s] STAT           |  23933.2950 |  885.7849 |    887.3447 |   886.4183 |  886.0227 |  886.3559 |  886.3734 |
|          AVX DP [MFLOP/s] STAT         |   2096.0587 |   77.5591 |     77.7215 |    77.6318 |   77.5799 |   77.6350 |   77.6365 |
|          Packed [MUOPS/s] STAT         |    262.0074 |    9.6949 |      9.7152 |     9.7040 |    9.6975 |    9.7044 |    9.7046 |
|          Scalar [MUOPS/s] STAT         |  21837.2364 |  808.2258 |    809.6232 |   808.7865 |  808.4428 |  808.7209 |  808.7369 |
|  Memory read bandwidth [MBytes/s] STAT |  78844.8110 |         0 |  78844.8110 |  2920.1782 |         0 |         0 |         0 |
|  Memory read data volume [GBytes] STAT | 127200.4913 |         0 | 127200.4913 |  4711.1293 |         0 |         0 |         0 |
| Memory write bandwidth [MBytes/s] STAT |  33466.5762 |         0 |  33466.5762 |  1239.5028 |         0 |         0 |         0 |
| Memory write data volume [GBytes] STAT |  53991.6943 |         0 |  53991.6943 |  1999.6924 |         0 |         0 |         0 |
|    Memory bandwidth [MBytes/s] STAT    | 112311.3872 |         0 | 112311.3872 |  4159.6810 |         0 |         0 |         0 |
|    Memory data volume [GBytes] STAT    | 181192.1857 |         0 | 181192.1857 |  6710.8217 |         0 |         0 |         0 |
|       Operational intensity STAT       |      0.0079 |         0 |      0.0079 |     0.0003 |         0 |         0 |         0 |
+----------------------------------------+-------------+-----------+-------------+------------+-----------+-----------+-----------+

