WARN: Cannot extract OpenMP vendor from executable or commandline, assuming no OpenMP
Successfully initialised 29 MPI ranks.
Opening tea.out as log file.

Timestep 1
Error: 			5.444659e-11

Timestep 2
Error: 			3.489730e-12

Timestep 3
Error: 			2.491111e-13

Timestep 4
Error: 			1.518215e-14

Timestep 5
Error: 			9.888141e-16

Checking results...
Expected 9.200337173020409e+01
Actual   9.200337173012792e+01
This run [32mPASSED[0m (Difference is within 0.00000000%)
Group: 1
+------------------------------------------+---------+----------------+----------------+----------------+----------------+----------------+----------------+----------------+----------------+----------------+----------------+----------------+----------------+----------------+----------------+----------------+----------------+----------------+----------------+----------------+----------------+----------------+----------------+----------------+----------------+----------------+----------------+----------------+----------------+----------------+
|                   Event                  | Counter |    f0608:0:0   |    f0608:1:1   |    f0608:2:2   |    f0608:3:3   |    f0608:4:4   |    f0608:5:5   |    f0608:6:6   |    f0608:7:7   |    f0608:8:8   |    f0608:9:9   |   f0608:10:10  |   f0608:11:11  |   f0608:12:12  |   f0608:13:13  |   f0608:14:14  |   f0608:15:15  |   f0608:16:16  |   f0608:17:17  |   f0608:18:18  |   f0608:19:19  |   f0608:20:20  |   f0608:21:21  |   f0608:22:22  |   f0608:23:23  |   f0608:24:24  |   f0608:25:25  |   f0608:26:26  |   f0608:27:27  |   f0608:28:28  |
+------------------------------------------+---------+----------------+----------------+----------------+----------------+----------------+----------------+----------------+----------------+----------------+----------------+----------------+----------------+----------------+----------------+----------------+----------------+----------------+----------------+----------------+----------------+----------------+----------------+----------------+----------------+----------------+----------------+----------------+----------------+----------------+
|             INSTR_RETIRED_ANY            |  FIXC0  |  1847994981224 |  1874112465291 |  1914415729343 |  1845082999846 |  1892186158617 |  1860163663892 |  1868561648075 |  1844773883635 |  1879869552916 |  1905785388021 |  1843707033507 |  1867859741437 |  1849795168836 |  1872334194353 |  1860609581567 |  1854172516142 |  1851807181310 |  1839206343551 |  2917479496920 |  2108367415631 |  2076475424936 |  2040982870532 |  2040342098822 |  2043764018628 |  2037392322234 |  2101945849087 |  2039169803461 |  2099799930010 |  2060205461012 |
|           CPU_CLK_UNHALTED_CORE          |  FIXC1  |  3600862987091 |  3601823452415 |  3602765304126 |  3602781204279 |  3599786023629 |  3598466279199 |  3599468631897 |  3600345770812 |  3599307658945 |  3599559737149 |  3599808898361 |  3598179101417 |  3599707750882 |  3600204159512 |  3600810806347 |  3599911533729 |  3604809834439 |  3601947888458 |  3608501810230 |  3607219800206 |  3608173404972 |  3608341147974 |  3608119617936 |  3608308244304 |  3607440670411 |  3608330900992 |  3608197117430 |  3608199846472 |  3608407388573 |
|           CPU_CLK_UNHALTED_REF           |  FIXC2  |  3600864234336 |  3601824202752 |  3602765761920 |  3602782448256 |  3599786739360 |  3598465611648 |  3599469677280 |  3600346009344 |  3599308472832 |  3599561920224 |  3599810986272 |  3598182105216 |  3599710377408 |  3600205140192 |  3600811342656 |  3599912790624 |  3604811951616 |  3601950408672 |  3608495671392 |  3607214073504 |  3608169226944 |  3608336710272 |  3608113763808 |  3608298600864 |  3607436054208 |  3608327364480 |  3608194054944 |  3608194321728 |  3608402893056 |
|               TOPDOWN_SLOTS              |  FIXC3  | 18004314935455 | 18009117262075 | 18013826520630 | 18013906021395 | 17998930118145 | 17992331395995 | 17997343159485 | 18001728854060 | 17996538294725 | 17997798685745 | 17999044491805 | 17990895507085 | 17998538754410 | 18001020797560 | 18004054031735 | 17999557668645 | 18024049172195 | 18009739442290 | 18042509051150 | 18036099001030 | 18040867024860 | 18041705739870 | 18040598089680 | 18041541221520 | 18037203352055 | 18041654504960 | 18040985587150 | 18040999232360 | 18042036942865 |
|              PWR_PKG_ENERGY              |   PWR0  |    283386.6296 |              0 |              0 |              0 |              0 |              0 |              0 |              0 |              0 |              0 |              0 |              0 |              0 |              0 |              0 |              0 |              0 |              0 |              0 |              0 |              0 |              0 |              0 |              0 |              0 |              0 |              0 |              0 |              0 |
|              PWR_DRAM_ENERGY             |   PWR3  |     32303.3364 |              0 |              0 |              0 |              0 |              0 |              0 |              0 |              0 |              0 |              0 |              0 |              0 |              0 |              0 |              0 |              0 |              0 |              0 |              0 |              0 |              0 |              0 |              0 |              0 |              0 |              0 |              0 |              0 |
| FP_ARITH_INST_RETIRED_128B_PACKED_DOUBLE |   PMC0  |              0 |              0 |              0 |              0 |              0 |              0 |              0 |              0 |              0 |              0 |              0 |              0 |              0 |              0 |              0 |              0 |              0 |              0 |              0 |              0 |              0 |              0 |              0 |              0 |              0 |              0 |              0 |              0 |              0 |
|    FP_ARITH_INST_RETIRED_SCALAR_DOUBLE   |   PMC1  |  1216926451798 |  1216925009112 |  1216925020504 |  1216925008580 |  1216925006784 |  1216925001768 |  1216925006962 |  1216924997384 |  1216924997522 |  1216924984540 |  1216924995562 |  1216924988506 |  1216924996599 |  1216924974418 |  1212624870451 |  1212624888171 |  1212624859463 |  1212624856727 |  1212624850523 |  1212624866831 |  1212624845053 |  1212624851373 |  1212624851361 |  1212624824653 |  1212624842373 |  1212624838861 |  1212624832701 |  1212624834117 |  1212624827763 |
| FP_ARITH_INST_RETIRED_256B_PACKED_DOUBLE |   PMC2  |              0 |              0 |              0 |              0 |              0 |              0 |              0 |              0 |              0 |              0 |              0 |              0 |              0 |              0 |              0 |              0 |              0 |              0 |              0 |              0 |              0 |              0 |              0 |              0 |              0 |              0 |              0 |              0 |              0 |
| FP_ARITH_INST_RETIRED_512B_PACKED_DOUBLE |   PMC3  |    14572555305 |    14572555303 |    14572555303 |    14572555303 |    14572555303 |    14572555303 |    14572555303 |    14572555303 |    14572555303 |    14572555303 |    14572555303 |    14572555303 |    14572555303 |    14572555303 |    14521037749 |    14521037751 |    14521037751 |    14521037751 |    14521037749 |    14521037751 |    14521037749 |    14521037749 |    14521037749 |    14521037751 |    14521037751 |    14521037751 |    14521037751 |    14521037751 |    14521037749 |
|               CAS_COUNT_RD               | MBOX0C0 |   312688782997 |              0 |              0 |              0 |              0 |              0 |              0 |              0 |              0 |              0 |              0 |              0 |              0 |              0 |              0 |              0 |              0 |              0 |              0 |              0 |              0 |              0 |              0 |              0 |              0 |              0 |              0 |              0 |              0 |
|               CAS_COUNT_WR               | MBOX0C1 |   132394396423 |              0 |              0 |              0 |              0 |              0 |              0 |              0 |              0 |              0 |              0 |              0 |              0 |              0 |              0 |              0 |              0 |              0 |              0 |              0 |              0 |              0 |              0 |              0 |              0 |              0 |              0 |              0 |              0 |
|               CAS_COUNT_RD               | MBOX1C0 |   312676940306 |              0 |              0 |              0 |              0 |              0 |              0 |              0 |              0 |              0 |              0 |              0 |              0 |              0 |              0 |              0 |              0 |              0 |              0 |              0 |              0 |              0 |              0 |              0 |              0 |              0 |              0 |              0 |              0 |
|               CAS_COUNT_WR               | MBOX1C1 |   132377567919 |              0 |              0 |              0 |              0 |              0 |              0 |              0 |              0 |              0 |              0 |              0 |              0 |              0 |              0 |              0 |              0 |              0 |              0 |              0 |              0 |              0 |              0 |              0 |              0 |              0 |              0 |              0 |              0 |
|               CAS_COUNT_RD               | MBOX2C0 |   312745317223 |              0 |              0 |              0 |              0 |              0 |              0 |              0 |              0 |              0 |              0 |              0 |              0 |              0 |              0 |              0 |              0 |              0 |              0 |              0 |              0 |              0 |              0 |              0 |              0 |              0 |              0 |              0 |              0 |
|               CAS_COUNT_WR               | MBOX2C1 |   132369770868 |              0 |              0 |              0 |              0 |              0 |              0 |              0 |              0 |              0 |              0 |              0 |              0 |              0 |              0 |              0 |              0 |              0 |              0 |              0 |              0 |              0 |              0 |              0 |              0 |              0 |              0 |              0 |              0 |
|               CAS_COUNT_RD               | MBOX3C0 |   312734443006 |              0 |              0 |              0 |              0 |              0 |              0 |              0 |              0 |              0 |              0 |              0 |              0 |              0 |              0 |              0 |              0 |              0 |              0 |              0 |              0 |              0 |              0 |              0 |              0 |              0 |              0 |              0 |              0 |
|               CAS_COUNT_WR               | MBOX3C1 |   132389794971 |              0 |              0 |              0 |              0 |              0 |              0 |              0 |              0 |              0 |              0 |              0 |              0 |              0 |              0 |              0 |              0 |              0 |              0 |              0 |              0 |              0 |              0 |              0 |              0 |              0 |              0 |              0 |              0 |
|               CAS_COUNT_RD               | MBOX4C0 |   186271457960 |              0 |              0 |              0 |              0 |              0 |              0 |              0 |              0 |              0 |              0 |              0 |              0 |              0 |              0 |              0 |              0 |              0 |              0 |              0 |              0 |              0 |              0 |              0 |              0 |              0 |              0 |              0 |              0 |
|               CAS_COUNT_WR               | MBOX4C1 |    80162199965 |              0 |              0 |              0 |              0 |              0 |              0 |              0 |              0 |              0 |              0 |              0 |              0 |              0 |              0 |              0 |              0 |              0 |              0 |              0 |              0 |              0 |              0 |              0 |              0 |              0 |              0 |              0 |              0 |
|               CAS_COUNT_RD               | MBOX5C0 |   186271191367 |              0 |              0 |              0 |              0 |              0 |              0 |              0 |              0 |              0 |              0 |              0 |              0 |              0 |              0 |              0 |              0 |              0 |              0 |              0 |              0 |              0 |              0 |              0 |              0 |              0 |              0 |              0 |              0 |
|               CAS_COUNT_WR               | MBOX5C1 |    80161551068 |              0 |              0 |              0 |              0 |              0 |              0 |              0 |              0 |              0 |              0 |              0 |              0 |              0 |              0 |              0 |              0 |              0 |              0 |              0 |              0 |              0 |              0 |              0 |              0 |              0 |              0 |              0 |              0 |
|               CAS_COUNT_RD               | MBOX6C0 |   186333347019 |              0 |              0 |              0 |              0 |              0 |              0 |              0 |              0 |              0 |              0 |              0 |              0 |              0 |              0 |              0 |              0 |              0 |              0 |              0 |              0 |              0 |              0 |              0 |              0 |              0 |              0 |              0 |              0 |
|               CAS_COUNT_WR               | MBOX6C1 |    80167118189 |              0 |              0 |              0 |              0 |              0 |              0 |              0 |              0 |              0 |              0 |              0 |              0 |              0 |              0 |              0 |              0 |              0 |              0 |              0 |              0 |              0 |              0 |              0 |              0 |              0 |              0 |              0 |              0 |
|               CAS_COUNT_RD               | MBOX7C0 |   186300317127 |              0 |              0 |              0 |              0 |              0 |              0 |              0 |              0 |              0 |              0 |              0 |              0 |              0 |              0 |              0 |              0 |              0 |              0 |              0 |              0 |              0 |              0 |              0 |              0 |              0 |              0 |              0 |              0 |
|               CAS_COUNT_WR               | MBOX7C1 |    80158935944 |              0 |              0 |              0 |              0 |              0 |              0 |              0 |              0 |              0 |              0 |              0 |              0 |              0 |              0 |              0 |              0 |              0 |              0 |              0 |              0 |              0 |              0 |              0 |              0 |              0 |              0 |              0 |              0 |
+------------------------------------------+---------+----------------+----------------+----------------+----------------+----------------+----------------+----------------+----------------+----------------+----------------+----------------+----------------+----------------+----------------+----------------+----------------+----------------+----------------+----------------+----------------+----------------+----------------+----------------+----------------+----------------+----------------+----------------+----------------+----------------+

+-----------------------------------------------+---------+-----------------+----------------+----------------+--------------+
|                     Event                     | Counter |       Sum       |       Min      |       Max      |      Avg     |
+-----------------------------------------------+---------+-----------------+----------------+----------------+--------------+
|             INSTR_RETIRED_ANY STAT            |  FIXC0  |  57138362922836 |  1839206343551 |  2917479496920 | 1.970288e+12 |
|           CPU_CLK_UNHALTED_CORE STAT          |  FIXC1  | 104499786972187 |  3598179101417 |  3608501810230 | 3.603441e+12 |
|           CPU_CLK_UNHALTED_REF STAT           |  FIXC2  | 104499752915808 |  3598182105216 |  3608495671392 | 3.603440e+12 |
|               TOPDOWN_SLOTS STAT              |  FIXC3  | 522498934860935 | 17990895507085 | 18042509051150 |      nil     |
|              PWR_PKG_ENERGY STAT              |   PWR0  |     283386.6296 |              0 |    283386.6296 |    9771.9527 |
|              PWR_DRAM_ENERGY STAT             |   PWR3  |      32303.3364 |              0 |     32303.3364 |    1113.9082 |
| FP_ARITH_INST_RETIRED_128B_PACKED_DOUBLE STAT |   PMC0  |               0 |              0 |              0 |            0 |
|    FP_ARITH_INST_RETIRED_SCALAR_DOUBLE STAT   |   PMC1  |  35226324180460 |  1212624824653 |  1216926451798 |      nil     |
| FP_ARITH_INST_RETIRED_256B_PACKED_DOUBLE STAT |   PMC2  |               0 |              0 |              0 |            0 |
| FP_ARITH_INST_RETIRED_512B_PACKED_DOUBLE STAT |   PMC3  |    421831340497 |    14521037749 |    14572555305 |  14545908293 |
|               CAS_COUNT_RD STAT               | MBOX0C0 |    312688782997 |              0 |   312688782997 | 1.078237e+10 |
|               CAS_COUNT_WR STAT               | MBOX0C1 |    132394396423 |              0 |   132394396423 | 4.565324e+09 |
|               CAS_COUNT_RD STAT               | MBOX1C0 |    312676940306 |              0 |   312676940306 | 1.078196e+10 |
|               CAS_COUNT_WR STAT               | MBOX1C1 |    132377567919 |              0 |   132377567919 | 4.564744e+09 |
|               CAS_COUNT_RD STAT               | MBOX2C0 |    312745317223 |              0 |   312745317223 | 1.078432e+10 |
|               CAS_COUNT_WR STAT               | MBOX2C1 |    132369770868 |              0 |   132369770868 | 4.564475e+09 |
|               CAS_COUNT_RD STAT               | MBOX3C0 |    312734443006 |              0 |   312734443006 | 1.078395e+10 |
|               CAS_COUNT_WR STAT               | MBOX3C1 |    132389794971 |              0 |   132389794971 | 4.565165e+09 |
|               CAS_COUNT_RD STAT               | MBOX4C0 |    186271457960 |              0 |   186271457960 | 6.423154e+09 |
|               CAS_COUNT_WR STAT               | MBOX4C1 |     80162199965 |              0 |    80162199965 | 2.764214e+09 |
|               CAS_COUNT_RD STAT               | MBOX5C0 |    186271191367 |              0 |   186271191367 | 6.423145e+09 |
|               CAS_COUNT_WR STAT               | MBOX5C1 |     80161551068 |              0 |    80161551068 | 2.764191e+09 |
|               CAS_COUNT_RD STAT               | MBOX6C0 |    186333347019 |              0 |   186333347019 | 6.425288e+09 |
|               CAS_COUNT_WR STAT               | MBOX6C1 |     80167118189 |              0 |    80167118189 | 2.764383e+09 |
|               CAS_COUNT_RD STAT               | MBOX7C0 |    186300317127 |              0 |   186300317127 | 6.424149e+09 |
|               CAS_COUNT_WR STAT               | MBOX7C1 |     80158935944 |              0 |    80158935944 | 2.764101e+09 |
+-----------------------------------------------+---------+-----------------+----------------+----------------+--------------+

+-----------------------------------+-------------+-----------+-----------+-----------+-----------+-----------+-----------+-----------+-----------+-----------+-------------+-------------+-------------+-------------+-------------+-------------+-------------+-------------+-------------+-------------+-------------+-------------+-------------+-------------+-------------+-------------+-------------+-------------+-------------+
|               Metric              |  f0608:0:0  | f0608:1:1 | f0608:2:2 | f0608:3:3 | f0608:4:4 | f0608:5:5 | f0608:6:6 | f0608:7:7 | f0608:8:8 | f0608:9:9 | f0608:10:10 | f0608:11:11 | f0608:12:12 | f0608:13:13 | f0608:14:14 | f0608:15:15 | f0608:16:16 | f0608:17:17 | f0608:18:18 | f0608:19:19 | f0608:20:20 | f0608:21:21 | f0608:22:22 | f0608:23:23 | f0608:24:24 | f0608:25:25 | f0608:26:26 | f0608:27:27 | f0608:28:28 |
+-----------------------------------+-------------+-----------+-----------+-----------+-----------+-----------+-----------+-----------+-----------+-----------+-------------+-------------+-------------+-------------+-------------+-------------+-------------+-------------+-------------+-------------+-------------+-------------+-------------+-------------+-------------+-------------+-------------+-------------+-------------+
|        Runtime (RDTSC) [s]        |   1511.7370 | 1511.4920 | 1511.5180 | 1511.4570 | 1511.4550 | 1511.4910 | 1511.5040 | 1511.5050 | 1511.5300 | 1511.4800 |   1511.5400 |   1511.7050 |   1511.5270 |   1511.5590 |   1511.6270 |   1511.4520 |   1511.5360 |   1511.4550 |   1511.4660 |   1511.5080 |   1511.5510 |   1511.4610 |   1511.4510 |   1511.4420 |   1511.4710 |   1511.4570 |   1511.4560 |   1511.4530 |   1511.4490 |
|        Runtime unhalted [s]       |   1504.1362 | 1504.3232 | 1504.7202 | 1504.7260 | 1503.4723 | 1502.9198 | 1503.3399 | 1503.7245 | 1503.2693 | 1503.3774 |   1503.4932 |   1503.0205 |   1503.4368 |   1503.6661 |   1504.0204 |   1503.5232 |   1505.5812 |   1504.3776 |   1507.1139 |   1506.6405 |   1507.0190 |   1507.0455 |   1506.9626 |   1507.0330 |   1506.6714 |   1507.0418 |   1506.9892 |   1506.9861 |   1507.0736 |
|            Clock [MHz]            |   2393.9732 | 2394.3144 | 2394.3088 | 2394.3097 | 2394.3143 | 2394.3173 | 2394.3139 | 2394.2853 | 2394.3194 | 2394.3141 |   2394.2954 |   2393.9634 |   2394.3176 |   2394.2837 |   2394.1234 |   2394.3165 |   2394.2964 |   2394.3094 |   2394.3167 |   2394.2178 |   2394.2483 |   2394.3176 |   2394.3033 |   2394.3191 |   2394.3146 |   2394.3161 |   2394.3106 |   2394.3189 |   2394.3169 |
|                CPI                |      1.9485 |    1.9219 |    1.8819 |    1.9526 |    1.9024 |    1.9345 |    1.9263 |    1.9516 |    1.9147 |    1.8888 |      1.9525 |      1.9264 |      1.9460 |      1.9228 |      1.9353 |      1.9415 |      1.9466 |      1.9584 |      1.2369 |      1.7109 |      1.7376 |      1.7679 |      1.7684 |      1.7655 |      1.7706 |      1.7167 |      1.7694 |      1.7184 |      1.7515 |
|             Energy [J]            | 283386.6296 |         0 |         0 |         0 |         0 |         0 |         0 |         0 |         0 |         0 |           0 |           0 |           0 |           0 |           0 |           0 |           0 |           0 |           0 |           0 |           0 |           0 |           0 |           0 |           0 |           0 |           0 |           0 |           0 |
|             Power [W]             |    187.4576 |         0 |         0 |         0 |         0 |         0 |         0 |         0 |         0 |         0 |           0 |           0 |           0 |           0 |           0 |           0 |           0 |           0 |           0 |           0 |           0 |           0 |           0 |           0 |           0 |           0 |           0 |           0 |           0 |
|          Energy DRAM [J]          |  32303.3364 |         0 |         0 |         0 |         0 |         0 |         0 |         0 |         0 |         0 |           0 |           0 |           0 |           0 |           0 |           0 |           0 |           0 |           0 |           0 |           0 |           0 |           0 |           0 |           0 |           0 |           0 |           0 |           0 |
|           Power DRAM [W]          |     21.3684 |         0 |         0 |         0 |         0 |         0 |         0 |         0 |         0 |         0 |           0 |           0 |           0 |           0 |           0 |           0 |           0 |           0 |           0 |           0 |           0 |           0 |           0 |           0 |           0 |           0 |           0 |           0 |           0 |
|            DP [MFLOP/s]           |    882.1024 |  882.2445 |  882.2293 |  882.2649 |  882.2661 |  882.2450 |  882.2375 |  882.2369 |  882.2223 |  882.2515 |    882.2164 |    882.1201 |    882.2240 |    882.2053 |    879.0483 |    879.1501 |    879.1012 |    879.1483 |    879.1419 |    879.1175 |    879.0925 |    879.1448 |    879.1507 |    879.1559 |    879.1390 |    879.1472 |    879.1477 |    879.1495 |    879.1518 |
|          AVX DP [MFLOP/s]         |     77.1169 |   77.1294 |   77.1281 |   77.1312 |   77.1313 |   77.1294 |   77.1288 |   77.1287 |   77.1274 |   77.1300 |     77.1269 |     77.1185 |     77.1276 |     77.1260 |     76.8498 |     76.8587 |     76.8545 |     76.8586 |     76.8580 |     76.8559 |     76.8537 |     76.8583 |     76.8588 |     76.8593 |     76.8578 |     76.8585 |     76.8585 |     76.8587 |     76.8589 |
|          Packed [MUOPS/s]         |      9.6396 |    9.6412 |    9.6410 |    9.6414 |    9.6414 |    9.6412 |    9.6411 |    9.6411 |    9.6409 |    9.6412 |      9.6409 |      9.6398 |      9.6409 |      9.6407 |      9.6062 |      9.6073 |      9.6068 |      9.6073 |      9.6073 |      9.6070 |      9.6067 |      9.6073 |      9.6073 |      9.6074 |      9.6072 |      9.6073 |      9.6073 |      9.6073 |      9.6074 |
|          Scalar [MUOPS/s]         |    804.9856 |  805.1151 |  805.1012 |  805.1337 |  805.1348 |  805.1156 |  805.1087 |  805.1082 |  805.0948 |  805.1215 |    805.0895 |    805.0016 |    805.0964 |    805.0794 |    802.1985 |    802.2914 |    802.2468 |    802.2898 |    802.2839 |    802.2616 |    802.2388 |    802.2866 |    802.2919 |    802.2966 |    802.2812 |    802.2887 |    802.2892 |    802.2908 |    802.2929 |
|  Memory read bandwidth [MBytes/s] |  84502.3936 |         0 |         0 |         0 |         0 |         0 |         0 |         0 |         0 |         0 |           0 |           0 |           0 |           0 |           0 |           0 |           0 |           0 |           0 |           0 |           0 |           0 |           0 |           0 |           0 |           0 |           0 |           0 |           0 |
|  Memory read data volume [GBytes] | 127745.3950 |         0 |         0 |         0 |         0 |         0 |         0 |         0 |         0 |         0 |           0 |           0 |           0 |           0 |           0 |           0 |           0 |           0 |           0 |           0 |           0 |           0 |           0 |           0 |           0 |           0 |           0 |           0 |           0 |
| Memory write bandwidth [MBytes/s] |  35992.7722 |         0 |         0 |         0 |         0 |         0 |         0 |         0 |         0 |         0 |           0 |           0 |           0 |           0 |           0 |           0 |           0 |           0 |           0 |           0 |           0 |           0 |           0 |           0 |           0 |           0 |           0 |           0 |           0 |
| Memory write data volume [GBytes] |  54411.6055 |         0 |         0 |         0 |         0 |         0 |         0 |         0 |         0 |         0 |           0 |           0 |           0 |           0 |           0 |           0 |           0 |           0 |           0 |           0 |           0 |           0 |           0 |           0 |           0 |           0 |           0 |           0 |           0 |
|    Memory bandwidth [MBytes/s]    | 120495.1658 |         0 |         0 |         0 |         0 |         0 |         0 |         0 |         0 |         0 |           0 |           0 |           0 |           0 |           0 |           0 |           0 |           0 |           0 |           0 |           0 |           0 |           0 |           0 |           0 |           0 |           0 |           0 |           0 |
|    Memory data volume [GBytes]    | 182157.0005 |         0 |         0 |         0 |         0 |         0 |         0 |         0 |         0 |         0 |           0 |           0 |           0 |           0 |           0 |           0 |           0 |           0 |           0 |           0 |           0 |           0 |           0 |           0 |           0 |           0 |           0 |           0 |           0 |
|       Operational intensity       |      0.0073 |         0 |         0 |         0 |         0 |         0 |         0 |         0 |         0 |         0 |           0 |           0 |           0 |           0 |           0 |           0 |           0 |           0 |           0 |           0 |           0 |           0 |           0 |           0 |           0 |           0 |           0 |           0 |           0 |
+-----------------------------------+-------------+-----------+-----------+-----------+-----------+-----------+-----------+-----------+-----------+-----------+-------------+-------------+-------------+-------------+-------------+-------------+-------------+-------------+-------------+-------------+-------------+-------------+-------------+-------------+-------------+-------------+-------------+-------------+-------------+

+----------------------------------------+-------------+-----------+-------------+-----------+-----------+-----------+-----------+
|                 Metric                 |     Sum     |    Min    |     Max     |    Avg    |  %ile 25  |  %ile 50  |  %ile 75  |
+----------------------------------------+-------------+-----------+-------------+-----------+-----------+-----------+-----------+
|        Runtime (RDTSC) [s] STAT        |  43833.7350 | 1511.4420 |   1511.7370 | 1511.5081 | 1511.4550 | 1511.4910 | 1511.5300 |
|        Runtime unhalted [s] STAT       |  43645.7044 | 1502.9198 |   1507.1139 | 1505.0243 | 1503.4723 | 1504.3776 | 1506.9861 |
|            Clock [MHz] STAT            |  69433.9761 | 2393.9634 |   2394.3194 | 2394.2750 | 2394.2853 | 2394.3139 | 2394.3167 |
|                CPI STAT                |     53.4665 |    1.2369 |      1.9584 |    1.8437 |    1.7655 |    1.9147 |    1.9415 |
|             Energy [J] STAT            | 283386.6296 |         0 | 283386.6296 | 9771.9527 |         0 |         0 |         0 |
|             Power [W] STAT             |    187.4576 |         0 |    187.4576 |    6.4641 |         0 |         0 |         0 |
|          Energy DRAM [J] STAT          |  32303.3364 |         0 |  32303.3364 | 1113.9082 |         0 |         0 |         0 |
|           Power DRAM [W] STAT          |     21.3684 |         0 |     21.3684 |    0.7368 |         0 |         0 |         0 |
|            DP [MFLOP/s] STAT           |  25538.0526 |  879.0483 |    882.2661 |  880.6225 |  879.1448 |  879.1559 |  882.2293 |
|          AVX DP [MFLOP/s] STAT         |   2232.6382 |   76.8498 |     77.1313 |   76.9875 |   76.8583 |   76.8593 |   77.1281 |
|          Packed [MUOPS/s] STAT         |    279.0795 |    9.6062 |      9.6414 |    9.6234 |    9.6073 |    9.6074 |    9.6410 |
|          Scalar [MUOPS/s] STAT         |  23305.4148 |  802.1985 |    805.1348 |  803.6350 |  802.2866 |  802.2966 |  805.1012 |
|  Memory read bandwidth [MBytes/s] STAT |  84502.3936 |         0 |  84502.3936 | 2913.8756 |         0 |         0 |         0 |
|  Memory read data volume [GBytes] STAT | 127745.3950 |         0 | 127745.3950 | 4405.0136 |         0 |         0 |         0 |
| Memory write bandwidth [MBytes/s] STAT |  35992.7722 |         0 |  35992.7722 | 1241.1301 |         0 |         0 |         0 |
| Memory write data volume [GBytes] STAT |  54411.6055 |         0 |  54411.6055 | 1876.2623 |         0 |         0 |         0 |
|    Memory bandwidth [MBytes/s] STAT    | 120495.1658 |         0 | 120495.1658 | 4155.0057 |         0 |         0 |         0 |
|    Memory data volume [GBytes] STAT    | 182157.0005 |         0 | 182157.0005 | 6281.2759 |         0 |         0 |         0 |
|       Operational intensity STAT       |      0.0073 |         0 |      0.0073 |    0.0003 |         0 |         0 |         0 |
+----------------------------------------+-------------+-----------+-------------+-----------+-----------+-----------+-----------+

