WARN: Cannot extract OpenMP vendor from executable or commandline, assuming no OpenMP
Successfully initialised 23 MPI ranks.
Opening tea.out as log file.

Timestep 1
Error: 			5.444659e-11

Timestep 2
Error: 			3.489730e-12

Timestep 3
Error: 			2.490851e-13

Timestep 4
Error: 			1.518374e-14

Timestep 5
Error: 			9.880293e-16

Checking results...
Expected 9.200337173020409e+01
Actual   9.200337173014151e+01
This run [32mPASSED[0m (Difference is within 0.00000000%)
Group: 1
+------------------------------------------+---------+----------------+----------------+----------------+----------------+----------------+----------------+----------------+----------------+----------------+----------------+----------------+----------------+----------------+----------------+----------------+----------------+----------------+----------------+----------------+----------------+----------------+----------------+----------------+
|                   Event                  | Counter |    f0608:0:0   |    f0608:1:1   |    f0608:2:2   |    f0608:3:3   |    f0608:4:4   |    f0608:5:5   |    f0608:6:6   |    f0608:7:7   |    f0608:8:8   |    f0608:9:9   |   f0608:10:10  |   f0608:11:11  |   f0608:12:12  |   f0608:13:13  |   f0608:14:14  |   f0608:15:15  |   f0608:16:16  |   f0608:17:17  |   f0608:18:18  |   f0608:19:19  |   f0608:20:20  |   f0608:21:21  |   f0608:22:22  |
+------------------------------------------+---------+----------------+----------------+----------------+----------------+----------------+----------------+----------------+----------------+----------------+----------------+----------------+----------------+----------------+----------------+----------------+----------------+----------------+----------------+----------------+----------------+----------------+----------------+----------------+
|             INSTR_RETIRED_ANY            |  FIXC0  |  2343995797121 |  2386000980755 |  2325240566362 |  2355819491124 |  2326365980877 |  2328340108324 |  2356399966031 |  2343719936060 |  2324971744588 |  2324496147757 |  2329662564046 |  2329472263004 |  2375937110216 |  2332509455109 |  2333676346045 |  2327770713225 |  2391046715648 |  2322367574225 |  4710488901987 |  2720271249006 |  2715114783159 |  2710248706502 |  2740960804204 |
|           CPU_CLK_UNHALTED_CORE          |  FIXC1  |  4491300505637 |  4492998241102 |  4494112221901 |  4493169986792 |  4494176396203 |  4493473811391 |  4494178584473 |  4494900144044 |  4495245901040 |  4495100790359 |  4494801615428 |  4492645100629 |  4491800172879 |  4491113071760 |  4491639566812 |  4493642601385 |  4494199398760 |  4496530030250 |  4503101917840 |  4501751751623 |  4502728001861 |  4502795580345 |  4502855631578 |
|           CPU_CLK_UNHALTED_REF           |  FIXC2  |  4491300076512 |  4492997012064 |  4494109947456 |  4493168676288 |  4494175965792 |  4493473752480 |  4494178939200 |  4494900492384 |  4495244862336 |  4495099758720 |  4494803050464 |  4492645150560 |  4491801441984 |  4491112627776 |  4491638354592 |  4493642577120 |  4494200317152 |  4496532506784 |  4503092316288 |  4501730637696 |  4502716923552 |  4502778985344 |  4502842169952 |
|               TOPDOWN_SLOTS              |  FIXC3  | 22456502528185 | 22464991205510 | 22470561109505 | 22465849933960 | 22470881981015 | 22467369056955 | 22470892922365 | 22474500720220 | 22476229505200 | 22475503951795 | 22474008077140 | 22463225503145 | 22459000864395 | 22455565358800 | 22458197834060 | 22468213006925 | 22470996993800 | 22482650151250 | 22515509589200 | 22508758758115 | 22513640009305 | 22513977901725 | 22514278157890 |
|              PWR_PKG_ENERGY              |   PWR0  |    317346.7462 |              0 |              0 |              0 |              0 |              0 |              0 |              0 |              0 |              0 |              0 |              0 |              0 |              0 |              0 |              0 |              0 |              0 |              0 |              0 |              0 |              0 |              0 |
|              PWR_DRAM_ENERGY             |   PWR3  |     35443.0484 |              0 |              0 |              0 |              0 |              0 |              0 |              0 |              0 |              0 |              0 |              0 |              0 |              0 |              0 |              0 |              0 |              0 |              0 |              0 |              0 |              0 |              0 |
| FP_ARITH_INST_RETIRED_128B_PACKED_DOUBLE |   PMC0  |              0 |              0 |              0 |              0 |              0 |              0 |              0 |              0 |              0 |              0 |              0 |              0 |              0 |              0 |              0 |              0 |              0 |              0 |              0 |              0 |              0 |              0 |              0 |
|    FP_ARITH_INST_RETIRED_SCALAR_DOUBLE   |   PMC1  |  1535132271022 |  1535131747273 |  1535131442278 |  1535131448278 |  1530831361436 |  1530831352703 |  1530831356419 |  1530831348275 |  1530831343288 |  1530831353240 |  1530831340366 |  1530831341935 |  1530831349044 |  1530831329085 |  1530831324985 |  1530831333705 |  1530831340099 |  1530831343339 |  1530831331223 |  1530831326129 |  1530831335211 |  1530831329289 |  1530831331199 |
| FP_ARITH_INST_RETIRED_256B_PACKED_DOUBLE |   PMC2  |              0 |              0 |              0 |              0 |              0 |              0 |              0 |              0 |              0 |              0 |              0 |              0 |              0 |              0 |              0 |              0 |              0 |              0 |              0 |              0 |              0 |              0 |              0 |
| FP_ARITH_INST_RETIRED_512B_PACKED_DOUBLE |   PMC3  |    18382998417 |    18382998417 |    18382998417 |    18382998417 |    18331480863 |    18331480863 |    18331480863 |    18331480863 |    18331480863 |    18331480863 |    18331480863 |    18331480863 |    18331480863 |    18331480863 |    18331480863 |    18331480863 |    18331480863 |    18331480863 |    18331480863 |    18331480863 |    18331480863 |    18331480863 |    18331480863 |
|               CAS_COUNT_RD               | MBOX0C0 |   394290304089 |              0 |              0 |              0 |              0 |              0 |              0 |              0 |              0 |              0 |              0 |              0 |              0 |              0 |              0 |              0 |              0 |              0 |              0 |              0 |              0 |              0 |              0 |
|               CAS_COUNT_WR               | MBOX0C1 |   166323202507 |              0 |              0 |              0 |              0 |              0 |              0 |              0 |              0 |              0 |              0 |              0 |              0 |              0 |              0 |              0 |              0 |              0 |              0 |              0 |              0 |              0 |              0 |
|               CAS_COUNT_RD               | MBOX1C0 |   394280254146 |              0 |              0 |              0 |              0 |              0 |              0 |              0 |              0 |              0 |              0 |              0 |              0 |              0 |              0 |              0 |              0 |              0 |              0 |              0 |              0 |              0 |              0 |
|               CAS_COUNT_WR               | MBOX1C1 |   166305550519 |              0 |              0 |              0 |              0 |              0 |              0 |              0 |              0 |              0 |              0 |              0 |              0 |              0 |              0 |              0 |              0 |              0 |              0 |              0 |              0 |              0 |              0 |
|               CAS_COUNT_RD               | MBOX2C0 |   394391320709 |              0 |              0 |              0 |              0 |              0 |              0 |              0 |              0 |              0 |              0 |              0 |              0 |              0 |              0 |              0 |              0 |              0 |              0 |              0 |              0 |              0 |              0 |
|               CAS_COUNT_WR               | MBOX2C1 |   166305211158 |              0 |              0 |              0 |              0 |              0 |              0 |              0 |              0 |              0 |              0 |              0 |              0 |              0 |              0 |              0 |              0 |              0 |              0 |              0 |              0 |              0 |              0 |
|               CAS_COUNT_RD               | MBOX3C0 |   394336092528 |              0 |              0 |              0 |              0 |              0 |              0 |              0 |              0 |              0 |              0 |              0 |              0 |              0 |              0 |              0 |              0 |              0 |              0 |              0 |              0 |              0 |              0 |
|               CAS_COUNT_WR               | MBOX3C1 |   166306511749 |              0 |              0 |              0 |              0 |              0 |              0 |              0 |              0 |              0 |              0 |              0 |              0 |              0 |              0 |              0 |              0 |              0 |              0 |              0 |              0 |              0 |              0 |
|               CAS_COUNT_RD               | MBOX4C0 |   104962098532 |              0 |              0 |              0 |              0 |              0 |              0 |              0 |              0 |              0 |              0 |              0 |              0 |              0 |              0 |              0 |              0 |              0 |              0 |              0 |              0 |              0 |              0 |
|               CAS_COUNT_WR               | MBOX4C1 |    45169495605 |              0 |              0 |              0 |              0 |              0 |              0 |              0 |              0 |              0 |              0 |              0 |              0 |              0 |              0 |              0 |              0 |              0 |              0 |              0 |              0 |              0 |              0 |
|               CAS_COUNT_RD               | MBOX5C0 |   104941788340 |              0 |              0 |              0 |              0 |              0 |              0 |              0 |              0 |              0 |              0 |              0 |              0 |              0 |              0 |              0 |              0 |              0 |              0 |              0 |              0 |              0 |              0 |
|               CAS_COUNT_WR               | MBOX5C1 |    45162499505 |              0 |              0 |              0 |              0 |              0 |              0 |              0 |              0 |              0 |              0 |              0 |              0 |              0 |              0 |              0 |              0 |              0 |              0 |              0 |              0 |              0 |              0 |
|               CAS_COUNT_RD               | MBOX6C0 |   104984517779 |              0 |              0 |              0 |              0 |              0 |              0 |              0 |              0 |              0 |              0 |              0 |              0 |              0 |              0 |              0 |              0 |              0 |              0 |              0 |              0 |              0 |              0 |
|               CAS_COUNT_WR               | MBOX6C1 |    45172892243 |              0 |              0 |              0 |              0 |              0 |              0 |              0 |              0 |              0 |              0 |              0 |              0 |              0 |              0 |              0 |              0 |              0 |              0 |              0 |              0 |              0 |              0 |
|               CAS_COUNT_RD               | MBOX7C0 |   104974677989 |              0 |              0 |              0 |              0 |              0 |              0 |              0 |              0 |              0 |              0 |              0 |              0 |              0 |              0 |              0 |              0 |              0 |              0 |              0 |              0 |              0 |              0 |
|               CAS_COUNT_WR               | MBOX7C1 |    45169025411 |              0 |              0 |              0 |              0 |              0 |              0 |              0 |              0 |              0 |              0 |              0 |              0 |              0 |              0 |              0 |              0 |              0 |              0 |              0 |              0 |              0 |              0 |
+------------------------------------------+---------+----------------+----------------+----------------+----------------+----------------+----------------+----------------+----------------+----------------+----------------+----------------+----------------+----------------+----------------+----------------+----------------+----------------+----------------+----------------+----------------+----------------+----------------+----------------+

+-----------------------------------------------+---------+-----------------+----------------+----------------+--------------+
|                     Event                     | Counter |       Sum       |       Min      |       Max      |      Avg     |
+-----------------------------------------------+---------+-----------------+----------------+----------------+--------------+
|             INSTR_RETIRED_ANY STAT            |  FIXC0  |  57754877905375 |  2322367574225 |  4710488901987 | 2.511082e+12 |
|           CPU_CLK_UNHALTED_CORE STAT          |  FIXC1  | 103398261024092 |  4491113071760 |  4503101917840 | 4.495577e+12 |
|           CPU_CLK_UNHALTED_REF STAT           |  FIXC2  | 103398186542496 |  4491112627776 |  4503092316288 | 4.495573e+12 |
|               TOPDOWN_SLOTS STAT              |  FIXC3  | 516991305120460 | 22455565358800 | 22515509589200 |      nil     |
|              PWR_PKG_ENERGY STAT              |   PWR0  |     317346.7462 |              0 |    317346.7462 |   13797.6846 |
|              PWR_DRAM_ENERGY STAT             |   PWR3  |      35443.0484 |              0 |     35443.0484 |    1541.0021 |
| FP_ARITH_INST_RETIRED_128B_PACKED_DOUBLE STAT |   PMC0  |               0 |              0 |              0 |            0 |
|    FP_ARITH_INST_RETIRED_SCALAR_DOUBLE STAT   |   PMC1  |  35226322379821 |  1530831324985 |  1535132271022 | 1.531579e+12 |
| FP_ARITH_INST_RETIRED_256B_PACKED_DOUBLE STAT |   PMC2  |               0 |              0 |              0 |            0 |
| FP_ARITH_INST_RETIRED_512B_PACKED_DOUBLE STAT |   PMC3  |    421830130065 |    18331480863 |    18382998417 | 1.834044e+10 |
|               CAS_COUNT_RD STAT               | MBOX0C0 |    394290304089 |              0 |   394290304089 | 1.714306e+10 |
|               CAS_COUNT_WR STAT               | MBOX0C1 |    166323202507 |              0 |   166323202507 | 7.231444e+09 |
|               CAS_COUNT_RD STAT               | MBOX1C0 |    394280254146 |              0 |   394280254146 | 1.714262e+10 |
|               CAS_COUNT_WR STAT               | MBOX1C1 |    166305550519 |              0 |   166305550519 | 7.230676e+09 |
|               CAS_COUNT_RD STAT               | MBOX2C0 |    394391320709 |              0 |   394391320709 | 1.714745e+10 |
|               CAS_COUNT_WR STAT               | MBOX2C1 |    166305211158 |              0 |   166305211158 | 7.230661e+09 |
|               CAS_COUNT_RD STAT               | MBOX3C0 |    394336092528 |              0 |   394336092528 | 1.714505e+10 |
|               CAS_COUNT_WR STAT               | MBOX3C1 |    166306511749 |              0 |   166306511749 | 7.230718e+09 |
|               CAS_COUNT_RD STAT               | MBOX4C0 |    104962098532 |              0 |   104962098532 | 4.563570e+09 |
|               CAS_COUNT_WR STAT               | MBOX4C1 |     45169495605 |              0 |    45169495605 | 1.963891e+09 |
|               CAS_COUNT_RD STAT               | MBOX5C0 |    104941788340 |              0 |   104941788340 | 4.562686e+09 |
|               CAS_COUNT_WR STAT               | MBOX5C1 |     45162499505 |              0 |    45162499505 |   1963586935 |
|               CAS_COUNT_RD STAT               | MBOX6C0 |    104984517779 |              0 |   104984517779 | 4.564544e+09 |
|               CAS_COUNT_WR STAT               | MBOX6C1 |     45172892243 |              0 |    45172892243 | 1.964039e+09 |
|               CAS_COUNT_RD STAT               | MBOX7C0 |    104974677989 |              0 |   104974677989 | 4.564116e+09 |
|               CAS_COUNT_WR STAT               | MBOX7C1 |     45169025411 |              0 |    45169025411 | 1.963871e+09 |
+-----------------------------------------------+---------+-----------------+----------------+----------------+--------------+

+-----------------------------------+-------------+-----------+-----------+-----------+-----------+-----------+-----------+-----------+-----------+-----------+-------------+-------------+-------------+-------------+-------------+-------------+-------------+-------------+-------------+-------------+-------------+-------------+-------------+
|               Metric              |  f0608:0:0  | f0608:1:1 | f0608:2:2 | f0608:3:3 | f0608:4:4 | f0608:5:5 | f0608:6:6 | f0608:7:7 | f0608:8:8 | f0608:9:9 | f0608:10:10 | f0608:11:11 | f0608:12:12 | f0608:13:13 | f0608:14:14 | f0608:15:15 | f0608:16:16 | f0608:17:17 | f0608:18:18 | f0608:19:19 | f0608:20:20 | f0608:21:21 | f0608:22:22 |
+-----------------------------------+-------------+-----------+-----------+-----------+-----------+-----------+-----------+-----------+-----------+-----------+-------------+-------------+-------------+-------------+-------------+-------------+-------------+-------------+-------------+-------------+-------------+-------------+-------------+
|        Runtime (RDTSC) [s]        |   1885.4180 | 1885.5970 | 1885.4910 | 1885.4440 | 1885.4170 | 1885.4280 | 1885.4920 | 1885.4930 | 1885.4260 | 1885.4770 |   1885.4910 |   1885.4280 |   1885.4320 |   1885.6320 |   1885.4960 |   1885.4650 |   1885.4820 |   1885.4770 |   1885.4270 |   1885.4770 |   1885.4640 |   1885.4800 |   1885.4900 |
|        Runtime unhalted [s]       |   1875.8186 | 1876.6694 | 1876.9963 | 1876.6008 | 1877.0199 | 1876.7261 | 1877.0850 | 1877.3409 | 1877.4658 | 1877.4078 |   1877.2887 |   1876.3826 |   1876.0285 |   1875.9179 |   1875.9594 |   1876.7959 |   1877.0286 |   1878.0064 |   1880.7463 |   1880.1939 |   1880.5947 |   1880.6239 |   1880.6463 |
|            Clock [MHz]            |   2394.3152 | 2394.1348 | 2394.3119 | 2394.3139 | 2394.3150 | 2394.3152 | 2394.2327 | 2394.2907 | 2394.3163 | 2394.3130 |   2394.3042 |   2394.3118 |   2394.3128 |   2394.0885 |   2394.3167 |   2394.3161 |   2394.3154 |   2394.3090 |   2394.3216 |   2394.3131 |   2394.3166 |   2394.3182 |   2394.3200 |
|                CPI                |      1.9161 |    1.8831 |    1.9328 |    1.9073 |    1.9318 |    1.9299 |    1.9072 |    1.9178 |    1.9335 |    1.9338 |      1.9294 |      1.9286 |      1.8905 |      1.9254 |      1.9247 |      1.9304 |      1.8796 |      1.9362 |      0.9560 |      1.6549 |      1.6584 |      1.6614 |      1.6428 |
|             Energy [J]            | 317346.7462 |         0 |         0 |         0 |         0 |         0 |         0 |         0 |         0 |         0 |           0 |           0 |           0 |           0 |           0 |           0 |           0 |           0 |           0 |           0 |           0 |           0 |           0 |
|             Power [W]             |    168.3164 |         0 |         0 |         0 |         0 |         0 |         0 |         0 |         0 |         0 |           0 |           0 |           0 |           0 |           0 |           0 |           0 |           0 |           0 |           0 |           0 |           0 |           0 |
|          Energy DRAM [J]          |  35443.0484 |         0 |         0 |         0 |         0 |         0 |         0 |         0 |         0 |         0 |           0 |           0 |           0 |           0 |           0 |           0 |           0 |           0 |           0 |           0 |           0 |           0 |           0 |
|           Power DRAM [W]          |     18.7985 |         0 |         0 |         0 |         0 |         0 |         0 |         0 |         0 |         0 |           0 |           0 |           0 |           0 |           0 |           0 |           0 |           0 |           0 |           0 |           0 |           0 |           0 |
|            DP [MFLOP/s]           |    892.2140 |  892.1290 |  892.1790 |  892.2012 |  889.7147 |  889.7095 |  889.6793 |  889.6788 |  889.7104 |  889.6864 |    889.6798 |    889.7095 |    889.7076 |    889.6132 |    889.6774 |    889.6920 |    889.6840 |    889.6864 |    889.7100 |    889.6864 |    889.6925 |    889.6849 |    889.6802 |
|          AVX DP [MFLOP/s]         |     78.0007 |   77.9933 |   77.9977 |   77.9997 |   77.7822 |   77.7817 |   77.7791 |   77.7790 |   77.7818 |   77.7797 |     77.7791 |     77.7817 |     77.7816 |     77.7733 |     77.7789 |     77.7802 |     77.7795 |     77.7797 |     77.7818 |     77.7797 |     77.7802 |     77.7796 |     77.7792 |
|          Packed [MUOPS/s]         |      9.7501 |    9.7492 |    9.7497 |    9.7500 |    9.7228 |    9.7227 |    9.7224 |    9.7224 |    9.7227 |    9.7225 |      9.7224 |      9.7227 |      9.7227 |      9.7217 |      9.7224 |      9.7225 |      9.7224 |      9.7225 |      9.7227 |      9.7225 |      9.7225 |      9.7224 |      9.7224 |
|          Scalar [MUOPS/s]         |    814.2132 |  814.1357 |  814.1813 |  814.2016 |  811.9325 |  811.9278 |  811.9002 |  811.8998 |  811.9286 |  811.9067 |    811.9006 |    811.9278 |    811.9260 |    811.8399 |    811.8985 |    811.9118 |    811.9045 |    811.9067 |    811.9282 |    811.9067 |    811.9123 |    811.9054 |    811.9011 |
|  Memory read bandwidth [MBytes/s] |  67793.0875 |         0 |         0 |         0 |         0 |         0 |         0 |         0 |         0 |         0 |           0 |           0 |           0 |           0 |           0 |           0 |           0 |           0 |           0 |           0 |           0 |           0 |           0 |
|  Memory read data volume [GBytes] | 127818.3075 |         0 |         0 |         0 |         0 |         0 |         0 |         0 |         0 |         0 |           0 |           0 |           0 |           0 |           0 |           0 |           0 |           0 |           0 |           0 |           0 |           0 |           0 |
| Memory write bandwidth [MBytes/s] |  28714.3333 |         0 |         0 |         0 |         0 |         0 |         0 |         0 |         0 |         0 |           0 |           0 |           0 |           0 |           0 |           0 |           0 |           0 |           0 |           0 |           0 |           0 |           0 |
| Memory write data volume [GBytes] |  54138.5209 |         0 |         0 |         0 |         0 |         0 |         0 |         0 |         0 |         0 |           0 |           0 |           0 |           0 |           0 |           0 |           0 |           0 |           0 |           0 |           0 |           0 |           0 |
|    Memory bandwidth [MBytes/s]    |  96507.4208 |         0 |         0 |         0 |         0 |         0 |         0 |         0 |         0 |         0 |           0 |           0 |           0 |           0 |           0 |           0 |           0 |           0 |           0 |           0 |           0 |           0 |           0 |
|    Memory data volume [GBytes]    | 181956.8283 |         0 |         0 |         0 |         0 |         0 |         0 |         0 |         0 |         0 |           0 |           0 |           0 |           0 |           0 |           0 |           0 |           0 |           0 |           0 |           0 |           0 |           0 |
|       Operational intensity       |      0.0092 |         0 |         0 |         0 |         0 |         0 |         0 |         0 |         0 |         0 |           0 |           0 |           0 |           0 |           0 |           0 |           0 |           0 |           0 |           0 |           0 |           0 |           0 |
+-----------------------------------+-------------+-----------+-----------+-----------+-----------+-----------+-----------+-----------+-----------+-----------+-------------+-------------+-------------+-------------+-------------+-------------+-------------+-------------+-------------+-------------+-------------+-------------+-------------+

+----------------------------------------+-------------+-----------+-------------+------------+-----------+-----------+-----------+
|                 Metric                 |     Sum     |    Min    |     Max     |     Avg    |  %ile 25  |  %ile 50  |  %ile 75  |
+----------------------------------------+-------------+-----------+-------------+------------+-----------+-----------+-----------+
|        Runtime (RDTSC) [s] STAT        |  43365.9240 | 1885.4170 |   1885.6320 |  1885.4750 | 1885.4280 | 1885.4770 | 1885.4910 |
|        Runtime unhalted [s] STAT       |  43185.3437 | 1875.8186 |   1880.7463 |  1877.6236 | 1876.6008 | 1877.0286 | 1877.4658 |
|            Clock [MHz] STAT            |  55068.7227 | 2394.0885 |   2394.3216 |  2394.2923 | 2394.3090 | 2394.3139 | 2394.3161 |
|                CPI STAT                |     42.1116 |    0.9560 |      1.9362 |     1.8309 |    1.8796 |    1.9178 |    1.9299 |
|             Energy [J] STAT            | 317346.7462 |         0 | 317346.7462 | 13797.6846 |         0 |         0 |         0 |
|             Power [W] STAT             |    168.3164 |         0 |    168.3164 |     7.3181 |         0 |         0 |         0 |
|          Energy DRAM [J] STAT          |  35443.0484 |         0 |  35443.0484 |  1541.0021 |         0 |         0 |         0 |
|           Power DRAM [W] STAT          |     18.7985 |         0 |     18.7985 |     0.8173 |         0 |         0 |         0 |
|            DP [MFLOP/s] STAT           |  20472.8062 |  889.6132 |    892.2140 |   890.1220 |  889.6802 |  889.6920 |  889.7100 |
|          AVX DP [MFLOP/s] STAT         |   1789.8094 |   77.7733 |     78.0007 |    77.8178 |   77.7792 |   77.7802 |   77.7818 |
|          Packed [MUOPS/s] STAT         |    223.7263 |    9.7217 |      9.7501 |     9.7272 |    9.7224 |    9.7225 |    9.7227 |
|          Scalar [MUOPS/s] STAT         |  18682.9969 |  811.8399 |    814.2132 |   812.3042 |  811.9011 |  811.9118 |  811.9282 |
|  Memory read bandwidth [MBytes/s] STAT |  67793.0875 |         0 |  67793.0875 |  2947.5255 |         0 |         0 |         0 |
|  Memory read data volume [GBytes] STAT | 127818.3075 |         0 | 127818.3075 |  5557.3177 |         0 |         0 |         0 |
| Memory write bandwidth [MBytes/s] STAT |  28714.3333 |         0 |  28714.3333 |  1248.4493 |         0 |         0 |         0 |
| Memory write data volume [GBytes] STAT |  54138.5209 |         0 |  54138.5209 |  2353.8487 |         0 |         0 |         0 |
|    Memory bandwidth [MBytes/s] STAT    |  96507.4208 |         0 |  96507.4208 |  4195.9748 |         0 |         0 |         0 |
|    Memory data volume [GBytes] STAT    | 181956.8283 |         0 | 181956.8283 |  7911.1664 |         0 |         0 |         0 |
|       Operational intensity STAT       |      0.0092 |         0 |      0.0092 |     0.0004 |         0 |         0 |         0 |
+----------------------------------------+-------------+-----------+-------------+------------+-----------+-----------+-----------+

