WARN: Cannot extract OpenMP vendor from executable or commandline, assuming no OpenMP
Successfully initialised 25 MPI ranks.
Opening tea.out as log file.

Timestep 1
Error: 			5.444659e-11

Timestep 2
Error: 			3.489730e-12

Timestep 3
Error: 			2.490882e-13

Timestep 4
Error: 			1.518600e-14

Timestep 5
Error: 			9.881540e-16

Checking results...
Expected 9.200337173020409e+01
Actual   9.200337173010196e+01
This run [32mPASSED[0m (Difference is within 0.00000000%)
Group: 1
+------------------------------------------+---------+----------------+----------------+----------------+----------------+----------------+----------------+----------------+----------------+----------------+----------------+----------------+----------------+----------------+----------------+----------------+----------------+----------------+----------------+----------------+----------------+----------------+----------------+----------------+----------------+----------------+
|                   Event                  | Counter |    f0608:0:0   |    f0608:1:1   |    f0608:2:2   |    f0608:3:3   |    f0608:4:4   |    f0608:5:5   |    f0608:6:6   |    f0608:7:7   |    f0608:8:8   |    f0608:9:9   |   f0608:10:10  |   f0608:11:11  |   f0608:12:12  |   f0608:13:13  |   f0608:14:14  |   f0608:15:15  |   f0608:16:16  |   f0608:17:17  |   f0608:18:18  |   f0608:19:19  |   f0608:20:20  |   f0608:21:21  |   f0608:22:22  |   f0608:23:23  |   f0608:24:24  |
+------------------------------------------+---------+----------------+----------------+----------------+----------------+----------------+----------------+----------------+----------------+----------------+----------------+----------------+----------------+----------------+----------------+----------------+----------------+----------------+----------------+----------------+----------------+----------------+----------------+----------------+----------------+----------------+
|             INSTR_RETIRED_ANY            |  FIXC0  |  2203523105322 |  2172758960069 |  2180478104306 |  2160912149024 |  2158995043054 |  2159260563348 |  2232402430230 |  2149242177035 |  2160417044128 |  2151303069824 |  2153949003785 |  2167411763727 |  2189518074081 |  2175477923751 |  2228085022055 |  2244950489584 |  2179895478758 |  2151621408397 |  4157444694971 |  4117571465908 |  4088007841277 |  4134428359472 |  4159315003160 |  4155459322957 |  2484079849276 |
|           CPU_CLK_UNHALTED_CORE          |  FIXC1  |  4177019348503 |  4178723328178 |  4179560188412 |  4178728744653 |  4174589556734 |  4175056442239 |  4175156518929 |  4176596188093 |  4176066581518 |  4175049966474 |  4176786379181 |  4175331131284 |  4177411761917 |  4177030845735 |  4177047951762 |  4176692503694 |  4183015429139 |  4181829515180 |  4188721498230 |  4187506223660 |  4188482625361 |  4188564586703 |  4188619347465 |  4188604046676 |  4187894839274 |
|           CPU_CLK_UNHALTED_REF           |  FIXC2  |  4177021996704 |  4178724256992 |  4179559395744 |  4178729283360 |  4174590657984 |  4175056338432 |  4175158416864 |  4176597150336 |  4176066211872 |  4175050844832 |  4176788696064 |  4175333087040 |  4177414210560 |  4177032327264 |  4177048381632 |  4176692984160 |  4183018008768 |  4181829915360 |  4188708844704 |  4187488325856 |  4188471250848 |  4188548858592 |  4188606818688 |  4188595780128 |  4187881948128 |
|               TOPDOWN_SLOTS              |  FIXC3  | 20885096742515 | 20893616640890 | 20897800942060 | 20893643723265 | 20872947783670 | 20875282211195 | 20875782594645 | 20882980940465 | 20880332907590 | 20875249832370 | 20883931895905 | 20876655656420 | 20887058809585 | 20885154228675 | 20885239758810 | 20883462518470 | 20915077145695 | 20909147575900 | 20943607491150 | 20937531118300 | 20942413126805 | 20942822933515 | 20943096737325 | 20943020233380 | 20939474196370 |
|              PWR_PKG_ENERGY              |   PWR0  |    307511.4813 |              0 |              0 |              0 |              0 |              0 |              0 |              0 |              0 |              0 |              0 |              0 |              0 |              0 |              0 |              0 |              0 |              0 |              0 |              0 |              0 |              0 |              0 |              0 |              0 |
|              PWR_DRAM_ENERGY             |   PWR3  |     34201.8992 |              0 |              0 |              0 |              0 |              0 |              0 |              0 |              0 |              0 |              0 |              0 |              0 |              0 |              0 |              0 |              0 |              0 |              0 |              0 |              0 |              0 |              0 |              0 |              0 |
| FP_ARITH_INST_RETIRED_128B_PACKED_DOUBLE |   PMC0  |              0 |              0 |              0 |              0 |              0 |              0 |              0 |              0 |              0 |              0 |              0 |              0 |              0 |              0 |              0 |              0 |              0 |              0 |              0 |              0 |              0 |              0 |              0 |              0 |              0 |
|    FP_ARITH_INST_RETIRED_SCALAR_DOUBLE   |   PMC1  |  1410086397988 |  1410085179612 |  1409224841761 |  1409224834887 |  1409224829379 |  1410085162796 |  1410085168378 |  1409224801389 |  1409224832785 |  1409224818419 |  1409224839416 |  1409224826336 |  1408365008488 |  1408364983414 |  1408365010082 |  1409224817494 |  1409224807746 |  1408365000520 |  1408364977170 |  1408364972336 |  1409224782304 |  1409224790732 |  1408364964730 |  1408364962146 |  1408364960970 |
| FP_ARITH_INST_RETIRED_256B_PACKED_DOUBLE |   PMC2  |              0 |              0 |              0 |              0 |              0 |              0 |              0 |              0 |              0 |              0 |              0 |              0 |              0 |              0 |              0 |              0 |              0 |              0 |              0 |              0 |              0 |              0 |              0 |              0 |              0 |
| FP_ARITH_INST_RETIRED_512B_PACKED_DOUBLE |   PMC3  |    16949322842 |    16949322840 |    16928735713 |    16928735713 |    16928735713 |    16949322840 |    16949322840 |    16928735713 |    16928735713 |    16928735713 |    16938969043 |    16938969043 |    16918381916 |    16918381916 |    16918381916 |    16938969043 |    16938969043 |    16918381916 |    16918381916 |    16918381916 |    16938969043 |    16938969043 |    16918381916 |    16918381916 |    16918381916 |
|               CAS_COUNT_RD               | MBOX0C0 |   361932732406 |              0 |              0 |              0 |              0 |              0 |              0 |              0 |              0 |              0 |              0 |              0 |              0 |              0 |              0 |              0 |              0 |              0 |              0 |              0 |              0 |              0 |              0 |              0 |              0 |
|               CAS_COUNT_WR               | MBOX0C1 |   152541835902 |              0 |              0 |              0 |              0 |              0 |              0 |              0 |              0 |              0 |              0 |              0 |              0 |              0 |              0 |              0 |              0 |              0 |              0 |              0 |              0 |              0 |              0 |              0 |              0 |
|               CAS_COUNT_RD               | MBOX1C0 |   361904027041 |              0 |              0 |              0 |              0 |              0 |              0 |              0 |              0 |              0 |              0 |              0 |              0 |              0 |              0 |              0 |              0 |              0 |              0 |              0 |              0 |              0 |              0 |              0 |              0 |
|               CAS_COUNT_WR               | MBOX1C1 |   152521244564 |              0 |              0 |              0 |              0 |              0 |              0 |              0 |              0 |              0 |              0 |              0 |              0 |              0 |              0 |              0 |              0 |              0 |              0 |              0 |              0 |              0 |              0 |              0 |              0 |
|               CAS_COUNT_RD               | MBOX2C0 |   362010273851 |              0 |              0 |              0 |              0 |              0 |              0 |              0 |              0 |              0 |              0 |              0 |              0 |              0 |              0 |              0 |              0 |              0 |              0 |              0 |              0 |              0 |              0 |              0 |              0 |
|               CAS_COUNT_WR               | MBOX2C1 |   152516616131 |              0 |              0 |              0 |              0 |              0 |              0 |              0 |              0 |              0 |              0 |              0 |              0 |              0 |              0 |              0 |              0 |              0 |              0 |              0 |              0 |              0 |              0 |              0 |              0 |
|               CAS_COUNT_RD               | MBOX3C0 |   361981821776 |              0 |              0 |              0 |              0 |              0 |              0 |              0 |              0 |              0 |              0 |              0 |              0 |              0 |              0 |              0 |              0 |              0 |              0 |              0 |              0 |              0 |              0 |              0 |              0 |
|               CAS_COUNT_WR               | MBOX3C1 |   152530706110 |              0 |              0 |              0 |              0 |              0 |              0 |              0 |              0 |              0 |              0 |              0 |              0 |              0 |              0 |              0 |              0 |              0 |              0 |              0 |              0 |              0 |              0 |              0 |              0 |
|               CAS_COUNT_RD               | MBOX4C0 |   137122702458 |              0 |              0 |              0 |              0 |              0 |              0 |              0 |              0 |              0 |              0 |              0 |              0 |              0 |              0 |              0 |              0 |              0 |              0 |              0 |              0 |              0 |              0 |              0 |              0 |
|               CAS_COUNT_WR               | MBOX4C1 |    58496547471 |              0 |              0 |              0 |              0 |              0 |              0 |              0 |              0 |              0 |              0 |              0 |              0 |              0 |              0 |              0 |              0 |              0 |              0 |              0 |              0 |              0 |              0 |              0 |              0 |
|               CAS_COUNT_RD               | MBOX5C0 |   137112750094 |              0 |              0 |              0 |              0 |              0 |              0 |              0 |              0 |              0 |              0 |              0 |              0 |              0 |              0 |              0 |              0 |              0 |              0 |              0 |              0 |              0 |              0 |              0 |              0 |
|               CAS_COUNT_WR               | MBOX5C1 |    58500985700 |              0 |              0 |              0 |              0 |              0 |              0 |              0 |              0 |              0 |              0 |              0 |              0 |              0 |              0 |              0 |              0 |              0 |              0 |              0 |              0 |              0 |              0 |              0 |              0 |
|               CAS_COUNT_RD               | MBOX6C0 |   137294338631 |              0 |              0 |              0 |              0 |              0 |              0 |              0 |              0 |              0 |              0 |              0 |              0 |              0 |              0 |              0 |              0 |              0 |              0 |              0 |              0 |              0 |              0 |              0 |              0 |
|               CAS_COUNT_WR               | MBOX6C1 |    58504288070 |              0 |              0 |              0 |              0 |              0 |              0 |              0 |              0 |              0 |              0 |              0 |              0 |              0 |              0 |              0 |              0 |              0 |              0 |              0 |              0 |              0 |              0 |              0 |              0 |
|               CAS_COUNT_RD               | MBOX7C0 |   137270999453 |              0 |              0 |              0 |              0 |              0 |              0 |              0 |              0 |              0 |              0 |              0 |              0 |              0 |              0 |              0 |              0 |              0 |              0 |              0 |              0 |              0 |              0 |              0 |              0 |
|               CAS_COUNT_WR               | MBOX7C1 |    58498558320 |              0 |              0 |              0 |              0 |              0 |              0 |              0 |              0 |              0 |              0 |              0 |              0 |              0 |              0 |              0 |              0 |              0 |              0 |              0 |              0 |              0 |              0 |              0 |              0 |
+------------------------------------------+---------+----------------+----------------+----------------+----------------+----------------+----------------+----------------+----------------+----------------+----------------+----------------+----------------+----------------+----------------+----------------+----------------+----------------+----------------+----------------+----------------+----------------+----------------+----------------+----------------+----------------+

+-----------------------------------------------+---------+-----------------+----------------+----------------+--------------+
|                     Event                     | Counter |       Sum       |       Min      |       Max      |      Avg     |
+-----------------------------------------------+---------+-----------------+----------------+----------------+--------------+
|             INSTR_RETIRED_ANY STAT            |  FIXC0  |  66516508347499 |  2149242177035 |  4159315003160 |      nil     |
|           CPU_CLK_UNHALTED_CORE STAT          |  FIXC1  | 104510085548994 |  4174589556734 |  4188721498230 | 4.180403e+12 |
|           CPU_CLK_UNHALTED_REF STAT           |  FIXC2  | 104510013990912 |  4174590657984 |  4188708844704 | 4.180401e+12 |
|               TOPDOWN_SLOTS STAT              |  FIXC3  | 522550427744970 | 20872947783670 | 20943607491150 |      nil     |
|              PWR_PKG_ENERGY STAT              |   PWR0  |     307511.4813 |              0 |    307511.4813 |   12300.4593 |
|              PWR_DRAM_ENERGY STAT             |   PWR3  |      34201.8992 |              0 |     34201.8992 |    1368.0760 |
| FP_ARITH_INST_RETIRED_128B_PACKED_DOUBLE STAT |   PMC0  |               0 |              0 |              0 |            0 |
|    FP_ARITH_INST_RETIRED_SCALAR_DOUBLE STAT   |   PMC1  |  35226324571278 |  1408364960970 |  1410086397988 | 1.409053e+12 |
| FP_ARITH_INST_RETIRED_256B_PACKED_DOUBLE STAT |   PMC2  |               0 |              0 |              0 |            0 |
| FP_ARITH_INST_RETIRED_512B_PACKED_DOUBLE STAT |   PMC3  |    423268957142 |    16918381916 |    16949322842 | 1.693076e+10 |
|               CAS_COUNT_RD STAT               | MBOX0C0 |    361932732406 |              0 |   361932732406 | 1.447731e+10 |
|               CAS_COUNT_WR STAT               | MBOX0C1 |    152541835902 |              0 |   152541835902 | 6.101673e+09 |
|               CAS_COUNT_RD STAT               | MBOX1C0 |    361904027041 |              0 |   361904027041 | 1.447616e+10 |
|               CAS_COUNT_WR STAT               | MBOX1C1 |    152521244564 |              0 |   152521244564 | 6.100850e+09 |
|               CAS_COUNT_RD STAT               | MBOX2C0 |    362010273851 |              0 |   362010273851 | 1.448041e+10 |
|               CAS_COUNT_WR STAT               | MBOX2C1 |    152516616131 |              0 |   152516616131 | 6.100665e+09 |
|               CAS_COUNT_RD STAT               | MBOX3C0 |    361981821776 |              0 |   361981821776 | 1.447927e+10 |
|               CAS_COUNT_WR STAT               | MBOX3C1 |    152530706110 |              0 |   152530706110 | 6.101228e+09 |
|               CAS_COUNT_RD STAT               | MBOX4C0 |    137122702458 |              0 |   137122702458 | 5.484908e+09 |
|               CAS_COUNT_WR STAT               | MBOX4C1 |     58496547471 |              0 |    58496547471 | 2.339862e+09 |
|               CAS_COUNT_RD STAT               | MBOX5C0 |    137112750094 |              0 |   137112750094 | 5.484510e+09 |
|               CAS_COUNT_WR STAT               | MBOX5C1 |     58500985700 |              0 |    58500985700 |   2340039428 |
|               CAS_COUNT_RD STAT               | MBOX6C0 |    137294338631 |              0 |   137294338631 | 5.491774e+09 |
|               CAS_COUNT_WR STAT               | MBOX6C1 |     58504288070 |              0 |    58504288070 | 2.340172e+09 |
|               CAS_COUNT_RD STAT               | MBOX7C0 |    137270999453 |              0 |   137270999453 | 5.490840e+09 |
|               CAS_COUNT_WR STAT               | MBOX7C1 |     58498558320 |              0 |    58498558320 | 2.339942e+09 |
+-----------------------------------------------+---------+-----------------+----------------+----------------+--------------+

+-----------------------------------+-------------+-----------+-----------+-----------+-----------+-----------+-----------+-----------+-----------+-----------+-------------+-------------+-------------+-------------+-------------+-------------+-------------+-------------+-------------+-------------+-------------+-------------+-------------+-------------+-------------+
|               Metric              |  f0608:0:0  | f0608:1:1 | f0608:2:2 | f0608:3:3 | f0608:4:4 | f0608:5:5 | f0608:6:6 | f0608:7:7 | f0608:8:8 | f0608:9:9 | f0608:10:10 | f0608:11:11 | f0608:12:12 | f0608:13:13 | f0608:14:14 | f0608:15:15 | f0608:16:16 | f0608:17:17 | f0608:18:18 | f0608:19:19 | f0608:20:20 | f0608:21:21 | f0608:22:22 | f0608:23:23 | f0608:24:24 |
+-----------------------------------+-------------+-----------+-----------+-----------+-----------+-----------+-----------+-----------+-----------+-----------+-------------+-------------+-------------+-------------+-------------+-------------+-------------+-------------+-------------+-------------+-------------+-------------+-------------+-------------+-------------+
|        Runtime (RDTSC) [s]        |   1753.8020 | 1753.9320 | 1753.8250 | 1754.0220 | 1753.9140 | 1753.8120 | 1754.0590 | 1753.9070 | 1753.8280 | 1753.9390 |   1753.8310 |   1753.9340 |   1753.8710 |   1754.1060 |   1754.0030 |   1753.8390 |   1753.8540 |   1753.8210 |   1753.9140 |   1753.7990 |   1753.8090 |   1753.8120 |   1753.8180 |   1753.8100 |   1753.8980 |
|        Runtime unhalted [s]       |   1744.5597 | 1745.2875 | 1745.6189 | 1745.4647 | 1743.5424 | 1743.7389 | 1743.9220 | 1744.3812 | 1744.1603 | 1743.7352 |   1744.4593 |   1743.8789 |   1744.7229 |   1744.7554 |   1744.7566 |   1744.4201 |   1747.0634 |   1746.5660 |   1749.4443 |   1748.9381 |   1749.3463 |   1749.3782 |   1749.4152 |   1749.3979 |   1749.0978 |
|            Clock [MHz]            |   2394.3099 | 2394.2888 | 2394.3147 | 2394.0490 | 2394.3143 | 2394.3129 | 2394.1178 | 2394.3134 | 2394.3137 | 2394.3138 |   2394.3144 |   2394.2770 |   2394.3111 |   2394.0487 |   2394.0574 |   2394.3155 |   2394.3108 |   2394.3150 |   2394.3226 |   2394.3238 |   2394.3196 |   2394.3252 |   2394.3041 |   2394.3166 |   2394.3246 |
|                CPI                |      1.8956 |    1.9232 |    1.9168 |    1.9338 |    1.9336 |    1.9336 |    1.8703 |    1.9433 |    1.9330 |    1.9407 |      1.9391 |      1.9264 |      1.9079 |      1.9201 |      1.8747 |      1.8605 |      1.9189 |      1.9436 |      1.0075 |      1.0170 |      1.0246 |      1.0131 |      1.0070 |      1.0080 |      1.6859 |
|             Energy [J]            | 307511.4813 |         0 |         0 |         0 |         0 |         0 |         0 |         0 |         0 |         0 |           0 |           0 |           0 |           0 |           0 |           0 |           0 |           0 |           0 |           0 |           0 |           0 |           0 |           0 |           0 |
|             Power [W]             |    175.3399 |         0 |         0 |         0 |         0 |         0 |         0 |         0 |         0 |         0 |           0 |           0 |           0 |           0 |           0 |           0 |           0 |           0 |           0 |           0 |           0 |           0 |           0 |           0 |           0 |
|          Energy DRAM [J]          |  34201.8992 |         0 |         0 |         0 |         0 |         0 |         0 |         0 |         0 |         0 |           0 |           0 |           0 |           0 |           0 |           0 |           0 |           0 |           0 |           0 |           0 |           0 |           0 |           0 |           0 |
|           Power DRAM [W]          |     19.5016 |         0 |         0 |         0 |         0 |         0 |         0 |         0 |         0 |         0 |           0 |           0 |           0 |           0 |           0 |           0 |           0 |           0 |           0 |           0 |           0 |           0 |           0 |           0 |           0 |
|            DP [MFLOP/s]           |    881.3315 |  881.2655 |  880.7348 |  880.6359 |  880.6901 |  881.3258 |  881.2017 |  880.6936 |  880.7333 |  880.6776 |    880.7785 |    880.7267 |    880.1742 |    880.0563 |    880.1080 |    880.7744 |    880.7669 |    880.1993 |    880.1526 |    880.2103 |    880.7895 |    880.7880 |    880.2008 |    880.2048 |    880.1607 |
|          AVX DP [MFLOP/s]         |     77.3146 |   77.3089 |   77.2197 |   77.2111 |   77.2158 |   77.3142 |   77.3033 |   77.2161 |   77.2196 |   77.2147 |     77.2661 |     77.2616 |     77.1705 |     77.1601 |     77.1647 |     77.2658 |     77.2651 |     77.1727 |     77.1686 |     77.1736 |     77.2671 |     77.2670 |     77.1728 |     77.1732 |     77.1693 |
|          Packed [MUOPS/s]         |      9.6643 |    9.6636 |    9.6525 |    9.6514 |    9.6520 |    9.6643 |    9.6629 |    9.6520 |    9.6524 |    9.6518 |      9.6583 |      9.6577 |      9.6463 |      9.6450 |      9.6456 |      9.6582 |      9.6581 |      9.6466 |      9.6461 |      9.6467 |      9.6584 |      9.6584 |      9.6466 |      9.6466 |      9.6462 |
|          Scalar [MUOPS/s]         |    804.0169 |  803.9566 |  803.5151 |  803.4248 |  803.4743 |  804.0116 |  803.8984 |  803.4775 |  803.5137 |  803.4628 |    803.5123 |    803.4651 |    803.0038 |    802.8962 |    802.9433 |    803.5087 |    803.5018 |    803.0266 |    802.9841 |    803.0367 |    803.5224 |    803.5210 |    803.0280 |    803.0317 |    802.9914 |
|  Memory read bandwidth [MBytes/s] |  72861.3021 |         0 |         0 |         0 |         0 |         0 |         0 |         0 |         0 |         0 |           0 |           0 |           0 |           0 |           0 |           0 |           0 |           0 |           0 |           0 |           0 |           0 |           0 |           0 |           0 |
|  Memory read data volume [GBytes] | 127784.2973 |         0 |         0 |         0 |         0 |         0 |         0 |         0 |         0 |         0 |           0 |           0 |           0 |           0 |           0 |           0 |           0 |           0 |           0 |           0 |           0 |           0 |           0 |           0 |           0 |
| Memory write bandwidth [MBytes/s] |  30803.4146 |         0 |         0 |         0 |         0 |         0 |         0 |         0 |         0 |         0 |           0 |           0 |           0 |           0 |           0 |           0 |           0 |           0 |           0 |           0 |           0 |           0 |           0 |           0 |           0 |
| Memory write data volume [GBytes] |  54023.0901 |         0 |         0 |         0 |         0 |         0 |         0 |         0 |         0 |         0 |           0 |           0 |           0 |           0 |           0 |           0 |           0 |           0 |           0 |           0 |           0 |           0 |           0 |           0 |           0 |
|    Memory bandwidth [MBytes/s]    | 103664.7167 |         0 |         0 |         0 |         0 |         0 |         0 |         0 |         0 |         0 |           0 |           0 |           0 |           0 |           0 |           0 |           0 |           0 |           0 |           0 |           0 |           0 |           0 |           0 |           0 |
|    Memory data volume [GBytes]    | 181807.3874 |         0 |         0 |         0 |         0 |         0 |         0 |         0 |         0 |         0 |           0 |           0 |           0 |           0 |           0 |           0 |           0 |           0 |           0 |           0 |           0 |           0 |           0 |           0 |           0 |
|       Operational intensity       |      0.0085 |         0 |         0 |         0 |         0 |         0 |         0 |         0 |         0 |         0 |           0 |           0 |           0 |           0 |           0 |           0 |           0 |           0 |           0 |           0 |           0 |           0 |           0 |           0 |           0 |
+-----------------------------------+-------------+-----------+-----------+-----------+-----------+-----------+-----------+-----------+-----------+-----------+-------------+-------------+-------------+-------------+-------------+-------------+-------------+-------------+-------------+-------------+-------------+-------------+-------------+-------------+-------------+

+----------------------------------------+-------------+-----------+-------------+------------+-----------+-----------+-----------+
|                 Metric                 |     Sum     |    Min    |     Max     |     Avg    |  %ile 25  |  %ile 50  |  %ile 75  |
+----------------------------------------+-------------+-----------+-------------+------------+-----------+-----------+-----------+
|        Runtime (RDTSC) [s] STAT        |  43847.1590 | 1753.7990 |   1754.1060 |  1753.8864 | 1753.8120 | 1753.8540 | 1753.9320 |
|        Runtime unhalted [s] STAT       |  43650.0512 | 1743.5424 |   1749.4443 |  1746.0020 | 1744.1603 | 1744.7566 | 1748.9381 |
|            Clock [MHz] STAT            |  59856.8347 | 2394.0487 |   2394.3252 |  2394.2734 | 2394.2888 | 2394.3137 | 2394.3155 |
|                CPI STAT                |     42.2782 |    1.0070 |      1.9436 |     1.6911 |    1.0246 |    1.9168 |    1.9336 |
|             Energy [J] STAT            | 307511.4813 |         0 | 307511.4813 | 12300.4593 |         0 |         0 |         0 |
|             Power [W] STAT             |    175.3399 |         0 |    175.3399 |     7.0136 |         0 |         0 |         0 |
|          Energy DRAM [J] STAT          |  34201.8992 |         0 |  34201.8992 |  1368.0760 |         0 |         0 |         0 |
|           Power DRAM [W] STAT          |     19.5016 |         0 |     19.5016 |     0.7801 |         0 |         0 |         0 |
|            DP [MFLOP/s] STAT           |  22015.3808 |  880.0563 |    881.3315 |   880.6152 |  880.1993 |  880.6936 |  880.7785 |
|          AVX DP [MFLOP/s] STAT         |   1930.6562 |   77.1601 |     77.3146 |    77.2262 |   77.1727 |   77.2161 |   77.2661 |
|          Packed [MUOPS/s] STAT         |    241.3320 |    9.6450 |      9.6643 |     9.6533 |    9.6466 |    9.6520 |    9.6583 |
|          Scalar [MUOPS/s] STAT         |  20084.7248 |  802.8962 |    804.0169 |   803.3890 |  803.0266 |  803.4743 |  803.5151 |
|  Memory read bandwidth [MBytes/s] STAT |  72861.3021 |         0 |  72861.3021 |  2914.4521 |         0 |         0 |         0 |
|  Memory read data volume [GBytes] STAT | 127784.2973 |         0 | 127784.2973 |  5111.3719 |         0 |         0 |         0 |
| Memory write bandwidth [MBytes/s] STAT |  30803.4146 |         0 |  30803.4146 |  1232.1366 |         0 |         0 |         0 |
| Memory write data volume [GBytes] STAT |  54023.0901 |         0 |  54023.0901 |  2160.9236 |         0 |         0 |         0 |
|    Memory bandwidth [MBytes/s] STAT    | 103664.7167 |         0 | 103664.7167 |  4146.5887 |         0 |         0 |         0 |
|    Memory data volume [GBytes] STAT    | 181807.3874 |         0 | 181807.3874 |  7272.2955 |         0 |         0 |         0 |
|       Operational intensity STAT       |      0.0085 |         0 |      0.0085 |     0.0003 |         0 |         0 |         0 |
+----------------------------------------+-------------+-----------+-------------+------------+-----------+-----------+-----------+

