WARN: Cannot extract OpenMP vendor from executable or commandline, assuming no OpenMP
Successfully initialised 26 MPI ranks.
Opening tea.out as log file.

Timestep 1
Error: 			5.444659e-11

Timestep 2
Error: 			3.489730e-12

Timestep 3
Error: 			2.490763e-13

Timestep 4
Error: 			1.517512e-14

Timestep 5
Error: 			9.869541e-16

Checking results...
Expected 9.200337173020409e+01
Actual   9.200337173014094e+01
This run [32mPASSED[0m (Difference is within 0.00000000%)
Group: 1
+------------------------------------------+---------+----------------+----------------+----------------+----------------+----------------+----------------+----------------+----------------+----------------+----------------+----------------+----------------+----------------+----------------+----------------+----------------+----------------+----------------+----------------+----------------+----------------+----------------+----------------+----------------+----------------+----------------+
|                   Event                  | Counter |    f0608:0:0   |    f0608:1:1   |    f0608:2:2   |    f0608:3:3   |    f0608:4:4   |    f0608:5:5   |    f0608:6:6   |    f0608:7:7   |    f0608:8:8   |    f0608:9:9   |   f0608:10:10  |   f0608:11:11  |   f0608:12:12  |   f0608:13:13  |   f0608:14:14  |   f0608:15:15  |   f0608:16:16  |   f0608:17:17  |   f0608:18:18  |   f0608:19:19  |   f0608:20:20  |   f0608:21:21  |   f0608:22:22  |   f0608:23:23  |   f0608:24:24  |   f0608:25:25  |
+------------------------------------------+---------+----------------+----------------+----------------+----------------+----------------+----------------+----------------+----------------+----------------+----------------+----------------+----------------+----------------+----------------+----------------+----------------+----------------+----------------+----------------+----------------+----------------+----------------+----------------+----------------+----------------+----------------+
|             INSTR_RETIRED_ANY            |  FIXC0  |  2071466759243 |  2146292751599 |  2082509666797 |  2059983713593 |  2112285073664 |  2066612170937 |  2109514176127 |  2059713054318 |  2069005042859 |  2089914367216 |  2097512228579 |  2063637057664 |  2122733868153 |  2066689790639 |  2058787687563 |  2082474539935 |  2060785575545 |  2091876351336 |  3797790451694 |  3783503877846 |  2352137903605 |  2376142079039 |  2352488150129 |  2369182604909 |  2355375807521 |  2385638668155 |
|           CPU_CLK_UNHALTED_CORE          |  FIXC1  |  4001029429009 |  4005893688513 |  4006551229418 |  4005934478362 |  4003291303520 |  4004514790263 |  4004463213725 |  4006392003651 |  4004079246324 |  4006025261827 |  4006611873073 |  4003126851243 |  4001667443876 |  4004000145615 |  4003071038213 |  4002532231514 |  4011171412688 |  4009615429977 |  4017319334263 |  4016225448934 |  4017034559391 |  4016959715330 |  4017240896270 |  4017060069920 |  4016476654475 |  4017341685142 |
|           CPU_CLK_UNHALTED_REF           |  FIXC2  |  4001031764160 |  4005894763968 |  4006551984864 |  4005936794976 |  4003293583488 |  4004518135776 |  4004466212448 |  4006395648576 |  4004081006784 |  4006026892704 |  4006614583200 |  4003129844064 |  4001672762208 |  4004002660032 |  4003072861248 |  4002535242720 |  4011174204000 |  4009619376192 |  4017314748576 |  4016217659712 |  4017025919136 |  4016951085696 |  4017230803680 |  4017043986624 |  4016470353408 |  4017330474720 |
|               TOPDOWN_SLOTS              |  FIXC3  | 20005147145045 | 20029468442565 | 20032756147090 | 20029672391810 | 20016456517600 | 20022573951315 | 20022316068625 | 20031960018255 | 20020396231620 | 20030126309135 | 20033059365365 | 20015634256215 | 20008337219380 | 20020000728075 | 20015355191065 | 20012661157570 | 20055857063440 | 20048077149885 | 20086596671315 | 20081127244670 | 20085172796955 | 20084798576650 | 20086204481350 | 20085300349600 | 20082383272375 | 20086708425710 |
|              PWR_PKG_ENERGY              |   PWR0  |    299580.4341 |              0 |              0 |              0 |              0 |              0 |              0 |              0 |              0 |              0 |              0 |              0 |              0 |              0 |              0 |              0 |              0 |              0 |              0 |              0 |              0 |              0 |              0 |              0 |              0 |              0 |
|              PWR_DRAM_ENERGY             |   PWR3  |     33724.2471 |              0 |              0 |              0 |              0 |              0 |              0 |              0 |              0 |              0 |              0 |              0 |              0 |              0 |              0 |              0 |              0 |              0 |              0 |              0 |              0 |              0 |              0 |              0 |              0 |              0 |
| FP_ARITH_INST_RETIRED_128B_PACKED_DOUBLE |   PMC0  |              0 |              0 |              0 |              0 |              0 |              0 |              0 |              0 |              0 |              0 |              0 |              0 |              0 |              0 |              0 |              0 |              0 |              0 |              0 |              0 |              0 |              0 |              0 |              0 |              0 |              0 |
|    FP_ARITH_INST_RETIRED_SCALAR_DOUBLE   |   PMC1  |  1356679135026 |  1356677850626 |  1356677854518 |  1356677837772 |  1354527787021 |  1354527798891 |  1354527797379 |  1354527786585 |  1354527764599 |  1354527772365 |  1354527771995 |  1354527770147 |  1354527798623 |  1354527765087 |  1354527758175 |  1354527751857 |  1354527741301 |  1354527745178 |  1354527742855 |  1354527737215 |  1354527758001 |  1354527733251 |  1354527721587 |  1354527729097 |  1354527721531 |  1354527731947 |
| FP_ARITH_INST_RETIRED_256B_PACKED_DOUBLE |   PMC2  |              0 |              0 |              0 |              0 |              0 |              0 |              0 |              0 |              0 |              0 |              0 |              0 |              0 |              0 |              0 |              0 |              0 |              0 |              0 |              0 |              0 |              0 |              0 |              0 |              0 |              0 |
| FP_ARITH_INST_RETIRED_512B_PACKED_DOUBLE |   PMC3  |    16253934765 |    16253934767 |    16253934767 |    16253934767 |    16228150843 |    16228150843 |    16228150843 |    16228150843 |    16228150843 |    16228150843 |    16228150843 |    16228150843 |    16228150843 |    16228150843 |    16228150843 |    16228150843 |    16228150843 |    16228150843 |    16228150843 |    16228150843 |    16228150843 |    16228150843 |    16228150843 |    16228150843 |    16228150843 |    16228150843 |
|               CAS_COUNT_RD               | MBOX0C0 |   347984583293 |              0 |              0 |              0 |              0 |              0 |              0 |              0 |              0 |              0 |              0 |              0 |              0 |              0 |              0 |              0 |              0 |              0 |              0 |              0 |              0 |              0 |              0 |              0 |              0 |              0 |
|               CAS_COUNT_WR               | MBOX0C1 |   146621930565 |              0 |              0 |              0 |              0 |              0 |              0 |              0 |              0 |              0 |              0 |              0 |              0 |              0 |              0 |              0 |              0 |              0 |              0 |              0 |              0 |              0 |              0 |              0 |              0 |              0 |
|               CAS_COUNT_RD               | MBOX1C0 |   347949427554 |              0 |              0 |              0 |              0 |              0 |              0 |              0 |              0 |              0 |              0 |              0 |              0 |              0 |              0 |              0 |              0 |              0 |              0 |              0 |              0 |              0 |              0 |              0 |              0 |              0 |
|               CAS_COUNT_WR               | MBOX1C1 |   146579244274 |              0 |              0 |              0 |              0 |              0 |              0 |              0 |              0 |              0 |              0 |              0 |              0 |              0 |              0 |              0 |              0 |              0 |              0 |              0 |              0 |              0 |              0 |              0 |              0 |              0 |
|               CAS_COUNT_RD               | MBOX2C0 |   348006790196 |              0 |              0 |              0 |              0 |              0 |              0 |              0 |              0 |              0 |              0 |              0 |              0 |              0 |              0 |              0 |              0 |              0 |              0 |              0 |              0 |              0 |              0 |              0 |              0 |              0 |
|               CAS_COUNT_WR               | MBOX2C1 |   146590917545 |              0 |              0 |              0 |              0 |              0 |              0 |              0 |              0 |              0 |              0 |              0 |              0 |              0 |              0 |              0 |              0 |              0 |              0 |              0 |              0 |              0 |              0 |              0 |              0 |              0 |
|               CAS_COUNT_RD               | MBOX3C0 |   348024799174 |              0 |              0 |              0 |              0 |              0 |              0 |              0 |              0 |              0 |              0 |              0 |              0 |              0 |              0 |              0 |              0 |              0 |              0 |              0 |              0 |              0 |              0 |              0 |              0 |              0 |
|               CAS_COUNT_WR               | MBOX3C1 |   146602498788 |              0 |              0 |              0 |              0 |              0 |              0 |              0 |              0 |              0 |              0 |              0 |              0 |              0 |              0 |              0 |              0 |              0 |              0 |              0 |              0 |              0 |              0 |              0 |              0 |              0 |
|               CAS_COUNT_RD               | MBOX4C0 |   150298909313 |              0 |              0 |              0 |              0 |              0 |              0 |              0 |              0 |              0 |              0 |              0 |              0 |              0 |              0 |              0 |              0 |              0 |              0 |              0 |              0 |              0 |              0 |              0 |              0 |              0 |
|               CAS_COUNT_WR               | MBOX4C1 |    64443482755 |              0 |              0 |              0 |              0 |              0 |              0 |              0 |              0 |              0 |              0 |              0 |              0 |              0 |              0 |              0 |              0 |              0 |              0 |              0 |              0 |              0 |              0 |              0 |              0 |              0 |
|               CAS_COUNT_RD               | MBOX5C0 |   150286105455 |              0 |              0 |              0 |              0 |              0 |              0 |              0 |              0 |              0 |              0 |              0 |              0 |              0 |              0 |              0 |              0 |              0 |              0 |              0 |              0 |              0 |              0 |              0 |              0 |              0 |
|               CAS_COUNT_WR               | MBOX5C1 |    64443696471 |              0 |              0 |              0 |              0 |              0 |              0 |              0 |              0 |              0 |              0 |              0 |              0 |              0 |              0 |              0 |              0 |              0 |              0 |              0 |              0 |              0 |              0 |              0 |              0 |              0 |
|               CAS_COUNT_RD               | MBOX6C0 |   150395154502 |              0 |              0 |              0 |              0 |              0 |              0 |              0 |              0 |              0 |              0 |              0 |              0 |              0 |              0 |              0 |              0 |              0 |              0 |              0 |              0 |              0 |              0 |              0 |              0 |              0 |
|               CAS_COUNT_WR               | MBOX6C1 |    64444071385 |              0 |              0 |              0 |              0 |              0 |              0 |              0 |              0 |              0 |              0 |              0 |              0 |              0 |              0 |              0 |              0 |              0 |              0 |              0 |              0 |              0 |              0 |              0 |              0 |              0 |
|               CAS_COUNT_RD               | MBOX7C0 |   150386228624 |              0 |              0 |              0 |              0 |              0 |              0 |              0 |              0 |              0 |              0 |              0 |              0 |              0 |              0 |              0 |              0 |              0 |              0 |              0 |              0 |              0 |              0 |              0 |              0 |              0 |
|               CAS_COUNT_WR               | MBOX7C1 |    64442849197 |              0 |              0 |              0 |              0 |              0 |              0 |              0 |              0 |              0 |              0 |              0 |              0 |              0 |              0 |              0 |              0 |              0 |              0 |              0 |              0 |              0 |              0 |              0 |              0 |              0 |
+------------------------------------------+---------+----------------+----------------+----------------+----------------+----------------+----------------+----------------+----------------+----------------+----------------+----------------+----------------+----------------+----------------+----------------+----------------+----------------+----------------+----------------+----------------+----------------+----------------+----------------+----------------+----------------+----------------+

+-----------------------------------------------+---------+-----------------+----------------+----------------+--------------+
|                     Event                     | Counter |       Sum       |       Min      |       Max      |      Avg     |
+-----------------------------------------------+---------+-----------------+----------------+----------------+--------------+
|             INSTR_RETIRED_ANY STAT            |  FIXC0  |  59284053418665 |  2058787687563 |  3797790451694 | 2.280156e+12 |
|           CPU_CLK_UNHALTED_CORE STAT          |  FIXC1  | 104225629434536 |  4001029429009 |  4017341685142 | 4.008678e+12 |
|           CPU_CLK_UNHALTED_REF STAT           |  FIXC2  | 104225603352960 |  4001031764160 |  4017330474720 | 4.008677e+12 |
|               TOPDOWN_SLOTS STAT              |  FIXC3  | 521128147172680 | 20005147145045 | 20086708425710 |      nil     |
|              PWR_PKG_ENERGY STAT              |   PWR0  |     299580.4341 |              0 |    299580.4341 |   11522.3244 |
|              PWR_DRAM_ENERGY STAT             |   PWR3  |      33724.2471 |              0 |     33724.2471 |    1297.0864 |
| FP_ARITH_INST_RETIRED_128B_PACKED_DOUBLE STAT |   PMC0  |               0 |              0 |              0 |            0 |
|    FP_ARITH_INST_RETIRED_SCALAR_DOUBLE STAT   |   PMC1  |  35226323362629 |  1354527721531 |  1356679135026 | 1.354859e+12 |
| FP_ARITH_INST_RETIRED_256B_PACKED_DOUBLE STAT |   PMC2  |               0 |              0 |              0 |            0 |
| FP_ARITH_INST_RETIRED_512B_PACKED_DOUBLE STAT |   PMC3  |    422035057612 |    16228150843 |    16253934767 | 1.623212e+10 |
|               CAS_COUNT_RD STAT               | MBOX0C0 |    347984583293 |              0 |   347984583293 | 1.338402e+10 |
|               CAS_COUNT_WR STAT               | MBOX0C1 |    146621930565 |              0 |   146621930565 | 5.639305e+09 |
|               CAS_COUNT_RD STAT               | MBOX1C0 |    347949427554 |              0 |   347949427554 | 1.338267e+10 |
|               CAS_COUNT_WR STAT               | MBOX1C1 |    146579244274 |              0 |   146579244274 | 5.637663e+09 |
|               CAS_COUNT_RD STAT               | MBOX2C0 |    348006790196 |              0 |   348006790196 |  13384876546 |
|               CAS_COUNT_WR STAT               | MBOX2C1 |    146590917545 |              0 |   146590917545 | 5.638112e+09 |
|               CAS_COUNT_RD STAT               | MBOX3C0 |    348024799174 |              0 |   348024799174 |  13385569199 |
|               CAS_COUNT_WR STAT               | MBOX3C1 |    146602498788 |              0 |   146602498788 | 5.638558e+09 |
|               CAS_COUNT_RD STAT               | MBOX4C0 |    150298909313 |              0 |   150298909313 | 5.780727e+09 |
|               CAS_COUNT_WR STAT               | MBOX4C1 |     64443482755 |              0 |    64443482755 | 2.478595e+09 |
|               CAS_COUNT_RD STAT               | MBOX5C0 |    150286105455 |              0 |   150286105455 | 5.780235e+09 |
|               CAS_COUNT_WR STAT               | MBOX5C1 |     64443696471 |              0 |    64443696471 | 2.478604e+09 |
|               CAS_COUNT_RD STAT               | MBOX6C0 |    150395154502 |              0 |   150395154502 | 5.784429e+09 |
|               CAS_COUNT_WR STAT               | MBOX6C1 |     64444071385 |              0 |    64444071385 | 2.478618e+09 |
|               CAS_COUNT_RD STAT               | MBOX7C0 |    150386228624 |              0 |   150386228624 | 5.784086e+09 |
|               CAS_COUNT_WR STAT               | MBOX7C1 |     64442849197 |              0 |    64442849197 | 2.478571e+09 |
+-----------------------------------------------+---------+-----------------+----------------+----------------+--------------+

+-----------------------------------+-------------+-----------+-----------+-----------+-----------+-----------+-----------+-----------+-----------+-----------+-------------+-------------+-------------+-------------+-------------+-------------+-------------+-------------+-------------+-------------+-------------+-------------+-------------+-------------+-------------+-------------+
|               Metric              |  f0608:0:0  | f0608:1:1 | f0608:2:2 | f0608:3:3 | f0608:4:4 | f0608:5:5 | f0608:6:6 | f0608:7:7 | f0608:8:8 | f0608:9:9 | f0608:10:10 | f0608:11:11 | f0608:12:12 | f0608:13:13 | f0608:14:14 | f0608:15:15 | f0608:16:16 | f0608:17:17 | f0608:18:18 | f0608:19:19 | f0608:20:20 | f0608:21:21 | f0608:22:22 | f0608:23:23 | f0608:24:24 | f0608:25:25 |
+-----------------------------------+-------------+-----------+-----------+-----------+-----------+-----------+-----------+-----------+-----------+-----------+-------------+-------------+-------------+-------------+-------------+-------------+-------------+-------------+-------------+-------------+-------------+-------------+-------------+-------------+-------------+-------------+
|        Runtime (RDTSC) [s]        |   1682.5950 | 1682.3250 | 1682.4130 | 1682.3870 | 1682.4040 | 1682.3310 | 1682.4320 | 1682.3070 | 1682.3200 | 1682.4200 |   1682.4540 |   1682.5280 |   1682.3640 |   1682.4400 |   1682.3520 |   1682.3390 |   1682.4350 |   1682.4580 |   1682.3360 |   1682.3040 |   1682.3260 |   1682.2930 |   1682.2980 |   1682.4520 |   1682.3060 |   1682.3110 |
|        Runtime unhalted [s]       |   1671.3003 | 1673.0933 | 1673.3595 | 1673.1648 | 1671.9986 | 1672.5256 | 1672.4897 | 1673.2908 | 1672.3385 | 1673.1383 |   1673.4005 |   1672.1490 |   1671.3209 |   1672.3123 |   1671.9078 |   1671.6969 |   1675.3114 |   1674.7010 |   1677.8893 |   1677.4011 |   1677.7559 |   1677.7046 |   1677.8231 |   1677.8547 |   1677.5052 |   1677.8786 |
|            Clock [MHz]            |   2393.9606 | 2394.3032 | 2394.3155 | 2394.2245 | 2394.3137 | 2394.2901 | 2394.3108 | 2394.3169 | 2394.2985 | 2394.3170 |   2394.2918 |   2393.9994 |   2394.3110 |   2394.2882 |   2394.3122 |   2394.2912 |   2394.2825 |   2394.2253 |   2394.2724 |   2394.3190 |   2394.2954 |   2394.3240 |   2394.3233 |   2394.1740 |   2394.3192 |   2394.3048 |
|                CPI                |      1.9315 |    1.8664 |    1.9239 |    1.9446 |    1.8952 |    1.9377 |    1.8983 |    1.9451 |    1.9353 |    1.9168 |      1.9102 |      1.9398 |      1.8851 |      1.9374 |      1.9444 |      1.9220 |      1.9464 |      1.9168 |      1.0578 |      1.0615 |      1.7078 |      1.6905 |      1.7077 |      1.6955 |      1.7052 |      1.6840 |
|             Energy [J]            | 299580.4341 |         0 |         0 |         0 |         0 |         0 |         0 |         0 |         0 |         0 |           0 |           0 |           0 |           0 |           0 |           0 |           0 |           0 |           0 |           0 |           0 |           0 |           0 |           0 |           0 |           0 |
|             Power [W]             |    178.0467 |         0 |         0 |         0 |         0 |         0 |         0 |         0 |         0 |         0 |           0 |           0 |           0 |           0 |           0 |           0 |           0 |           0 |           0 |           0 |           0 |           0 |           0 |           0 |           0 |           0 |
|          Energy DRAM [J]          |  33724.2471 |         0 |         0 |         0 |         0 |         0 |         0 |         0 |         0 |         0 |           0 |           0 |           0 |           0 |           0 |           0 |           0 |           0 |           0 |           0 |           0 |           0 |           0 |           0 |           0 |           0 |
|           Power DRAM [W]          |     20.0430 |         0 |         0 |         0 |         0 |         0 |         0 |         0 |         0 |         0 |           0 |           0 |           0 |           0 |           0 |           0 |           0 |           0 |           0 |           0 |           0 |           0 |           0 |           0 |           0 |           0 |
|            DP [MFLOP/s]           |    883.5820 |  883.7230 |  883.6768 |  883.6904 |  882.2809 |  882.3192 |  882.2663 |  882.3318 |  882.3250 |  882.2725 |    882.2547 |    882.2159 |    882.3019 |    882.2621 |    882.3082 |    882.3150 |    882.2647 |    882.2526 |    882.3166 |    882.3334 |    882.3218 |    882.3391 |    882.3365 |    882.2557 |    882.3323 |    882.3297 |
|          AVX DP [MFLOP/s]         |     77.2803 |   77.2927 |   77.2887 |   77.2899 |   77.1665 |   77.1698 |   77.1652 |   77.1709 |   77.1703 |   77.1658 |     77.1642 |     77.1608 |     77.1683 |     77.1648 |     77.1689 |     77.1695 |     77.1651 |     77.1640 |     77.1696 |     77.1711 |     77.1701 |     77.1716 |     77.1713 |     77.1643 |     77.1710 |     77.1708 |
|          Packed [MUOPS/s]         |      9.6600 |    9.6616 |    9.6611 |    9.6612 |    9.6458 |    9.6462 |    9.6457 |    9.6464 |    9.6463 |    9.6457 |      9.6455 |      9.6451 |      9.6460 |      9.6456 |      9.6461 |      9.6462 |      9.6456 |      9.6455 |      9.6462 |      9.6464 |      9.6463 |      9.6464 |      9.6464 |      9.6455 |      9.6464 |      9.6463 |
|          Scalar [MUOPS/s]         |    806.3017 |  806.4303 |  806.3881 |  806.4006 |  805.1145 |  805.1494 |  805.1011 |  805.1609 |  805.1546 |  805.1068 |    805.0905 |    805.0551 |    805.1336 |    805.0972 |    805.1393 |    805.1455 |    805.0996 |    805.0886 |    805.1470 |    805.1623 |    805.1518 |    805.1676 |    805.1652 |    805.0915 |    805.1613 |    805.1589 |
|  Memory read bandwidth [MBytes/s] |  75819.3433 |         0 |         0 |         0 |         0 |         0 |         0 |         0 |         0 |         0 |           0 |           0 |           0 |           0 |           0 |           0 |           0 |           0 |           0 |           0 |           0 |           0 |           0 |           0 |           0 |           0 |
|  Memory read data volume [GBytes] | 127573.2479 |         0 |         0 |         0 |         0 |         0 |         0 |         0 |         0 |         0 |           0 |           0 |           0 |           0 |           0 |           0 |           0 |           0 |           0 |           0 |           0 |           0 |           0 |           0 |           0 |           0 |
| Memory write bandwidth [MBytes/s] |  32109.2100 |         0 |         0 |         0 |         0 |         0 |         0 |         0 |         0 |         0 |           0 |           0 |           0 |           0 |           0 |           0 |           0 |           0 |           0 |           0 |           0 |           0 |           0 |           0 |           0 |           0 |
| Memory write data volume [GBytes] |  54026.7962 |         0 |         0 |         0 |         0 |         0 |         0 |         0 |         0 |         0 |           0 |           0 |           0 |           0 |           0 |           0 |           0 |           0 |           0 |           0 |           0 |           0 |           0 |           0 |           0 |           0 |
|    Memory bandwidth [MBytes/s]    | 107928.5533 |         0 |         0 |         0 |         0 |         0 |         0 |         0 |         0 |         0 |           0 |           0 |           0 |           0 |           0 |           0 |           0 |           0 |           0 |           0 |           0 |           0 |           0 |           0 |           0 |           0 |
|    Memory data volume [GBytes]    | 181600.0441 |         0 |         0 |         0 |         0 |         0 |         0 |         0 |         0 |         0 |           0 |           0 |           0 |           0 |           0 |           0 |           0 |           0 |           0 |           0 |           0 |           0 |           0 |           0 |           0 |           0 |
|       Operational intensity       |      0.0082 |         0 |         0 |         0 |         0 |         0 |         0 |         0 |         0 |         0 |           0 |           0 |           0 |           0 |           0 |           0 |           0 |           0 |           0 |           0 |           0 |           0 |           0 |           0 |           0 |           0 |
+-----------------------------------+-------------+-----------+-----------+-----------+-----------+-----------+-----------+-----------+-----------+-----------+-------------+-------------+-------------+-------------+-------------+-------------+-------------+-------------+-------------+-------------+-------------+-------------+-------------+-------------+-------------+-------------+

+----------------------------------------+-------------+-----------+-------------+------------+-----------+-----------+-----------+
|                 Metric                 |     Sum     |    Min    |     Max     |     Avg    |  %ile 25  |  %ile 50  |  %ile 75  |
+----------------------------------------+-------------+-----------+-------------+------------+-----------+-----------+-----------+
|        Runtime (RDTSC) [s] STAT        |  43741.9300 | 1682.2930 |   1682.5950 |  1682.3819 | 1682.3200 | 1682.3520 | 1682.4350 |
|        Runtime unhalted [s] STAT       |  43531.3117 | 1671.3003 |   1677.8893 |  1674.2812 | 1672.3123 | 1673.1648 | 1677.5052 |
|            Clock [MHz] STAT            |  62250.9845 | 2393.9606 |   2394.3240 |  2394.2686 | 2394.2825 | 2394.2985 | 2394.3155 |
|                CPI STAT                |     46.9069 |    1.0578 |      1.9464 |     1.8041 |    1.7077 |    1.9102 |    1.9374 |
|             Energy [J] STAT            | 299580.4341 |         0 | 299580.4341 | 11522.3244 |         0 |         0 |         0 |
|             Power [W] STAT             |    178.0467 |         0 |    178.0467 |     6.8479 |         0 |         0 |         0 |
|          Energy DRAM [J] STAT          |  33724.2471 |         0 |  33724.2471 |  1297.0864 |         0 |         0 |         0 |
|           Power DRAM [W] STAT          |     20.0430 |         0 |     20.0430 |     0.7709 |         0 |         0 |         0 |
|            DP [MFLOP/s] STAT           |  22945.2081 |  882.2159 |    883.7230 |   882.5080 |  882.2663 |  882.3166 |  882.3334 |
|          AVX DP [MFLOP/s] STAT         |   2006.8455 |   77.1608 |     77.2927 |    77.1864 |   77.1652 |   77.1696 |   77.1711 |
|          Packed [MUOPS/s] STAT         |    250.8555 |    9.6451 |      9.6616 |     9.6483 |    9.6457 |    9.6462 |    9.6464 |
|          Scalar [MUOPS/s] STAT         |  20938.3630 |  805.0551 |    806.4303 |   805.3217 |  805.1011 |  805.1470 |  805.1623 |
|  Memory read bandwidth [MBytes/s] STAT |  75819.3433 |         0 |  75819.3433 |  2916.1286 |         0 |         0 |         0 |
|  Memory read data volume [GBytes] STAT | 127573.2479 |         0 | 127573.2479 |  4906.6634 |         0 |         0 |         0 |
| Memory write bandwidth [MBytes/s] STAT |  32109.2100 |         0 |  32109.2100 |  1234.9696 |         0 |         0 |         0 |
| Memory write data volume [GBytes] STAT |  54026.7962 |         0 |  54026.7962 |  2077.9537 |         0 |         0 |         0 |
|    Memory bandwidth [MBytes/s] STAT    | 107928.5533 |         0 | 107928.5533 |  4151.0982 |         0 |         0 |         0 |
|    Memory data volume [GBytes] STAT    | 181600.0441 |         0 | 181600.0441 |  6984.6171 |         0 |         0 |         0 |
|       Operational intensity STAT       |      0.0082 |         0 |      0.0082 |     0.0003 |         0 |         0 |         0 |
+----------------------------------------+-------------+-----------+-------------+------------+-----------+-----------+-----------+

