WARN: Cannot extract OpenMP vendor from executable or commandline, assuming no OpenMP
Successfully initialised 20 MPI ranks.
Opening tea.out as log file.

Timestep 1
Error: 			5.444659e-11

Timestep 2
Error: 			3.489730e-12

Timestep 3
Error: 			2.491007e-13

Timestep 4
Error: 			1.519520e-14

Timestep 5
Error: 			9.888121e-16

Checking results...
Expected 9.200337173020409e+01
Actual   9.200337173016031e+01
This run [32mPASSED[0m (Difference is within 0.00000000%)
Group: 1
+------------------------------------------+---------+----------------+----------------+----------------+----------------+----------------+----------------+----------------+----------------+----------------+----------------+----------------+----------------+----------------+----------------+----------------+----------------+----------------+----------------+----------------+----------------+
|                   Event                  | Counter |    f0608:0:0   |    f0608:1:1   |    f0608:2:2   |    f0608:3:3   |    f0608:4:4   |    f0608:5:5   |    f0608:6:6   |    f0608:7:7   |    f0608:8:8   |    f0608:9:9   |   f0608:10:10  |   f0608:11:11  |   f0608:12:12  |   f0608:13:13  |   f0608:14:14  |   f0608:15:15  |   f0608:16:16  |   f0608:17:17  |   f0608:18:18  |   f0608:19:19  |
+------------------------------------------+---------+----------------+----------------+----------------+----------------+----------------+----------------+----------------+----------------+----------------+----------------+----------------+----------------+----------------+----------------+----------------+----------------+----------------+----------------+----------------+----------------+
|             INSTR_RETIRED_ANY            |  FIXC0  |  2694916981668 |  2690180460635 |  2692435084261 |  2739250405638 |  2695176147653 |  2719408429683 |  2707659439903 |  2680633673450 |  2735391372291 |  2737739742239 |  2702997853271 |  2748470413993 |  2744223994835 |  2683411285724 |  2689710748809 |  2681537295417 |  2733700227294 |  2716074888170 |  5882932548938 |  5909581601745 |
|           CPU_CLK_UNHALTED_CORE          |  FIXC1  |  5195048763233 |  5196063945530 |  5197647008215 |  5199602206638 |  5198680240270 |  5196756127187 |  5199330098308 |  5200187382251 |  5199697001015 |  5201679229837 |  5200056833161 |  5200434268578 |  5197128182892 |  5195606225859 |  5197961589234 |  5196661085279 |  5203159881517 |  5202817808108 |  5210345524431 |  5211144609826 |
|           CPU_CLK_UNHALTED_REF           |  FIXC2  |  5195053208448 |  5196066545664 |  5197649079072 |  5199606943008 |  5198681932224 |  5196760079520 |  5199334342752 |  5200191198816 |  5199699115872 |  5201679931584 |  5200061481504 |  5200438030560 |  5197131427392 |  5195608505088 |  5197962966528 |  5196664248672 |  5203163546688 |  5202821109600 |  5210334013056 |  5211125071680 |
|               TOPDOWN_SLOTS              |  FIXC3  | 25975243816165 | 25980319727650 | 25988235041075 | 25998011033190 | 25993401201350 | 25983780635935 | 25996650491540 | 26000936911255 | 25998485005075 | 26008396149185 | 26000284165805 | 26002171342890 | 25985640914460 | 25978031129295 | 25989807946170 | 25983305426395 | 26015799407585 | 26014089040540 | 26051727622155 | 26055723049130 |
|              PWR_PKG_ENERGY              |   PWR0  |    346406.4966 |              0 |              0 |              0 |              0 |              0 |              0 |              0 |              0 |              0 |              0 |              0 |              0 |              0 |              0 |              0 |              0 |              0 |              0 |              0 |
|              PWR_DRAM_ENERGY             |   PWR3  |     37713.4849 |              0 |              0 |              0 |              0 |              0 |              0 |              0 |              0 |              0 |              0 |              0 |              0 |              0 |              0 |              0 |              0 |              0 |              0 |              0 |
| FP_ARITH_INST_RETIRED_128B_PACKED_DOUBLE |   PMC0  |              0 |              0 |              0 |              0 |              0 |              0 |              0 |              0 |              0 |              0 |              0 |              0 |              0 |              0 |              0 |              0 |              0 |              0 |              0 |              0 |
|    FP_ARITH_INST_RETIRED_SCALAR_DOUBLE   |   PMC1  |  1761961610827 |  1761961550803 |  1761961100996 |  1761961093698 |  1761961125948 |  1761961084936 |  1761961096546 |  1761961103966 |  1760886052807 |  1760886073629 |  1760886057779 |  1760886063759 |  1760886064211 |  1760886042157 |  1760886049933 |  1760886065047 |  1760886052955 |  1760886055145 |  1760886032889 |  1760886028751 |
| FP_ARITH_INST_RETIRED_256B_PACKED_DOUBLE |   PMC2  |              0 |              0 |              0 |              0 |              0 |              0 |              0 |              0 |              0 |              0 |              0 |              0 |              0 |              0 |              0 |              0 |              0 |              0 |              0 |              0 |
| FP_ARITH_INST_RETIRED_512B_PACKED_DOUBLE |   PMC3  |    21130096647 |    21130096647 |    21130096647 |    21130096647 |    21130096647 |    21130096647 |    21130096647 |    21130096647 |    21117179539 |    21117179539 |    21117179539 |    21117179539 |    21117179539 |    21117179539 |    21117179539 |    21117179539 |    21117179539 |    21117179539 |    21117179539 |    21117179539 |
|               CAS_COUNT_RD               | MBOX0C0 |   453722447861 |              0 |              0 |              0 |              0 |              0 |              0 |              0 |              0 |              0 |              0 |              0 |              0 |              0 |              0 |              0 |              0 |              0 |              0 |              0 |
|               CAS_COUNT_WR               | MBOX0C1 |   190284776443 |              0 |              0 |              0 |              0 |              0 |              0 |              0 |              0 |              0 |              0 |              0 |              0 |              0 |              0 |              0 |              0 |              0 |              0 |              0 |
|               CAS_COUNT_RD               | MBOX1C0 |   453688325619 |              0 |              0 |              0 |              0 |              0 |              0 |              0 |              0 |              0 |              0 |              0 |              0 |              0 |              0 |              0 |              0 |              0 |              0 |              0 |
|               CAS_COUNT_WR               | MBOX1C1 |   190264823978 |              0 |              0 |              0 |              0 |              0 |              0 |              0 |              0 |              0 |              0 |              0 |              0 |              0 |              0 |              0 |              0 |              0 |              0 |              0 |
|               CAS_COUNT_RD               | MBOX2C0 |   453815347682 |              0 |              0 |              0 |              0 |              0 |              0 |              0 |              0 |              0 |              0 |              0 |              0 |              0 |              0 |              0 |              0 |              0 |              0 |              0 |
|               CAS_COUNT_WR               | MBOX2C1 |   190273241038 |              0 |              0 |              0 |              0 |              0 |              0 |              0 |              0 |              0 |              0 |              0 |              0 |              0 |              0 |              0 |              0 |              0 |              0 |              0 |
|               CAS_COUNT_RD               | MBOX3C0 |   453770839324 |              0 |              0 |              0 |              0 |              0 |              0 |              0 |              0 |              0 |              0 |              0 |              0 |              0 |              0 |              0 |              0 |              0 |              0 |              0 |
|               CAS_COUNT_WR               | MBOX3C1 |   190295683932 |              0 |              0 |              0 |              0 |              0 |              0 |              0 |              0 |              0 |              0 |              0 |              0 |              0 |              0 |              0 |              0 |              0 |              0 |              0 |
|               CAS_COUNT_RD               | MBOX4C0 |    45385049499 |              0 |              0 |              0 |              0 |              0 |              0 |              0 |              0 |              0 |              0 |              0 |              0 |              0 |              0 |              0 |              0 |              0 |              0 |              0 |
|               CAS_COUNT_WR               | MBOX4C1 |    19797650476 |              0 |              0 |              0 |              0 |              0 |              0 |              0 |              0 |              0 |              0 |              0 |              0 |              0 |              0 |              0 |              0 |              0 |              0 |              0 |
|               CAS_COUNT_RD               | MBOX5C0 |    45384840302 |              0 |              0 |              0 |              0 |              0 |              0 |              0 |              0 |              0 |              0 |              0 |              0 |              0 |              0 |              0 |              0 |              0 |              0 |              0 |
|               CAS_COUNT_WR               | MBOX5C1 |    19797839664 |              0 |              0 |              0 |              0 |              0 |              0 |              0 |              0 |              0 |              0 |              0 |              0 |              0 |              0 |              0 |              0 |              0 |              0 |              0 |
|               CAS_COUNT_RD               | MBOX6C0 |    45410924833 |              0 |              0 |              0 |              0 |              0 |              0 |              0 |              0 |              0 |              0 |              0 |              0 |              0 |              0 |              0 |              0 |              0 |              0 |              0 |
|               CAS_COUNT_WR               | MBOX6C1 |    19806010979 |              0 |              0 |              0 |              0 |              0 |              0 |              0 |              0 |              0 |              0 |              0 |              0 |              0 |              0 |              0 |              0 |              0 |              0 |              0 |
|               CAS_COUNT_RD               | MBOX7C0 |    45383045627 |              0 |              0 |              0 |              0 |              0 |              0 |              0 |              0 |              0 |              0 |              0 |              0 |              0 |              0 |              0 |              0 |              0 |              0 |              0 |
|               CAS_COUNT_WR               | MBOX7C1 |    19794898518 |              0 |              0 |              0 |              0 |              0 |              0 |              0 |              0 |              0 |              0 |              0 |              0 |              0 |              0 |              0 |              0 |              0 |              0 |              0 |
+------------------------------------------+---------+----------------+----------------+----------------+----------------+----------------+----------------+----------------+----------------+----------------+----------------+----------------+----------------+----------------+----------------+----------------+----------------+----------------+----------------+----------------+----------------+

+-----------------------------------------------+---------+-----------------+----------------+----------------+--------------+
|                     Event                     | Counter |       Sum       |       Min      |       Max      |      Avg     |
+-----------------------------------------------+---------+-----------------+----------------+----------------+--------------+
|             INSTR_RETIRED_ANY STAT            |  FIXC0  |  60585432595617 |  2680633673450 |  5909581601745 | 3.029272e+12 |
|           CPU_CLK_UNHALTED_CORE STAT          |  FIXC1  | 104000008011369 |  5195048763233 |  5211144609826 | 5.200000e+12 |
|           CPU_CLK_UNHALTED_REF STAT           |  FIXC2  | 104000032777728 |  5195053208448 |  5211125071680 | 5.200002e+12 |
|               TOPDOWN_SLOTS STAT              |  FIXC3  | 520000040056845 | 25975243816165 | 26055723049130 |      nil     |
|              PWR_PKG_ENERGY STAT              |   PWR0  |     346406.4966 |              0 |    346406.4966 |   17320.3248 |
|              PWR_DRAM_ENERGY STAT             |   PWR3  |      37713.4849 |              0 |     37713.4849 |    1885.6742 |
| FP_ARITH_INST_RETIRED_128B_PACKED_DOUBLE STAT |   PMC0  |               0 |              0 |              0 |            0 |
|    FP_ARITH_INST_RETIRED_SCALAR_DOUBLE STAT   |   PMC1  |  35226322406782 |  1760886028751 |  1761961610827 | 1.761316e+12 |
| FP_ARITH_INST_RETIRED_256B_PACKED_DOUBLE STAT |   PMC2  |               0 |              0 |              0 |            0 |
| FP_ARITH_INST_RETIRED_512B_PACKED_DOUBLE STAT |   PMC3  |    422446927644 |    21117179539 |    21130096647 | 2.112235e+10 |
|               CAS_COUNT_RD STAT               | MBOX0C0 |    453722447861 |              0 |   453722447861 | 2.268612e+10 |
|               CAS_COUNT_WR STAT               | MBOX0C1 |    190284776443 |              0 |   190284776443 | 9.514239e+09 |
|               CAS_COUNT_RD STAT               | MBOX1C0 |    453688325619 |              0 |   453688325619 | 2.268442e+10 |
|               CAS_COUNT_WR STAT               | MBOX1C1 |    190264823978 |              0 |   190264823978 | 9.513241e+09 |
|               CAS_COUNT_RD STAT               | MBOX2C0 |    453815347682 |              0 |   453815347682 | 2.269077e+10 |
|               CAS_COUNT_WR STAT               | MBOX2C1 |    190273241038 |              0 |   190273241038 | 9.513662e+09 |
|               CAS_COUNT_RD STAT               | MBOX3C0 |    453770839324 |              0 |   453770839324 | 2.268854e+10 |
|               CAS_COUNT_WR STAT               | MBOX3C1 |    190295683932 |              0 |   190295683932 | 9.514784e+09 |
|               CAS_COUNT_RD STAT               | MBOX4C0 |     45385049499 |              0 |    45385049499 | 2.269252e+09 |
|               CAS_COUNT_WR STAT               | MBOX4C1 |     19797650476 |              0 |    19797650476 | 9.898825e+08 |
|               CAS_COUNT_RD STAT               | MBOX5C0 |     45384840302 |              0 |    45384840302 | 2.269242e+09 |
|               CAS_COUNT_WR STAT               | MBOX5C1 |     19797839664 |              0 |    19797839664 | 9.898920e+08 |
|               CAS_COUNT_RD STAT               | MBOX6C0 |     45410924833 |              0 |    45410924833 | 2.270546e+09 |
|               CAS_COUNT_WR STAT               | MBOX6C1 |     19806010979 |              0 |    19806010979 | 9.903005e+08 |
|               CAS_COUNT_RD STAT               | MBOX7C0 |     45383045627 |              0 |    45383045627 | 2.269152e+09 |
|               CAS_COUNT_WR STAT               | MBOX7C1 |     19794898518 |              0 |    19794898518 | 9.897449e+08 |
+-----------------------------------------------+---------+-----------------+----------------+----------------+--------------+

+-----------------------------------+-------------+-----------+-----------+-----------+-----------+-----------+-----------+-----------+-----------+-----------+-------------+-------------+-------------+-------------+-------------+-------------+-------------+-------------+-------------+-------------+
|               Metric              |  f0608:0:0  | f0608:1:1 | f0608:2:2 | f0608:3:3 | f0608:4:4 | f0608:5:5 | f0608:6:6 | f0608:7:7 | f0608:8:8 | f0608:9:9 | f0608:10:10 | f0608:11:11 | f0608:12:12 | f0608:13:13 | f0608:14:14 | f0608:15:15 | f0608:16:16 | f0608:17:17 | f0608:18:18 | f0608:19:19 |
+-----------------------------------+-------------+-----------+-----------+-----------+-----------+-----------+-----------+-----------+-----------+-----------+-------------+-------------+-------------+-------------+-------------+-------------+-------------+-------------+-------------+-------------+
|        Runtime (RDTSC) [s]        |   2181.9870 | 2181.9830 | 2182.0560 | 2181.9850 | 2182.2590 | 2182.0180 | 2181.9750 | 2181.9810 | 2181.9930 | 2182.0280 |   2182.0800 |   2181.9980 |   2182.1370 |   2181.9750 |   2182.2170 |   2181.9780 |   2181.9930 |   2181.9760 |   2181.9930 |   2182.0090 |
|        Runtime unhalted [s]       |   2169.7589 | 2170.1712 | 2170.8290 | 2171.6461 | 2171.5499 | 2170.4555 | 2171.5328 | 2171.8929 | 2171.6873 | 2172.5296 |   2171.9308 |   2171.9916 |   2170.7594 |   2169.9744 |   2171.2010 |   2170.4158 |   2173.1475 |   2172.9901 |   2176.1301 |   2176.4969 |
|            Clock [MHz]            |   2394.2956 | 2394.3095 | 2394.3134 | 2394.3116 | 2393.9945 | 2394.3140 | 2394.3114 | 2394.3094 | 2394.3111 | 2394.2958 |   2394.2071 |   2394.3143 |   2394.1506 |   2394.3158 |   2394.0484 |   2394.3144 |   2394.2950 |   2394.3111 |   2394.3224 |   2394.2897 |
|                CPI                |      1.9277 |    1.9315 |    1.9305 |    1.8982 |    1.9289 |    1.9110 |    1.9202 |    1.9399 |    1.9009 |    1.9000 |      1.9238 |      1.8921 |      1.8938 |      1.9362 |      1.9325 |      1.9379 |      1.9033 |      1.9156 |      0.8857 |      0.8818 |
|             Energy [J]            | 346406.4966 |         0 |         0 |         0 |         0 |         0 |         0 |         0 |         0 |         0 |           0 |           0 |           0 |           0 |           0 |           0 |           0 |           0 |           0 |           0 |
|             Power [W]             |    158.7574 |         0 |         0 |         0 |         0 |         0 |         0 |         0 |         0 |         0 |           0 |           0 |           0 |           0 |           0 |           0 |           0 |           0 |           0 |           0 |
|          Energy DRAM [J]          |  37713.4849 |         0 |         0 |         0 |         0 |         0 |         0 |         0 |         0 |         0 |           0 |           0 |           0 |           0 |           0 |           0 |           0 |           0 |           0 |           0 |
|           Power DRAM [W]          |     17.2840 |         0 |         0 |         0 |         0 |         0 |         0 |         0 |         0 |         0 |           0 |           0 |           0 |           0 |           0 |           0 |           0 |           0 |           0 |           0 |
|            DP [MFLOP/s]           |    884.9743 |  884.9759 |  884.9461 |  884.9749 |  884.8638 |  884.9615 |  884.9789 |  884.9765 |  884.4316 |  884.4174 |    884.3963 |    884.4295 |    884.3732 |    884.4389 |    884.3408 |    884.4377 |    884.4316 |    884.4385 |    884.4316 |    884.4251 |
|          AVX DP [MFLOP/s]         |     77.4710 |   77.4712 |   77.4686 |   77.4711 |   77.4614 |   77.4699 |   77.4715 |   77.4712 |   77.4235 |   77.4222 |     77.4204 |     77.4233 |     77.4183 |     77.4241 |     77.4155 |     77.4240 |     77.4235 |     77.4241 |     77.4235 |     77.4229 |
|          Packed [MUOPS/s]         |      9.6839 |    9.6839 |    9.6836 |    9.6839 |    9.6827 |    9.6837 |    9.6839 |    9.6839 |    9.6779 |    9.6778 |      9.6775 |      9.6779 |      9.6773 |      9.6780 |      9.6769 |      9.6780 |      9.6779 |      9.6780 |      9.6779 |      9.6779 |
|          Scalar [MUOPS/s]         |    807.5033 |  807.5047 |  807.4775 |  807.5038 |  807.4024 |  807.4915 |  807.5075 |  807.5052 |  807.0081 |  806.9952 |    806.9759 |    807.0063 |    806.9549 |    807.0148 |    806.9253 |    807.0137 |    807.0081 |    807.0144 |    807.0081 |    807.0022 |
|  Memory read bandwidth [MBytes/s] |  58561.2529 |         0 |         0 |         0 |         0 |         0 |         0 |         0 |         0 |         0 |           0 |           0 |           0 |           0 |           0 |           0 |           0 |           0 |           0 |           0 |
|  Memory read data volume [GBytes] | 127779.8925 |         0 |         0 |         0 |         0 |         0 |         0 |         0 |         0 |         0 |           0 |           0 |           0 |           0 |           0 |           0 |           0 |           0 |           0 |           0 |
| Memory write bandwidth [MBytes/s] |  24647.3307 |         0 |         0 |         0 |         0 |         0 |         0 |         0 |         0 |         0 |           0 |           0 |           0 |           0 |           0 |           0 |           0 |           0 |           0 |           0 |
| Memory write data volume [GBytes] |  53780.1552 |         0 |         0 |         0 |         0 |         0 |         0 |         0 |         0 |         0 |           0 |           0 |           0 |           0 |           0 |           0 |           0 |           0 |           0 |           0 |
|    Memory bandwidth [MBytes/s]    |  83208.5836 |         0 |         0 |         0 |         0 |         0 |         0 |         0 |         0 |         0 |           0 |           0 |           0 |           0 |           0 |           0 |           0 |           0 |           0 |           0 |
|    Memory data volume [GBytes]    | 181560.0477 |         0 |         0 |         0 |         0 |         0 |         0 |         0 |         0 |         0 |           0 |           0 |           0 |           0 |           0 |           0 |           0 |           0 |           0 |           0 |
|       Operational intensity       |      0.0106 |         0 |         0 |         0 |         0 |         0 |         0 |         0 |         0 |         0 |           0 |           0 |           0 |           0 |           0 |           0 |           0 |           0 |           0 |           0 |
+-----------------------------------+-------------+-----------+-----------+-----------+-----------+-----------+-----------+-----------+-----------+-----------+-------------+-------------+-------------+-------------+-------------+-------------+-------------+-------------+-------------+-------------+

+----------------------------------------+-------------+-----------+-------------+------------+-----------+-----------+-----------+
|                 Metric                 |     Sum     |    Min    |     Max     |     Avg    |  %ile 25  |  %ile 50  |  %ile 75  |
+----------------------------------------+-------------+-----------+-------------+------------+-----------+-----------+-----------+
|        Runtime (RDTSC) [s] STAT        |  43640.6210 | 2181.9750 |   2182.2590 |  2182.0311 | 2181.9810 | 2181.9930 | 2182.0280 |
|        Runtime unhalted [s] STAT       |  43437.0908 | 2169.7589 |   2176.4969 |  2171.8545 | 2170.4555 | 2171.5499 | 2171.9916 |
|            Clock [MHz] STAT            |  47885.3351 | 2393.9945 |   2394.3224 |  2394.2668 | 2394.2897 | 2394.3095 | 2394.3134 |
|                CPI STAT                |     36.2915 |    0.8818 |      1.9399 |     1.8146 |    1.8982 |    1.9156 |    1.9305 |
|             Energy [J] STAT            | 346406.4966 |         0 | 346406.4966 | 17320.3248 |         0 |         0 |         0 |
|             Power [W] STAT             |    158.7574 |         0 |    158.7574 |     7.9379 |         0 |         0 |         0 |
|          Energy DRAM [J] STAT          |  37713.4849 |         0 |  37713.4849 |  1885.6742 |         0 |         0 |         0 |
|           Power DRAM [W] STAT          |     17.2840 |         0 |     17.2840 |     0.8642 |         0 |         0 |         0 |
|            DP [MFLOP/s] STAT           |  17692.6441 |  884.3408 |    884.9789 |   884.6322 |  884.4251 |  884.4377 |  884.9615 |
|          AVX DP [MFLOP/s] STAT         |   1548.8212 |   77.4155 |     77.4715 |    77.4411 |   77.4229 |   77.4240 |   77.4699 |
|          Packed [MUOPS/s] STAT         |    193.6025 |    9.6769 |      9.6839 |     9.6801 |    9.6779 |    9.6780 |    9.6837 |
|          Scalar [MUOPS/s] STAT         |  16143.8229 |  806.9253 |    807.5075 |   807.1911 |  807.0022 |  807.0137 |  807.4915 |
|  Memory read bandwidth [MBytes/s] STAT |  58561.2529 |         0 |  58561.2529 |  2928.0626 |         0 |         0 |         0 |
|  Memory read data volume [GBytes] STAT | 127779.8925 |         0 | 127779.8925 |  6388.9946 |         0 |         0 |         0 |
| Memory write bandwidth [MBytes/s] STAT |  24647.3307 |         0 |  24647.3307 |  1232.3665 |         0 |         0 |         0 |
| Memory write data volume [GBytes] STAT |  53780.1552 |         0 |  53780.1552 |  2689.0078 |         0 |         0 |         0 |
|    Memory bandwidth [MBytes/s] STAT    |  83208.5836 |         0 |  83208.5836 |  4160.4292 |         0 |         0 |         0 |
|    Memory data volume [GBytes] STAT    | 181560.0477 |         0 | 181560.0477 |  9078.0024 |         0 |         0 |         0 |
|       Operational intensity STAT       |      0.0106 |         0 |      0.0106 |     0.0005 |         0 |         0 |         0 |
+----------------------------------------+-------------+-----------+-------------+------------+-----------+-----------+-----------+

