WARN: Cannot extract OpenMP vendor from executable or commandline, assuming no OpenMP
Successfully initialised 22 MPI ranks.
Opening tea.out as log file.

Timestep 1
Error: 			5.444659e-11

Timestep 2
Error: 			3.489730e-12

Timestep 3
Error: 			2.490680e-13

Timestep 4
Error: 			1.518153e-14

Timestep 5
Error: 			9.858882e-16

Checking results...
Expected 9.200337173020409e+01
Actual   9.200337173016096e+01
This run [32mPASSED[0m (Difference is within 0.00000000%)
Group: 1
+------------------------------------------+---------+----------------+----------------+----------------+----------------+----------------+----------------+----------------+----------------+----------------+----------------+----------------+----------------+----------------+----------------+----------------+----------------+----------------+----------------+----------------+----------------+----------------+----------------+
|                   Event                  | Counter |    f0608:0:0   |    f0608:1:1   |    f0608:2:2   |    f0608:3:3   |    f0608:4:4   |    f0608:5:5   |    f0608:6:6   |    f0608:7:7   |    f0608:8:8   |    f0608:9:9   |   f0608:10:10  |   f0608:11:11  |   f0608:12:12  |   f0608:13:13  |   f0608:14:14  |   f0608:15:15  |   f0608:16:16  |   f0608:17:17  |   f0608:18:18  |   f0608:19:19  |   f0608:20:20  |   f0608:21:21  |
+------------------------------------------+---------+----------------+----------------+----------------+----------------+----------------+----------------+----------------+----------------+----------------+----------------+----------------+----------------+----------------+----------------+----------------+----------------+----------------+----------------+----------------+----------------+----------------+----------------+
|             INSTR_RETIRED_ANY            |  FIXC0  |  2505809912886 |  2433206454105 |  2538022569421 |  2437680191574 |  2484552284376 |  2484396320897 |  2433965826417 |  2525457885459 |  2561248079538 |  2432510223127 |  2549036109217 |  2482020744582 |  2501029223701 |  2433695257014 |  2460809595397 |  2483358541126 |  2504280393973 |  2428895189730 |  5172365478806 |  5170995774234 |  2900281222416 |  2869869298410 |
|           CPU_CLK_UNHALTED_CORE          |  FIXC1  |  4769697138922 |  4771493345708 |  4771124778871 |  4770317198648 |  4765955151832 |  4767347003838 |  4768475798492 |  4768560115050 |  4768447232650 |  4768547991450 |  4767980481669 |  4766213158420 |  4769674045427 |  4768617393902 |  4770546960874 |  4770182497842 |  4767622639686 |  4768867075377 |  4778744037429 |  4777693642014 |  4778351178447 |  4778428517085 |
|           CPU_CLK_UNHALTED_REF           |  FIXC2  |  4769700075264 |  4771493020032 |  4771126074816 |  4770317543136 |  4765955646624 |  4767347196288 |  4768476591360 |  4768560253728 |  4768446932256 |  4768548630048 |  4767982249440 |  4766213928768 |  4769675960160 |  4768618836768 |  4770545178144 |  4770184101408 |  4767624588960 |  4768866982464 |  4778725025856 |  4777675790304 |  4778339741184 |  4778416787808 |
|               TOPDOWN_SLOTS              |  FIXC3  | 23848485694610 | 23857466728540 | 23855623894355 | 23851585993240 | 23829775759160 | 23836735019190 | 23842378992460 | 23842800575250 | 23842236163250 | 23842739957250 | 23839902408345 | 23831065792100 | 23848370227135 | 23843086969510 | 23852734804370 | 23850912489210 | 23838113198430 | 23844335376885 | 23893720187145 | 23888468210070 | 23891755892235 | 23892142585425 |
|              PWR_PKG_ENERGY              |   PWR0  |    329986.2922 |              0 |              0 |              0 |              0 |              0 |              0 |              0 |              0 |              0 |              0 |              0 |              0 |              0 |              0 |              0 |              0 |              0 |              0 |              0 |              0 |              0 |
|              PWR_DRAM_ENERGY             |   PWR3  |     36392.8827 |              0 |              0 |              0 |              0 |              0 |              0 |              0 |              0 |              0 |              0 |              0 |              0 |              0 |              0 |              0 |              0 |              0 |              0 |              0 |              0 |              0 |
| FP_ARITH_INST_RETIRED_128B_PACKED_DOUBLE |   PMC0  |              0 |              0 |              0 |              0 |              0 |              0 |              0 |              0 |              0 |              0 |              0 |              0 |              0 |              0 |              0 |              0 |              0 |              0 |              0 |              0 |              0 |              0 |
|    FP_ARITH_INST_RETIRED_SCALAR_DOUBLE   |   PMC1  |  1601783640081 |  1601783052271 |  1601782805836 |  1601782801140 |  1601782813492 |  1601782798506 |  1601782804002 |  1601782797378 |  1601782791614 |  1601782778928 |  1601782791360 |  1601782780856 |  1601782782412 |  1601782788122 |  1601782777453 |  1601782766120 |  1599632730959 |  1599632731843 |  1599632727369 |  1599632721841 |  1599632721029 |  1599632716721 |
| FP_ARITH_INST_RETIRED_256B_PACKED_DOUBLE |   PMC2  |              0 |              0 |              0 |              0 |              0 |              0 |              0 |              0 |              0 |              0 |              0 |              0 |              0 |              0 |              0 |              0 |              0 |              0 |              0 |              0 |              0 |              0 |
| FP_ARITH_INST_RETIRED_512B_PACKED_DOUBLE |   PMC3  |    19190442807 |    19190442811 |    19190442811 |    19190442811 |    19190442811 |    19190442811 |    19190442811 |    19190442811 |    19190442811 |    19190442811 |    19190442811 |    19190442811 |    19190442811 |    19190442811 |    19190442811 |    19190442811 |    19164658889 |    19164658889 |    19164658889 |    19164658889 |    19164658889 |    19164658889 |
|               CAS_COUNT_RD               | MBOX0C0 |   412339322615 |              0 |              0 |              0 |              0 |              0 |              0 |              0 |              0 |              0 |              0 |              0 |              0 |              0 |              0 |              0 |              0 |              0 |              0 |              0 |              0 |              0 |
|               CAS_COUNT_WR               | MBOX0C1 |   173092994486 |              0 |              0 |              0 |              0 |              0 |              0 |              0 |              0 |              0 |              0 |              0 |              0 |              0 |              0 |              0 |              0 |              0 |              0 |              0 |              0 |              0 |
|               CAS_COUNT_RD               | MBOX1C0 |   412339305691 |              0 |              0 |              0 |              0 |              0 |              0 |              0 |              0 |              0 |              0 |              0 |              0 |              0 |              0 |              0 |              0 |              0 |              0 |              0 |              0 |              0 |
|               CAS_COUNT_WR               | MBOX1C1 |   173081951588 |              0 |              0 |              0 |              0 |              0 |              0 |              0 |              0 |              0 |              0 |              0 |              0 |              0 |              0 |              0 |              0 |              0 |              0 |              0 |              0 |              0 |
|               CAS_COUNT_RD               | MBOX2C0 |   412467219208 |              0 |              0 |              0 |              0 |              0 |              0 |              0 |              0 |              0 |              0 |              0 |              0 |              0 |              0 |              0 |              0 |              0 |              0 |              0 |              0 |              0 |
|               CAS_COUNT_WR               | MBOX2C1 |   173084005412 |              0 |              0 |              0 |              0 |              0 |              0 |              0 |              0 |              0 |              0 |              0 |              0 |              0 |              0 |              0 |              0 |              0 |              0 |              0 |              0 |              0 |
|               CAS_COUNT_RD               | MBOX3C0 |   412399432467 |              0 |              0 |              0 |              0 |              0 |              0 |              0 |              0 |              0 |              0 |              0 |              0 |              0 |              0 |              0 |              0 |              0 |              0 |              0 |              0 |              0 |
|               CAS_COUNT_WR               | MBOX3C1 |   173088544923 |              0 |              0 |              0 |              0 |              0 |              0 |              0 |              0 |              0 |              0 |              0 |              0 |              0 |              0 |              0 |              0 |              0 |              0 |              0 |              0 |              0 |
|               CAS_COUNT_RD               | MBOX4C0 |    87589303320 |              0 |              0 |              0 |              0 |              0 |              0 |              0 |              0 |              0 |              0 |              0 |              0 |              0 |              0 |              0 |              0 |              0 |              0 |              0 |              0 |              0 |
|               CAS_COUNT_WR               | MBOX4C1 |    37453011756 |              0 |              0 |              0 |              0 |              0 |              0 |              0 |              0 |              0 |              0 |              0 |              0 |              0 |              0 |              0 |              0 |              0 |              0 |              0 |              0 |              0 |
|               CAS_COUNT_RD               | MBOX5C0 |    87584276675 |              0 |              0 |              0 |              0 |              0 |              0 |              0 |              0 |              0 |              0 |              0 |              0 |              0 |              0 |              0 |              0 |              0 |              0 |              0 |              0 |              0 |
|               CAS_COUNT_WR               | MBOX5C1 |    37450989012 |              0 |              0 |              0 |              0 |              0 |              0 |              0 |              0 |              0 |              0 |              0 |              0 |              0 |              0 |              0 |              0 |              0 |              0 |              0 |              0 |              0 |
|               CAS_COUNT_RD               | MBOX6C0 |    87608702094 |              0 |              0 |              0 |              0 |              0 |              0 |              0 |              0 |              0 |              0 |              0 |              0 |              0 |              0 |              0 |              0 |              0 |              0 |              0 |              0 |              0 |
|               CAS_COUNT_WR               | MBOX6C1 |    37454586269 |              0 |              0 |              0 |              0 |              0 |              0 |              0 |              0 |              0 |              0 |              0 |              0 |              0 |              0 |              0 |              0 |              0 |              0 |              0 |              0 |              0 |
|               CAS_COUNT_RD               | MBOX7C0 |    87600705906 |              0 |              0 |              0 |              0 |              0 |              0 |              0 |              0 |              0 |              0 |              0 |              0 |              0 |              0 |              0 |              0 |              0 |              0 |              0 |              0 |              0 |
|               CAS_COUNT_WR               | MBOX7C1 |    37452273728 |              0 |              0 |              0 |              0 |              0 |              0 |              0 |              0 |              0 |              0 |              0 |              0 |              0 |              0 |              0 |              0 |              0 |              0 |              0 |              0 |              0 |
+------------------------------------------+---------+----------------+----------------+----------------+----------------+----------------+----------------+----------------+----------------+----------------+----------------+----------------+----------------+----------------+----------------+----------------+----------------+----------------+----------------+----------------+----------------+----------------+----------------+

+-----------------------------------------------+---------+-----------------+----------------+----------------+--------------+
|                     Event                     | Counter |       Sum       |       Min      |       Max      |      Avg     |
+-----------------------------------------------+---------+-----------------+----------------+----------------+--------------+
|             INSTR_RETIRED_ANY STAT            |  FIXC0  |  60793486576406 |  2428895189730 |  5172365478806 | 2.763340e+12 |
|           CPU_CLK_UNHALTED_CORE STAT          |  FIXC1  | 104952887383633 |  4765955151832 |  4778744037429 | 4.770586e+12 |
|           CPU_CLK_UNHALTED_REF STAT           |  FIXC2  | 104952841134816 |  4765955646624 |  4778725025856 | 4.770584e+12 |
|               TOPDOWN_SLOTS STAT              |  FIXC3  | 524764436918165 | 23829775759160 | 23893720187145 |      nil     |
|              PWR_PKG_ENERGY STAT              |   PWR0  |     329986.2922 |              0 |    329986.2922 |   14999.3769 |
|              PWR_DRAM_ENERGY STAT             |   PWR3  |      36392.8827 |              0 |     36392.8827 |    1654.2219 |
| FP_ARITH_INST_RETIRED_128B_PACKED_DOUBLE STAT |   PMC0  |               0 |              0 |              0 |            0 |
|    FP_ARITH_INST_RETIRED_SCALAR_DOUBLE STAT   |   PMC1  |  35226322119333 |  1599632716721 |  1601783640081 | 1.601196e+12 |
| FP_ARITH_INST_RETIRED_256B_PACKED_DOUBLE STAT |   PMC2  |               0 |              0 |              0 |            0 |
| FP_ARITH_INST_RETIRED_512B_PACKED_DOUBLE STAT |   PMC3  |    422035038306 |    19164658889 |    19190442811 | 1.918341e+10 |
|               CAS_COUNT_RD STAT               | MBOX0C0 |    412339322615 |              0 |   412339322615 | 1.874270e+10 |
|               CAS_COUNT_WR STAT               | MBOX0C1 |    173092994486 |              0 |   173092994486 | 7.867863e+09 |
|               CAS_COUNT_RD STAT               | MBOX1C0 |    412339305691 |              0 |   412339305691 | 1.874270e+10 |
|               CAS_COUNT_WR STAT               | MBOX1C1 |    173081951588 |              0 |   173081951588 | 7.867361e+09 |
|               CAS_COUNT_RD STAT               | MBOX2C0 |    412467219208 |              0 |   412467219208 |  18748509964 |
|               CAS_COUNT_WR STAT               | MBOX2C1 |    173084005412 |              0 |   173084005412 | 7.867455e+09 |
|               CAS_COUNT_RD STAT               | MBOX3C0 |    412399432467 |              0 |   412399432467 | 1.874543e+10 |
|               CAS_COUNT_WR STAT               | MBOX3C1 |    173088544923 |              0 |   173088544923 | 7.867661e+09 |
|               CAS_COUNT_RD STAT               | MBOX4C0 |     87589303320 |              0 |    87589303320 | 3.981332e+09 |
|               CAS_COUNT_WR STAT               | MBOX4C1 |     37453011756 |              0 |    37453011756 | 1.702410e+09 |
|               CAS_COUNT_RD STAT               | MBOX5C0 |     87584276675 |              0 |    87584276675 | 3.981103e+09 |
|               CAS_COUNT_WR STAT               | MBOX5C1 |     37450989012 |              0 |    37450989012 | 1.702318e+09 |
|               CAS_COUNT_RD STAT               | MBOX6C0 |     87608702094 |              0 |    87608702094 | 3.982214e+09 |
|               CAS_COUNT_WR STAT               | MBOX6C1 |     37454586269 |              0 |    37454586269 | 1.702481e+09 |
|               CAS_COUNT_RD STAT               | MBOX7C0 |     87600705906 |              0 |    87600705906 | 3.981850e+09 |
|               CAS_COUNT_WR STAT               | MBOX7C1 |     37452273728 |              0 |    37452273728 | 1.702376e+09 |
+-----------------------------------------------+---------+-----------------+----------------+----------------+--------------+

+-----------------------------------+-------------+-----------+-----------+-----------+-----------+-----------+-----------+-----------+-----------+-----------+-------------+-------------+-------------+-------------+-------------+-------------+-------------+-------------+-------------+-------------+-------------+-------------+
|               Metric              |  f0608:0:0  | f0608:1:1 | f0608:2:2 | f0608:3:3 | f0608:4:4 | f0608:5:5 | f0608:6:6 | f0608:7:7 | f0608:8:8 | f0608:9:9 | f0608:10:10 | f0608:11:11 | f0608:12:12 | f0608:13:13 | f0608:14:14 | f0608:15:15 | f0608:16:16 | f0608:17:17 | f0608:18:18 | f0608:19:19 | f0608:20:20 | f0608:21:21 |
+-----------------------------------+-------------+-----------+-----------+-----------+-----------+-----------+-----------+-----------+-----------+-----------+-------------+-------------+-------------+-------------+-------------+-------------+-------------+-------------+-------------+-------------+-------------+-------------+
|        Runtime (RDTSC) [s]        |   2000.7410 | 2000.8510 | 2000.7590 | 2000.7680 | 2000.7470 | 2000.9880 | 2000.7320 | 2000.7270 | 2000.7410 | 2000.7710 |   2000.7390 |   2000.7410 |   2000.8720 |   2000.8000 |   2000.9900 |   2000.7640 |   2000.7370 |   2000.8890 |   2000.7380 |   2000.7550 |   2000.7340 |   2001.0590 |
|        Runtime unhalted [s]       |   1992.1004 | 1992.8450 | 1992.6878 | 1992.3485 | 1990.5315 | 1991.2908 | 1991.5819 | 1991.6166 | 1991.5713 | 1991.6096 |   1991.3754 |   1990.6371 |   1992.2180 |   1991.7068 |   1992.6731 |   1992.2948 |   1991.2267 |   1991.7837 |   1995.8736 |   1995.4325 |   1995.7072 |   1996.0522 |
|            Clock [MHz]            |   2394.3041 | 2394.3125 | 2394.3155 | 2394.3185 | 2394.3125 | 2394.0988 | 2394.3153 | 2394.3163 | 2394.3143 | 2394.3183 |   2394.3143 |   2394.3151 |   2394.1518 |   2394.2359 |   2394.0448 |   2394.3148 |   2394.3134 |   2394.2696 |   2394.3215 |   2394.3237 |   2394.3204 |   2393.9456 |
|                CPI                |      1.9035 |    1.9610 |    1.8799 |    1.9569 |    1.9182 |    1.9189 |    1.9591 |    1.8882 |    1.8618 |    1.9603 |      1.8705 |      1.9203 |      1.9071 |      1.9594 |      1.9386 |      1.9209 |      1.9038 |      1.9634 |      0.9239 |      0.9239 |      1.6475 |      1.6650 |
|             Energy [J]            | 329986.2922 |         0 |         0 |         0 |         0 |         0 |         0 |         0 |         0 |         0 |           0 |           0 |           0 |           0 |           0 |           0 |           0 |           0 |           0 |           0 |           0 |           0 |
|             Power [W]             |    164.9320 |         0 |         0 |         0 |         0 |         0 |         0 |         0 |         0 |         0 |           0 |           0 |           0 |           0 |           0 |           0 |           0 |           0 |           0 |           0 |           0 |           0 |
|          Energy DRAM [J]          |  36392.8827 |         0 |         0 |         0 |         0 |         0 |         0 |         0 |         0 |         0 |           0 |           0 |           0 |           0 |           0 |           0 |           0 |           0 |           0 |           0 |           0 |           0 |
|           Power DRAM [W]          |     18.1897 |         0 |         0 |         0 |         0 |         0 |         0 |         0 |         0 |         0 |           0 |           0 |           0 |           0 |           0 |           0 |           0 |           0 |           0 |           0 |           0 |           0 |
|            DP [MFLOP/s]           |    877.3285 |  877.2800 |  877.3202 |  877.3163 |  877.3255 |  877.2198 |  877.3321 |  877.3343 |  877.3281 |  877.3150 |    877.3290 |    877.3281 |    877.2707 |    877.3022 |    877.2189 |    877.3180 |    876.1521 |    876.0856 |    876.1517 |    876.1443 |    876.1534 |    876.0111 |
|          AVX DP [MFLOP/s]         |     76.7333 |   76.7291 |   76.7327 |   76.7323 |   76.7331 |   76.7239 |   76.7337 |   76.7339 |   76.7333 |   76.7322 |     76.7334 |     76.7333 |     76.7283 |     76.7311 |     76.7238 |     76.7325 |     76.6304 |     76.6246 |     76.6304 |     76.6297 |     76.6305 |     76.6181 |
|          Packed [MUOPS/s]         |      9.5917 |    9.5911 |    9.5916 |    9.5915 |    9.5916 |    9.5905 |    9.5917 |    9.5917 |    9.5917 |    9.5915 |      9.5917 |      9.5917 |      9.5910 |      9.5914 |      9.5905 |      9.5916 |      9.5788 |      9.5781 |      9.5788 |      9.5787 |      9.5788 |      9.5773 |
|          Scalar [MUOPS/s]         |    800.5952 |  800.5509 |  800.5876 |  800.5840 |  800.5924 |  800.4960 |  800.5984 |  800.6004 |  800.5948 |  800.5828 |    800.5956 |    800.5948 |    800.5424 |    800.5712 |    800.4951 |    800.5856 |    799.5217 |    799.4610 |    799.5213 |    799.5145 |    799.5229 |    799.3931 |
|  Memory read bandwidth [MBytes/s] |  63974.0022 |         0 |         0 |         0 |         0 |         0 |         0 |         0 |         0 |         0 |           0 |           0 |           0 |           0 |           0 |           0 |           0 |           0 |           0 |           0 |           0 |           0 |
|  Memory read data volume [GBytes] | 127995.4092 |         0 |         0 |         0 |         0 |         0 |         0 |         0 |         0 |         0 |           0 |           0 |           0 |           0 |           0 |           0 |           0 |           0 |           0 |           0 |           0 |           0 |
| Memory write bandwidth [MBytes/s] |  26939.0865 |         0 |         0 |         0 |         0 |         0 |         0 |         0 |         0 |         0 |           0 |           0 |           0 |           0 |           0 |           0 |           0 |           0 |           0 |           0 |           0 |           0 |
| Memory write data volume [GBytes] |  53898.1349 |         0 |         0 |         0 |         0 |         0 |         0 |         0 |         0 |         0 |           0 |           0 |           0 |           0 |           0 |           0 |           0 |           0 |           0 |           0 |           0 |           0 |
|    Memory bandwidth [MBytes/s]    |  90913.0887 |         0 |         0 |         0 |         0 |         0 |         0 |         0 |         0 |         0 |           0 |           0 |           0 |           0 |           0 |           0 |           0 |           0 |           0 |           0 |           0 |           0 |
|    Memory data volume [GBytes]    | 181893.5440 |         0 |         0 |         0 |         0 |         0 |         0 |         0 |         0 |         0 |           0 |           0 |           0 |           0 |           0 |           0 |           0 |           0 |           0 |           0 |           0 |           0 |
|       Operational intensity       |      0.0097 |         0 |         0 |         0 |         0 |         0 |         0 |         0 |         0 |         0 |           0 |           0 |           0 |           0 |           0 |           0 |           0 |           0 |           0 |           0 |           0 |           0 |
+-----------------------------------+-------------+-----------+-----------+-----------+-----------+-----------+-----------+-----------+-----------+-----------+-------------+-------------+-------------+-------------+-------------+-------------+-------------+-------------+-------------+-------------+-------------+-------------+

+----------------------------------------+-------------+-----------+-------------+------------+-----------+-----------+-----------+
|                 Metric                 |     Sum     |    Min    |     Max     |     Avg    |  %ile 25  |  %ile 50  |  %ile 75  |
+----------------------------------------+-------------+-----------+-------------+------------+-----------+-----------+-----------+
|        Runtime (RDTSC) [s] STAT        |  44017.6430 | 2000.7270 |   2001.0590 |  2000.8020 | 2000.7390 | 2000.7550 | 2000.8510 |
|        Runtime unhalted [s] STAT       |  43835.1645 | 1990.5315 |   1996.0522 |  1992.5075 | 1991.5713 | 1991.7837 | 1992.6878 |
|            Clock [MHz] STAT            |  52673.7970 | 2393.9456 |   2394.3237 |  2394.2635 | 2394.2696 | 2394.3143 | 2394.3163 |
|                CPI STAT                |     39.7521 |    0.9239 |      1.9634 |     1.8069 |    1.8705 |    1.9071 |    1.9569 |
|             Energy [J] STAT            | 329986.2922 |         0 | 329986.2922 | 14999.3769 |         0 |         0 |         0 |
|             Power [W] STAT             |    164.9320 |         0 |    164.9320 |     7.4969 |         0 |         0 |         0 |
|          Energy DRAM [J] STAT          |  36392.8827 |         0 |  36392.8827 |  1654.2219 |         0 |         0 |         0 |
|           Power DRAM [W] STAT          |     18.1897 |         0 |     18.1897 |     0.8268 |         0 |         0 |         0 |
|            DP [MFLOP/s] STAT           |  19293.5649 |  876.0111 |    877.3343 |   876.9802 |  876.1534 |  877.3022 |  877.3281 |
|          AVX DP [MFLOP/s] STAT         |   1687.4636 |   76.6181 |     76.7339 |    76.7029 |   76.6305 |   76.7311 |   76.7333 |
|          Packed [MUOPS/s] STAT         |    210.9330 |    9.5773 |      9.5917 |     9.5879 |    9.5788 |    9.5914 |    9.5917 |
|          Scalar [MUOPS/s] STAT         |  17606.1017 |  799.3931 |    800.6004 |   800.2774 |  799.5229 |  800.5712 |  800.5948 |
|  Memory read bandwidth [MBytes/s] STAT |  63974.0022 |         0 |  63974.0022 |  2907.9092 |         0 |         0 |         0 |
|  Memory read data volume [GBytes] STAT | 127995.4092 |         0 | 127995.4092 |  5817.9731 |         0 |         0 |         0 |
| Memory write bandwidth [MBytes/s] STAT |  26939.0865 |         0 |  26939.0865 |  1224.5039 |         0 |         0 |         0 |
| Memory write data volume [GBytes] STAT |  53898.1349 |         0 |  53898.1349 |  2449.9152 |         0 |         0 |         0 |
|    Memory bandwidth [MBytes/s] STAT    |  90913.0887 |         0 |  90913.0887 |  4132.4131 |         0 |         0 |         0 |
|    Memory data volume [GBytes] STAT    | 181893.5440 |         0 | 181893.5440 |  8267.8884 |         0 |         0 |         0 |
|       Operational intensity STAT       |      0.0097 |         0 |      0.0097 |     0.0004 |         0 |         0 |         0 |
+----------------------------------------+-------------+-----------+-------------+------------+-----------+-----------+-----------+

