WARN: Cannot extract OpenMP vendor from executable or commandline, assuming no OpenMP
Successfully initialised 24 MPI ranks.
Opening tea.out as log file.

Timestep 1
Error: 			5.444659e-11

Timestep 2
Error: 			3.489730e-12

Timestep 3
Error: 			2.491007e-13

Timestep 4
Error: 			1.516990e-14

Timestep 5
Error: 			9.885709e-16

Checking results...
Expected 9.200337173020409e+01
Actual   9.200337173012186e+01
This run [32mPASSED[0m (Difference is within 0.00000000%)
Group: 1
+------------------------------------------+---------+----------------+----------------+----------------+----------------+----------------+----------------+----------------+----------------+----------------+----------------+----------------+----------------+----------------+----------------+----------------+----------------+----------------+----------------+----------------+----------------+----------------+----------------+----------------+----------------+
|                   Event                  | Counter |    f0608:0:0   |    f0608:1:1   |    f0608:2:2   |    f0608:3:3   |    f0608:4:4   |    f0608:5:5   |    f0608:6:6   |    f0608:7:7   |    f0608:8:8   |    f0608:9:9   |   f0608:10:10  |   f0608:11:11  |   f0608:12:12  |   f0608:13:13  |   f0608:14:14  |   f0608:15:15  |   f0608:16:16  |   f0608:17:17  |   f0608:18:18  |   f0608:19:19  |   f0608:20:20  |   f0608:21:21  |   f0608:22:22  |   f0608:23:23  |
+------------------------------------------+---------+----------------+----------------+----------------+----------------+----------------+----------------+----------------+----------------+----------------+----------------+----------------+----------------+----------------+----------------+----------------+----------------+----------------+----------------+----------------+----------------+----------------+----------------+----------------+----------------+
|             INSTR_RETIRED_ANY            |  FIXC0  |  2277712924710 |  2257557925550 |  2247393246311 |  2250038167115 |  2236390614727 |  2271744929125 |  2244949966582 |  2256901675761 |  2259714078675 |  2235972339839 |  2255710463771 |  2298038413167 |  2276955894012 |  2271048181214 |  2264552628197 |  2295864722162 |  2257938234226 |  2231493208976 |  4461191161343 |  4382561018769 |  4429597717319 |  4428419059227 |  4403391965739 |  2619745709700 |
|           CPU_CLK_UNHALTED_CORE          |  FIXC1  |  4373897829250 |  4374409252080 |  4376463438978 |  4374274967632 |  4375526928333 |  4375875305369 |  4376620060741 |  4378030068494 |  4375802393978 |  4375199002856 |  4377240479195 |  4375886067337 |  4374267988636 |  4373911757784 |  4375813169411 |  4372422259845 |  4380186712960 |  4379734375398 |  4386977799056 |  4385734054745 |  4386731800474 |  4386908280519 |  4386886463921 |  4386681373840 |
|           CPU_CLK_UNHALTED_REF           |  FIXC2  |  4373897881728 |  4374408620352 |  4376463097920 |  4374276547296 |  4375527217824 |  4375876627296 |  4376621343168 |  4378032032544 |  4375802128992 |  4375198650048 |  4377242435808 |  4375887157920 |  4374268982016 |  4373911777344 |  4375812423168 |  4372423788096 |  4380187246080 |  4379736369600 |  4386968442816 |  4385724160032 |  4386720447840 |  4386892739712 |  4386877603968 |  4386659216544 |
|               TOPDOWN_SLOTS              |  FIXC3  | 21869489146250 | 21872046260400 | 21882317194890 | 21871374838160 | 21877634641665 | 21879376526845 | 21883100303705 | 21890150342470 | 21879011969890 | 21875995014280 | 21886202395975 | 21879430336685 | 21871339943180 | 21869558788920 | 21879065847055 | 21862111299225 | 21900933564800 | 21898671876990 | 21934888995280 | 21928670273725 | 21933659002370 | 21934541402595 | 21934432319605 | 21933406869200 |
|              PWR_PKG_ENERGY              |   PWR0  |    316091.1960 |              0 |              0 |              0 |              0 |              0 |              0 |              0 |              0 |              0 |              0 |              0 |              0 |              0 |              0 |              0 |              0 |              0 |              0 |              0 |              0 |              0 |              0 |              0 |
|              PWR_DRAM_ENERGY             |   PWR3  |     35000.7032 |              0 |              0 |              0 |              0 |              0 |              0 |              0 |              0 |              0 |              0 |              0 |              0 |              0 |              0 |              0 |              0 |              0 |              0 |              0 |              0 |              0 |              0 |              0 |
| FP_ARITH_INST_RETIRED_128B_PACKED_DOUBLE |   PMC0  |              0 |              0 |              0 |              0 |              0 |              0 |              0 |              0 |              0 |              0 |              0 |              0 |              0 |              0 |              0 |              0 |              0 |              0 |              0 |              0 |              0 |              0 |              0 |              0 |
|    FP_ARITH_INST_RETIRED_SCALAR_DOUBLE   |   PMC1  |  1468480971218 |  1468480494303 |  1468480142862 |  1468480138650 |  1468480141572 |  1468480138746 |  1468480133820 |  1468480130198 |  1467405109293 |  1467405104893 |  1467405103983 |  1467405101251 |  1467405093582 |  1467405099717 |  1467405082283 |  1467405097991 |  1467405079989 |  1467405095029 |  1467405088475 |  1467405084985 |  1467405082633 |  1467405085243 |  1467405086849 |  1467405065405 |
| FP_ARITH_INST_RETIRED_256B_PACKED_DOUBLE |   PMC2  |              0 |              0 |              0 |              0 |              0 |              0 |              0 |              0 |              0 |              0 |              0 |              0 |              0 |              0 |              0 |              0 |              0 |              0 |              0 |              0 |              0 |              0 |              0 |              0 |
| FP_ARITH_INST_RETIRED_512B_PACKED_DOUBLE |   PMC3  |    17610548331 |    17610548331 |    17610548331 |    17610548331 |    17610548331 |    17610548331 |    17610548331 |    17610548331 |    17597681385 |    17597681385 |    17597681385 |    17597681385 |    17597681385 |    17597681385 |    17597681385 |    17597681385 |    17597681385 |    17597681385 |    17597681385 |    17597681385 |    17597681385 |    17597681385 |    17597681385 |    17597681385 |
|               CAS_COUNT_RD               | MBOX0C0 |   378718404124 |              0 |              0 |              0 |              0 |              0 |              0 |              0 |              0 |              0 |              0 |              0 |              0 |              0 |              0 |              0 |              0 |              0 |              0 |              0 |              0 |              0 |              0 |              0 |
|               CAS_COUNT_WR               | MBOX0C1 |   158647506848 |              0 |              0 |              0 |              0 |              0 |              0 |              0 |              0 |              0 |              0 |              0 |              0 |              0 |              0 |              0 |              0 |              0 |              0 |              0 |              0 |              0 |              0 |              0 |
|               CAS_COUNT_RD               | MBOX1C0 |   378740158188 |              0 |              0 |              0 |              0 |              0 |              0 |              0 |              0 |              0 |              0 |              0 |              0 |              0 |              0 |              0 |              0 |              0 |              0 |              0 |              0 |              0 |              0 |              0 |
|               CAS_COUNT_WR               | MBOX1C1 |   158629065594 |              0 |              0 |              0 |              0 |              0 |              0 |              0 |              0 |              0 |              0 |              0 |              0 |              0 |              0 |              0 |              0 |              0 |              0 |              0 |              0 |              0 |              0 |              0 |
|               CAS_COUNT_RD               | MBOX2C0 |   378850537918 |              0 |              0 |              0 |              0 |              0 |              0 |              0 |              0 |              0 |              0 |              0 |              0 |              0 |              0 |              0 |              0 |              0 |              0 |              0 |              0 |              0 |              0 |              0 |
|               CAS_COUNT_WR               | MBOX2C1 |   158629597178 |              0 |              0 |              0 |              0 |              0 |              0 |              0 |              0 |              0 |              0 |              0 |              0 |              0 |              0 |              0 |              0 |              0 |              0 |              0 |              0 |              0 |              0 |              0 |
|               CAS_COUNT_RD               | MBOX3C0 |   378840863711 |              0 |              0 |              0 |              0 |              0 |              0 |              0 |              0 |              0 |              0 |              0 |              0 |              0 |              0 |              0 |              0 |              0 |              0 |              0 |              0 |              0 |              0 |              0 |
|               CAS_COUNT_WR               | MBOX3C1 |   158664361071 |              0 |              0 |              0 |              0 |              0 |              0 |              0 |              0 |              0 |              0 |              0 |              0 |              0 |              0 |              0 |              0 |              0 |              0 |              0 |              0 |              0 |              0 |              0 |
|               CAS_COUNT_RD               | MBOX4C0 |   123122973452 |              0 |              0 |              0 |              0 |              0 |              0 |              0 |              0 |              0 |              0 |              0 |              0 |              0 |              0 |              0 |              0 |              0 |              0 |              0 |              0 |              0 |              0 |              0 |
|               CAS_COUNT_WR               | MBOX4C1 |    52136800929 |              0 |              0 |              0 |              0 |              0 |              0 |              0 |              0 |              0 |              0 |              0 |              0 |              0 |              0 |              0 |              0 |              0 |              0 |              0 |              0 |              0 |              0 |              0 |
|               CAS_COUNT_RD               | MBOX5C0 |   123116763253 |              0 |              0 |              0 |              0 |              0 |              0 |              0 |              0 |              0 |              0 |              0 |              0 |              0 |              0 |              0 |              0 |              0 |              0 |              0 |              0 |              0 |              0 |              0 |
|               CAS_COUNT_WR               | MBOX5C1 |    52141048017 |              0 |              0 |              0 |              0 |              0 |              0 |              0 |              0 |              0 |              0 |              0 |              0 |              0 |              0 |              0 |              0 |              0 |              0 |              0 |              0 |              0 |              0 |              0 |
|               CAS_COUNT_RD               | MBOX6C0 |   123205466001 |              0 |              0 |              0 |              0 |              0 |              0 |              0 |              0 |              0 |              0 |              0 |              0 |              0 |              0 |              0 |              0 |              0 |              0 |              0 |              0 |              0 |              0 |              0 |
|               CAS_COUNT_WR               | MBOX6C1 |    52143235901 |              0 |              0 |              0 |              0 |              0 |              0 |              0 |              0 |              0 |              0 |              0 |              0 |              0 |              0 |              0 |              0 |              0 |              0 |              0 |              0 |              0 |              0 |              0 |
|               CAS_COUNT_RD               | MBOX7C0 |   123174331109 |              0 |              0 |              0 |              0 |              0 |              0 |              0 |              0 |              0 |              0 |              0 |              0 |              0 |              0 |              0 |              0 |              0 |              0 |              0 |              0 |              0 |              0 |              0 |
|               CAS_COUNT_WR               | MBOX7C1 |    52134723026 |              0 |              0 |              0 |              0 |              0 |              0 |              0 |              0 |              0 |              0 |              0 |              0 |              0 |              0 |              0 |              0 |              0 |              0 |              0 |              0 |              0 |              0 |              0 |
+------------------------------------------+---------+----------------+----------------+----------------+----------------+----------------+----------------+----------------+----------------+----------------+----------------+----------------+----------------+----------------+----------------+----------------+----------------+----------------+----------------+----------------+----------------+----------------+----------------+----------------+----------------+

+-----------------------------------------------+---------+-----------------+----------------+----------------+---------------+
|                     Event                     | Counter |       Sum       |       Min      |       Max      |      Avg      |
+-----------------------------------------------+---------+-----------------+----------------+----------------+---------------+
|             INSTR_RETIRED_ANY STAT            |  FIXC0  |  65414884246217 |  2231493208976 |  4461191161343 |  2.725620e+12 |
|           CPU_CLK_UNHALTED_CORE STAT          |  FIXC1  | 105085481830832 |  4372422259845 |  4386977799056 |  4.378562e+12 |
|           CPU_CLK_UNHALTED_REF STAT           |  FIXC2  | 105085416938112 |  4372423788096 |  4386968442816 | 4378559039088 |
|               TOPDOWN_SLOTS STAT              |  FIXC3  | 525427409154160 | 21862111299225 | 21934888995280 |      nil      |
|              PWR_PKG_ENERGY STAT              |   PWR0  |     316091.1960 |              0 |    316091.1960 |    13170.4665 |
|              PWR_DRAM_ENERGY STAT             |   PWR3  |      35000.7032 |              0 |     35000.7032 |     1458.3626 |
| FP_ARITH_INST_RETIRED_128B_PACKED_DOUBLE STAT |   PMC0  |               0 |              0 |              0 |             0 |
|    FP_ARITH_INST_RETIRED_SCALAR_DOUBLE STAT   |   PMC1  |  35226323752970 |  1467405065405 |  1468480971218 |  1.467763e+12 |
| FP_ARITH_INST_RETIRED_256B_PACKED_DOUBLE STAT |   PMC2  |               0 |              0 |              0 |             0 |
| FP_ARITH_INST_RETIRED_512B_PACKED_DOUBLE STAT |   PMC3  |    422447288808 |    17597681385 |    17610548331 |   17601970367 |
|               CAS_COUNT_RD STAT               | MBOX0C0 |    378718404124 |              0 |   378718404124 |  1.577993e+10 |
|               CAS_COUNT_WR STAT               | MBOX0C1 |    158647506848 |              0 |   158647506848 |  6.610313e+09 |
|               CAS_COUNT_RD STAT               | MBOX1C0 |    378740158188 |              0 |   378740158188 |  1.578084e+10 |
|               CAS_COUNT_WR STAT               | MBOX1C1 |    158629065594 |              0 |   158629065594 |  6.609544e+09 |
|               CAS_COUNT_RD STAT               | MBOX2C0 |    378850537918 |              0 |   378850537918 |  1.578544e+10 |
|               CAS_COUNT_WR STAT               | MBOX2C1 |    158629597178 |              0 |   158629597178 |  6.609567e+09 |
|               CAS_COUNT_RD STAT               | MBOX3C0 |    378840863711 |              0 |   378840863711 |  1.578504e+10 |
|               CAS_COUNT_WR STAT               | MBOX3C1 |    158664361071 |              0 |   158664361071 |  6.611015e+09 |
|               CAS_COUNT_RD STAT               | MBOX4C0 |    123122973452 |              0 |   123122973452 |  5.130124e+09 |
|               CAS_COUNT_WR STAT               | MBOX4C1 |     52136800929 |              0 |    52136800929 |  2.172367e+09 |
|               CAS_COUNT_RD STAT               | MBOX5C0 |    123116763253 |              0 |   123116763253 |  5.129865e+09 |
|               CAS_COUNT_WR STAT               | MBOX5C1 |     52141048017 |              0 |    52141048017 |  2.172544e+09 |
|               CAS_COUNT_RD STAT               | MBOX6C0 |    123205466001 |              0 |   123205466001 |  5.133561e+09 |
|               CAS_COUNT_WR STAT               | MBOX6C1 |     52143235901 |              0 |    52143235901 |  2.172635e+09 |
|               CAS_COUNT_RD STAT               | MBOX7C0 |    123174331109 |              0 |   123174331109 |  5.132264e+09 |
|               CAS_COUNT_WR STAT               | MBOX7C1 |     52134723026 |              0 |    52134723026 |  2.172280e+09 |
+-----------------------------------------------+---------+-----------------+----------------+----------------+---------------+

+-----------------------------------+-------------+-----------+-----------+-----------+-----------+-----------+-----------+-----------+-----------+-----------+-------------+-------------+-------------+-------------+-------------+-------------+-------------+-------------+-------------+-------------+-------------+-------------+-------------+-------------+
|               Metric              |  f0608:0:0  | f0608:1:1 | f0608:2:2 | f0608:3:3 | f0608:4:4 | f0608:5:5 | f0608:6:6 | f0608:7:7 | f0608:8:8 | f0608:9:9 | f0608:10:10 | f0608:11:11 | f0608:12:12 | f0608:13:13 | f0608:14:14 | f0608:15:15 | f0608:16:16 | f0608:17:17 | f0608:18:18 | f0608:19:19 | f0608:20:20 | f0608:21:21 | f0608:22:22 | f0608:23:23 |
+-----------------------------------+-------------+-----------+-----------+-----------+-----------+-----------+-----------+-----------+-----------+-----------+-------------+-------------+-------------+-------------+-------------+-------------+-------------+-------------+-------------+-------------+-------------+-------------+-------------+-------------+
|        Runtime (RDTSC) [s]        |   1836.7740 | 1836.7610 | 1836.7640 | 1837.2750 | 1836.9300 | 1836.8380 | 1836.8150 | 1836.8010 | 1837.0810 | 1836.7710 |   1836.7660 |   1836.8180 |   1836.7790 |   1836.7770 |   1836.7720 |   1836.7620 |   1836.8690 |   1836.7490 |   1836.8790 |   1837.2640 |   1836.7620 |   1836.8650 |   1837.0310 |   1836.7550 |
|        Runtime unhalted [s]       |   1826.7851 | 1826.9985 | 1827.8540 | 1827.4415 | 1827.6163 | 1827.6529 | 1827.9203 | 1828.5115 | 1827.8920 | 1827.3328 |   1828.1792 |   1827.6167 |   1826.9394 |   1826.7917 |   1827.5974 |   1826.1686 |   1829.4221 |   1829.2216 |   1832.2489 |   1832.2304 |   1832.1477 |   1832.2510 |   1832.4322 |   1832.1213 |
|            Clock [MHz]            |   2394.3143 | 2394.3150 | 2394.3181 | 2393.6599 | 2394.1166 | 2394.2588 | 2394.3160 | 2394.3126 | 2393.9065 | 2394.3090 |   2394.3159 |   2394.3122 |   2394.3143 |   2394.3134 |   2394.2986 |   2394.3138 |   2394.3005 |   2394.3148 |   2394.3183 |   2393.6640 |   2394.3175 |   2394.2810 |   2394.0288 |   2394.3303 |
|                CPI                |      1.9203 |    1.9377 |    1.9474 |    1.9441 |    1.9565 |    1.9262 |    1.9495 |    1.9398 |    1.9364 |    1.9567 |      1.9405 |      1.9042 |      1.9211 |      1.9259 |      1.9323 |      1.9045 |      1.9399 |      1.9627 |      0.9834 |      1.0007 |      0.9903 |      0.9906 |      0.9963 |      1.6745 |
|             Energy [J]            | 316091.1960 |         0 |         0 |         0 |         0 |         0 |         0 |         0 |         0 |         0 |           0 |           0 |           0 |           0 |           0 |           0 |           0 |           0 |           0 |           0 |           0 |           0 |           0 |           0 |
|             Power [W]             |    172.0904 |         0 |         0 |         0 |         0 |         0 |         0 |         0 |         0 |         0 |           0 |           0 |           0 |           0 |           0 |           0 |           0 |           0 |           0 |           0 |           0 |           0 |           0 |           0 |
|          Energy DRAM [J]          |  35000.7032 |         0 |         0 |         0 |         0 |         0 |         0 |         0 |         0 |         0 |           0 |           0 |           0 |           0 |           0 |           0 |           0 |           0 |           0 |           0 |           0 |           0 |           0 |           0 |
|           Power DRAM [W]          |     19.0555 |         0 |         0 |         0 |         0 |         0 |         0 |         0 |         0 |         0 |           0 |           0 |           0 |           0 |           0 |           0 |           0 |           0 |           0 |           0 |           0 |           0 |           0 |           0 |
|            DP [MFLOP/s]           |    876.1913 |  876.1972 |  876.1956 |  875.9519 |  876.1164 |  876.1603 |  876.1713 |  876.1779 |  875.4032 |  875.5509 |    875.5533 |    875.5285 |    875.5471 |    875.5481 |    875.5504 |    875.5552 |    875.5042 |    875.5614 |    875.4994 |    875.3160 |    875.5552 |    875.5061 |    875.4270 |    875.5585 |
|          AVX DP [MFLOP/s]         |     76.7021 |   76.7026 |   76.7025 |   76.6812 |   76.6956 |   76.6994 |   76.7004 |   76.7010 |   76.6332 |   76.6462 |     76.6464 |     76.6442 |     76.6458 |     76.6459 |     76.6461 |     76.6465 |     76.6421 |     76.6471 |     76.6417 |     76.6256 |     76.6465 |     76.6422 |     76.6353 |     76.6468 |
|          Packed [MUOPS/s]         |      9.5878 |    9.5878 |    9.5878 |    9.5851 |    9.5869 |    9.5874 |    9.5875 |    9.5876 |    9.5792 |    9.5808 |      9.5808 |      9.5805 |      9.5807 |      9.5807 |      9.5808 |      9.5808 |      9.5803 |      9.5809 |      9.5802 |      9.5782 |      9.5808 |      9.5803 |      9.5794 |      9.5809 |
|          Scalar [MUOPS/s]         |    799.4892 |  799.4946 |  799.4931 |  799.2707 |  799.4208 |  799.4609 |  799.4709 |  799.4770 |  798.7700 |  798.9048 |    798.9069 |    798.8843 |    798.9013 |    798.9022 |    798.9043 |    798.9087 |    798.8621 |    798.9143 |    798.8578 |    798.6904 |    798.9087 |    798.8639 |    798.7917 |    798.9117 |
|  Memory read bandwidth [MBytes/s] |  69958.1156 |         0 |         0 |         0 |         0 |         0 |         0 |         0 |         0 |         0 |           0 |           0 |           0 |           0 |           0 |           0 |           0 |           0 |           0 |           0 |           0 |           0 |           0 |           0 |
|  Memory read data volume [GBytes] | 128497.2479 |         0 |         0 |         0 |         0 |         0 |         0 |         0 |         0 |         0 |           0 |           0 |           0 |           0 |           0 |           0 |           0 |           0 |           0 |           0 |           0 |           0 |           0 |           0 |
| Memory write bandwidth [MBytes/s] |  29377.6402 |         0 |         0 |         0 |         0 |         0 |         0 |         0 |         0 |         0 |           0 |           0 |           0 |           0 |           0 |           0 |           0 |           0 |           0 |           0 |           0 |           0 |           0 |           0 |
| Memory write data volume [GBytes] |  53960.0857 |         0 |         0 |         0 |         0 |         0 |         0 |         0 |         0 |         0 |           0 |           0 |           0 |           0 |           0 |           0 |           0 |           0 |           0 |           0 |           0 |           0 |           0 |           0 |
|    Memory bandwidth [MBytes/s]    |  99335.7558 |         0 |         0 |         0 |         0 |         0 |         0 |         0 |         0 |         0 |           0 |           0 |           0 |           0 |           0 |           0 |           0 |           0 |           0 |           0 |           0 |           0 |           0 |           0 |
|    Memory data volume [GBytes]    | 182457.3335 |         0 |         0 |         0 |         0 |         0 |         0 |         0 |         0 |         0 |           0 |           0 |           0 |           0 |           0 |           0 |           0 |           0 |           0 |           0 |           0 |           0 |           0 |           0 |
|       Operational intensity       |      0.0088 |         0 |         0 |         0 |         0 |         0 |         0 |         0 |         0 |         0 |           0 |           0 |           0 |           0 |           0 |           0 |           0 |           0 |           0 |           0 |           0 |           0 |           0 |           0 |
+-----------------------------------+-------------+-----------+-----------+-----------+-----------+-----------+-----------+-----------+-----------+-----------+-------------+-------------+-------------+-------------+-------------+-------------+-------------+-------------+-------------+-------------+-------------+-------------+-------------+-------------+

+----------------------------------------+-------------+-----------+-------------+------------+-----------+-----------+-----------+
|                 Metric                 |     Sum     |    Min    |     Max     |     Avg    |  %ile 25  |  %ile 50  |  %ile 75  |
+----------------------------------------+-------------+-----------+-------------+------------+-----------+-----------+-----------+
|        Runtime (RDTSC) [s] STAT        |  44084.6580 | 1836.7490 |   1837.2750 |  1836.8608 | 1836.7640 | 1836.7790 | 1836.8690 |
|        Runtime unhalted [s] STAT       |  43891.3731 | 1826.1686 |   1832.4322 |  1828.8072 | 1827.3328 | 1827.8540 | 1829.4221 |
|            Clock [MHz] STAT            |  57461.2502 | 2393.6599 |   2394.3303 |  2394.2188 | 2394.2588 | 2394.3126 | 2394.3150 |
|                CPI STAT                |     41.4815 |    0.9834 |      1.9627 |     1.7284 |    1.6745 |    1.9262 |    1.9405 |
|             Energy [J] STAT            | 316091.1960 |         0 | 316091.1960 | 13170.4665 |         0 |         0 |         0 |
|             Power [W] STAT             |    172.0904 |         0 |    172.0904 |     7.1704 |         0 |         0 |         0 |
|          Energy DRAM [J] STAT          |  35000.7032 |         0 |  35000.7032 |  1458.3626 |         0 |         0 |         0 |
|           Power DRAM [W] STAT          |     19.0555 |         0 |     19.0555 |     0.7940 |         0 |         0 |         0 |
|            DP [MFLOP/s] STAT           |  21017.3264 |  875.3160 |    876.1972 |   875.7219 |  875.5061 |  875.5533 |  876.1164 |
|          AVX DP [MFLOP/s] STAT         |   1839.8664 |   76.6256 |     76.7026 |    76.6611 |   76.6422 |   76.6464 |   76.6956 |
|          Packed [MUOPS/s] STAT         |    229.9832 |    9.5782 |      9.5878 |     9.5826 |    9.5803 |    9.5808 |    9.5869 |
|          Scalar [MUOPS/s] STAT         |  19177.4603 |  798.6904 |    799.4946 |   799.0608 |  798.8639 |  798.9069 |  799.4208 |
|  Memory read bandwidth [MBytes/s] STAT |  69958.1156 |         0 |  69958.1156 |  2914.9215 |         0 |         0 |         0 |
|  Memory read data volume [GBytes] STAT | 128497.2479 |         0 | 128497.2479 |  5354.0520 |         0 |         0 |         0 |
| Memory write bandwidth [MBytes/s] STAT |  29377.6402 |         0 |  29377.6402 |  1224.0683 |         0 |         0 |         0 |
| Memory write data volume [GBytes] STAT |  53960.0857 |         0 |  53960.0857 |  2248.3369 |         0 |         0 |         0 |
|    Memory bandwidth [MBytes/s] STAT    |  99335.7558 |         0 |  99335.7558 |  4138.9898 |         0 |         0 |         0 |
|    Memory data volume [GBytes] STAT    | 182457.3335 |         0 | 182457.3335 |  7602.3889 |         0 |         0 |         0 |
|       Operational intensity STAT       |      0.0088 |         0 |      0.0088 |     0.0004 |         0 |         0 |         0 |
+----------------------------------------+-------------+-----------+-------------+------------+-----------+-----------+-----------+

