WARN: Cannot extract OpenMP vendor from executable or commandline, assuming no OpenMP
Successfully initialised 14 MPI ranks.
Opening tea.out as log file.

Timestep 1
Error: 			5.444659e-11

Timestep 2
Error: 			3.489730e-12

Timestep 3
Error: 			2.490636e-13

Timestep 4
Error: 			1.519027e-14

Timestep 5
Error: 			9.877155e-16

Checking results...
Expected 9.200337173020409e+01
Actual   9.200337173016449e+01
This run [32mPASSED[0m (Difference is within 0.00000000%)
Group: 1
+------------------------------------------+---------+----------------+----------------+----------------+----------------+----------------+----------------+----------------+----------------+----------------+----------------+----------------+----------------+----------------+----------------+
|                   Event                  | Counter |    f0608:0:0   |    f0608:1:1   |    f0608:2:2   |    f0608:3:3   |    f0608:4:4   |    f0608:5:5   |    f0608:6:6   |    f0608:7:7   |    f0608:8:8   |    f0608:9:9   |   f0608:10:10  |   f0608:11:11  |   f0608:12:12  |   f0608:13:13  |
+------------------------------------------+---------+----------------+----------------+----------------+----------------+----------------+----------------+----------------+----------------+----------------+----------------+----------------+----------------+----------------+----------------+
|             INSTR_RETIRED_ANY            |  FIXC0  |  3836402735744 |  3828800719005 |  3855769162815 |  3841768563436 |  3889393082309 |  3815475648223 |  3919814022820 |  3838950458855 |  3893977331959 |  3856746061031 |  3851042129026 |  3886282130380 |  3923602647086 |  3820067616836 |
|           CPU_CLK_UNHALTED_CORE          |  FIXC1  |  5867402879453 |  5867592167984 |  5868285977902 |  5866379216841 |  5867485144139 |  5866631527554 |  5866917473618 |  5868405849446 |  5867573267294 |  5867441901809 |  5866998314837 |  5868339652874 |  5867663511813 |  5866687573769 |
|           CPU_CLK_UNHALTED_REF           |  FIXC2  |  5867404887552 |  5867592083904 |  5868284436096 |  5866378369920 |  5867485528320 |  5866633899360 |  5866919668992 |  5868408634080 |  5867572686336 |  5867442153216 |  5867000603904 |  5868341569728 |  5867666659680 |  5866686188640 |
|               TOPDOWN_SLOTS              |  FIXC3  | 29337014397265 | 29337960839920 | 29341429889510 | 29331896084205 | 29337425720695 | 29333157637770 | 29334587368090 | 29342029247230 | 29337866336470 | 29337209509045 | 29334991574185 | 29341698264370 | 29338317559065 | 29333437868845 |
|              PWR_PKG_ENERGY              |   PWR0  |    360986.1946 |              0 |              0 |              0 |              0 |              0 |              0 |              0 |              0 |              0 |              0 |              0 |              0 |              0 |
|              PWR_DRAM_ENERGY             |   PWR3  |     39388.0070 |              0 |              0 |              0 |              0 |              0 |              0 |              0 |              0 |              0 |              0 |              0 |              0 |              0 |
| FP_ARITH_INST_RETIRED_128B_PACKED_DOUBLE |   PMC0  |              0 |              0 |              0 |              0 |              0 |              0 |              0 |              0 |              0 |              0 |              0 |              0 |              0 |              0 |
|    FP_ARITH_INST_RETIRED_SCALAR_DOUBLE   |   PMC1  |  2517701897057 |  2517701540741 |  2517701380689 |  2517701386401 |  2515551334494 |  2515551325804 |  2515551325326 |  2515551329790 |  2515551326334 |  2515551328256 |  2515551321074 |  2515551323902 |  2515551327060 |  2515551315940 |
| FP_ARITH_INST_RETIRED_256B_PACKED_DOUBLE |   PMC2  |              0 |              0 |              0 |              0 |              0 |              0 |              0 |              0 |              0 |              0 |              0 |              0 |              0 |              0 |
| FP_ARITH_INST_RETIRED_512B_PACKED_DOUBLE |   PMC3  |    30163709715 |    30163709717 |    30163709717 |    30163709717 |    30137925795 |    30137925795 |    30137925795 |    30137925795 |    30137925795 |    30137925795 |    30137925795 |    30137925795 |    30137925795 |    30137925795 |
|               CAS_COUNT_RD               | MBOX0C0 |   515753118509 |              0 |              0 |              0 |              0 |              0 |              0 |              0 |              0 |              0 |              0 |              0 |              0 |              0 |
|               CAS_COUNT_WR               | MBOX0C1 |   210839714813 |              0 |              0 |              0 |              0 |              0 |              0 |              0 |              0 |              0 |              0 |              0 |              0 |              0 |
|               CAS_COUNT_RD               | MBOX1C0 |   515729699048 |              0 |              0 |              0 |              0 |              0 |              0 |              0 |              0 |              0 |              0 |              0 |              0 |              0 |
|               CAS_COUNT_WR               | MBOX1C1 |   210817752626 |              0 |              0 |              0 |              0 |              0 |              0 |              0 |              0 |              0 |              0 |              0 |              0 |              0 |
|               CAS_COUNT_RD               | MBOX2C0 |   515855122015 |              0 |              0 |              0 |              0 |              0 |              0 |              0 |              0 |              0 |              0 |              0 |              0 |              0 |
|               CAS_COUNT_WR               | MBOX2C1 |   210817875046 |              0 |              0 |              0 |              0 |              0 |              0 |              0 |              0 |              0 |              0 |              0 |              0 |              0 |
|               CAS_COUNT_RD               | MBOX3C0 |   515830984318 |              0 |              0 |              0 |              0 |              0 |              0 |              0 |              0 |              0 |              0 |              0 |              0 |              0 |
|               CAS_COUNT_WR               | MBOX3C1 |   210820892494 |              0 |              0 |              0 |              0 |              0 |              0 |              0 |              0 |              0 |              0 |              0 |              0 |              0 |
|               CAS_COUNT_RD               | MBOX4C0 |       10930582 |              0 |              0 |              0 |              0 |              0 |              0 |              0 |              0 |              0 |              0 |              0 |              0 |              0 |
|               CAS_COUNT_WR               | MBOX4C1 |       11768545 |              0 |              0 |              0 |              0 |              0 |              0 |              0 |              0 |              0 |              0 |              0 |              0 |              0 |
|               CAS_COUNT_RD               | MBOX5C0 |       10842324 |              0 |              0 |              0 |              0 |              0 |              0 |              0 |              0 |              0 |              0 |              0 |              0 |              0 |
|               CAS_COUNT_WR               | MBOX5C1 |       11646632 |              0 |              0 |              0 |              0 |              0 |              0 |              0 |              0 |              0 |              0 |              0 |              0 |              0 |
|               CAS_COUNT_RD               | MBOX6C0 |       11116492 |              0 |              0 |              0 |              0 |              0 |              0 |              0 |              0 |              0 |              0 |              0 |              0 |              0 |
|               CAS_COUNT_WR               | MBOX6C1 |       11952789 |              0 |              0 |              0 |              0 |              0 |              0 |              0 |              0 |              0 |              0 |              0 |              0 |              0 |
|               CAS_COUNT_RD               | MBOX7C0 |       10747126 |              0 |              0 |              0 |              0 |              0 |              0 |              0 |              0 |              0 |              0 |              0 |              0 |              0 |
|               CAS_COUNT_WR               | MBOX7C1 |       11716406 |              0 |              0 |              0 |              0 |              0 |              0 |              0 |              0 |              0 |              0 |              0 |              0 |              0 |
+------------------------------------------+---------+----------------+----------------+----------------+----------------+----------------+----------------+----------------+----------------+----------------+----------------+----------------+----------------+----------------+----------------+

+-----------------------------------------------+---------+-----------------+----------------+----------------+--------------+
|                     Event                     | Counter |       Sum       |       Min      |       Max      |      Avg     |
+-----------------------------------------------+---------+-----------------+----------------+----------------+--------------+
|             INSTR_RETIRED_ANY STAT            |  FIXC0  |  54058092309525 |  3815475648223 |  3923602647086 | 3.861292e+12 |
|           CPU_CLK_UNHALTED_CORE STAT          |  FIXC1  |  82143804459333 |  5866379216841 |  5868405849446 | 5.867415e+12 |
|           CPU_CLK_UNHALTED_REF STAT           |  FIXC2  |  82143817369728 |  5866378369920 |  5868408634080 | 5.867416e+12 |
|               TOPDOWN_SLOTS STAT              |  FIXC3  | 410719022296665 | 29331896084205 | 29342029247230 |      nil     |
|              PWR_PKG_ENERGY STAT              |   PWR0  |     360986.1946 |              0 |    360986.1946 |   25784.7282 |
|              PWR_DRAM_ENERGY STAT             |   PWR3  |      39388.0070 |              0 |     39388.0070 |    2813.4291 |
| FP_ARITH_INST_RETIRED_128B_PACKED_DOUBLE STAT |   PMC0  |               0 |              0 |              0 |            0 |
|    FP_ARITH_INST_RETIRED_SCALAR_DOUBLE STAT   |   PMC1  |  35226319462868 |  2515551315940 |  2517701897057 | 2.516166e+12 |
| FP_ARITH_INST_RETIRED_256B_PACKED_DOUBLE STAT |   PMC2  |               0 |              0 |              0 |            0 |
| FP_ARITH_INST_RETIRED_512B_PACKED_DOUBLE STAT |   PMC3  |    422034096816 |    30137925795 |    30163709717 | 3.014529e+10 |
|               CAS_COUNT_RD STAT               | MBOX0C0 |    515753118509 |              0 |   515753118509 | 3.683951e+10 |
|               CAS_COUNT_WR STAT               | MBOX0C1 |    210839714813 |              0 |   210839714813 | 1.505998e+10 |
|               CAS_COUNT_RD STAT               | MBOX1C0 |    515729699048 |              0 |   515729699048 | 3.683784e+10 |
|               CAS_COUNT_WR STAT               | MBOX1C1 |    210817752626 |              0 |   210817752626 | 1.505841e+10 |
|               CAS_COUNT_RD STAT               | MBOX2C0 |    515855122015 |              0 |   515855122015 | 3.684679e+10 |
|               CAS_COUNT_WR STAT               | MBOX2C1 |    210817875046 |              0 |   210817875046 | 1.505842e+10 |
|               CAS_COUNT_RD STAT               | MBOX3C0 |    515830984318 |              0 |   515830984318 | 3.684507e+10 |
|               CAS_COUNT_WR STAT               | MBOX3C1 |    210820892494 |              0 |   210820892494 | 1.505864e+10 |
|               CAS_COUNT_RD STAT               | MBOX4C0 |        10930582 |              0 |       10930582 |  780755.8571 |
|               CAS_COUNT_WR STAT               | MBOX4C1 |        11768545 |              0 |       11768545 |  840610.3571 |
|               CAS_COUNT_RD STAT               | MBOX5C0 |        10842324 |              0 |       10842324 |  774451.7143 |
|               CAS_COUNT_WR STAT               | MBOX5C1 |        11646632 |              0 |       11646632 |  831902.2857 |
|               CAS_COUNT_RD STAT               | MBOX6C0 |        11116492 |              0 |       11116492 |  794035.1429 |
|               CAS_COUNT_WR STAT               | MBOX6C1 |        11952789 |              0 |       11952789 |  853770.6429 |
|               CAS_COUNT_RD STAT               | MBOX7C0 |        10747126 |              0 |       10747126 |  767651.8571 |
|               CAS_COUNT_WR STAT               | MBOX7C1 |        11716406 |              0 |       11716406 |  836886.1429 |
+-----------------------------------------------+---------+-----------------+----------------+----------------+--------------+

+-----------------------------------+-------------+-----------+-----------+-----------+-----------+-----------+-----------+-----------+-----------+-----------+-------------+-------------+-------------+-------------+
|               Metric              |  f0608:0:0  | f0608:1:1 | f0608:2:2 | f0608:3:3 | f0608:4:4 | f0608:5:5 | f0608:6:6 | f0608:7:7 | f0608:8:8 | f0608:9:9 | f0608:10:10 | f0608:11:11 | f0608:12:12 | f0608:13:13 |
+-----------------------------------+-------------+-----------+-----------+-----------+-----------+-----------+-----------+-----------+-----------+-----------+-------------+-------------+-------------+-------------+
|        Runtime (RDTSC) [s]        |   2458.8940 | 2458.8770 | 2458.9210 | 2458.9790 | 2458.9040 | 2459.0570 | 2458.9630 | 2458.8990 | 2458.8920 | 2458.8980 |   2458.8770 |   2458.9830 |   2458.8920 |   2458.9810 |
|        Runtime unhalted [s]       |   2450.5836 | 2450.6308 | 2450.9227 | 2450.2241 | 2450.5872 | 2450.3814 | 2450.4370 | 2450.9943 | 2450.6237 | 2450.5745 |   2450.3819 |   2450.9738 |   2450.6602 |   2450.2754 |
|            Clock [MHz]            |   2394.2871 | 2394.3191 | 2394.3177 | 2394.2219 | 2394.3179 | 2394.1699 | 2394.2323 | 2394.2948 | 2394.3186 | 2394.3127 |   2394.3191 |   2394.2883 |   2394.3182 |   2394.2978 |
|                CPI                |      1.5294 |    1.5325 |    1.5219 |    1.5270 |    1.5086 |    1.5376 |    1.4967 |    1.5286 |    1.5068 |    1.5213 |      1.5235 |      1.5100 |      1.4955 |      1.5358 |
|             Energy [J]            | 360986.1946 |         0 |         0 |         0 |         0 |         0 |         0 |         0 |         0 |         0 |           0 |           0 |           0 |           0 |
|             Power [W]             |    146.8084 |         0 |         0 |         0 |         0 |         0 |         0 |         0 |         0 |         0 |           0 |           0 |           0 |           0 |
|          Energy DRAM [J]          |  39388.0070 |         0 |         0 |         0 |         0 |         0 |         0 |         0 |         0 |         0 |           0 |           0 |           0 |           0 |
|           Power DRAM [W]          |     16.0186 |         0 |         0 |         0 |         0 |         0 |         0 |         0 |         0 |         0 |           0 |           0 |           0 |           0 |
|            DP [MFLOP/s]           |   1122.0539 | 1122.0615 | 1122.0414 | 1122.0149 | 1121.0908 | 1121.0211 | 1121.0639 | 1121.0931 | 1121.0963 | 1121.0936 |   1121.1031 |   1121.0548 |   1121.0963 |   1121.0557 |
|          AVX DP [MFLOP/s]         |     98.1375 |   98.1382 |   98.1364 |   98.1341 |   98.0532 |   98.0471 |   98.0508 |   98.0534 |   98.0537 |   98.0534 |     98.0543 |     98.0501 |     98.0537 |     98.0501 |
|          Packed [MUOPS/s]         |     12.2672 |   12.2673 |   12.2671 |   12.2668 |   12.2567 |   12.2559 |   12.2564 |   12.2567 |   12.2567 |   12.2567 |     12.2568 |     12.2563 |     12.2567 |     12.2563 |
|          Scalar [MUOPS/s]         |   1023.9164 | 1023.9233 | 1023.9049 | 1023.8808 | 1023.0376 | 1022.9740 | 1023.0131 | 1023.0397 | 1023.0426 | 1023.0401 |   1023.0489 |   1023.0048 |   1023.0426 |   1023.0056 |
|  Memory read bandwidth [MBytes/s] |  53701.2185 |         0 |         0 |         0 |         0 |         0 |         0 |         0 |         0 |         0 |           0 |           0 |           0 |           0 |
|  Memory read data volume [GBytes] | 132045.6039 |         0 |         0 |         0 |         0 |         0 |         0 |         0 |         0 |         0 |           0 |           0 |           0 |           0 |
| Memory write bandwidth [MBytes/s] |  21950.5080 |         0 |         0 |         0 |         0 |         0 |         0 |         0 |         0 |         0 |           0 |           0 |           0 |           0 |
| Memory write data volume [GBytes] |  53973.9724 |         0 |         0 |         0 |         0 |         0 |         0 |         0 |         0 |         0 |           0 |           0 |           0 |           0 |
|    Memory bandwidth [MBytes/s]    |  75651.7265 |         0 |         0 |         0 |         0 |         0 |         0 |         0 |         0 |         0 |           0 |           0 |           0 |           0 |
|    Memory data volume [GBytes]    | 186019.5763 |         0 |         0 |         0 |         0 |         0 |         0 |         0 |         0 |         0 |           0 |           0 |           0 |           0 |
|       Operational intensity       |      0.0148 |         0 |         0 |         0 |         0 |         0 |         0 |         0 |         0 |         0 |           0 |           0 |           0 |           0 |
+-----------------------------------+-------------+-----------+-----------+-----------+-----------+-----------+-----------+-----------+-----------+-----------+-------------+-------------+-------------+-------------+

+----------------------------------------+-------------+-----------+-------------+------------+-----------+-----------+-----------+
|                 Metric                 |     Sum     |    Min    |     Max     |     Avg    |  %ile 25  |  %ile 50  |  %ile 75  |
+----------------------------------------+-------------+-----------+-------------+------------+-----------+-----------+-----------+
|        Runtime (RDTSC) [s] STAT        |  34425.0170 | 2458.8770 |   2459.0570 |  2458.9298 | 2458.8920 | 2458.8990 | 2458.9790 |
|        Runtime unhalted [s] STAT       |  34308.2506 | 2450.2241 |   2450.9943 |  2450.5893 | 2450.3819 | 2450.5836 | 2450.6602 |
|            Clock [MHz] STAT            |  33520.0154 | 2394.1699 |   2394.3191 |  2394.2868 | 2394.2871 | 2394.2978 | 2394.3182 |
|                CPI STAT                |     21.2752 |    1.4955 |      1.5376 |     1.5197 |    1.5086 |    1.5219 |    1.5294 |
|             Energy [J] STAT            | 360986.1946 |         0 | 360986.1946 | 25784.7282 |         0 |         0 |         0 |
|             Power [W] STAT             |    146.8084 |         0 |    146.8084 |    10.4863 |         0 |         0 |         0 |
|          Energy DRAM [J] STAT          |  39388.0070 |         0 |  39388.0070 |  2813.4291 |         0 |         0 |         0 |
|           Power DRAM [W] STAT          |     16.0186 |         0 |     16.0186 |     1.1442 |         0 |         0 |         0 |
|            DP [MFLOP/s] STAT           |  15698.9404 | 1121.0211 |   1122.0615 |  1121.3529 | 1121.0639 | 1121.0936 | 1122.0149 |
|          AVX DP [MFLOP/s] STAT         |   1373.0660 |   98.0471 |     98.1382 |    98.0761 |   98.0508 |   98.0534 |   98.1341 |
|          Packed [MUOPS/s] STAT         |    171.6336 |   12.2559 |     12.2673 |    12.2595 |   12.2564 |   12.2567 |   12.2668 |
|          Scalar [MUOPS/s] STAT         |  14325.8744 | 1022.9740 |   1023.9233 |  1023.2767 | 1023.0131 | 1023.0401 | 1023.8808 |
|  Memory read bandwidth [MBytes/s] STAT |  53701.2185 |         0 |  53701.2185 |  3835.8013 |         0 |         0 |         0 |
|  Memory read data volume [GBytes] STAT | 132045.6039 |         0 | 132045.6039 |  9431.8288 |         0 |         0 |         0 |
| Memory write bandwidth [MBytes/s] STAT |  21950.5080 |         0 |  21950.5080 |  1567.8934 |         0 |         0 |         0 |
| Memory write data volume [GBytes] STAT |  53973.9724 |         0 |  53973.9724 |  3855.2837 |         0 |         0 |         0 |
|    Memory bandwidth [MBytes/s] STAT    |  75651.7265 |         0 |  75651.7265 |  5403.6948 |         0 |         0 |         0 |
|    Memory data volume [GBytes] STAT    | 186019.5763 |         0 | 186019.5763 | 13287.1126 |         0 |         0 |         0 |
|       Operational intensity STAT       |      0.0148 |         0 |      0.0148 |     0.0011 |         0 |         0 |         0 |
+----------------------------------------+-------------+-----------+-------------+------------+-----------+-----------+-----------+

