WARN: Cannot extract OpenMP vendor from executable or commandline, assuming no OpenMP
 nx_glob, nz_glob:                  3000                  1250
 dx,dz:    8.00000000000000        8.00000000000000     
 dt:   2.666666666666666E-002
Group: 1
+------------------------------------------+---------+----------------+----------------+----------------+----------------+----------------+----------------+----------------+----------------+----------------+----------------+----------------+----------------+----------------+----------------+----------------+----------------+----------------+----------------+----------------+----------------+----------------+----------------+----------------+----------------+----------------+----------------+----------------+----------------+----------------+----------------+
|                   Event                  | Counter |    f0608:0:0   |    f0608:1:1   |    f0608:2:2   |    f0608:3:3   |    f0608:4:4   |    f0608:5:5   |    f0608:6:6   |    f0608:7:7   |    f0608:8:8   |    f0608:9:9   |   f0608:10:10  |   f0608:11:11  |   f0608:12:12  |   f0608:13:13  |   f0608:14:14  |   f0608:15:15  |   f0608:16:16  |   f0608:17:17  |   f0608:18:18  |   f0608:19:19  |   f0608:20:20  |   f0608:21:21  |   f0608:22:22  |   f0608:23:23  |   f0608:24:24  |   f0608:25:25  |   f0608:26:26  |   f0608:27:27  |   f0608:28:28  |   f0608:29:29  |
+------------------------------------------+---------+----------------+----------------+----------------+----------------+----------------+----------------+----------------+----------------+----------------+----------------+----------------+----------------+----------------+----------------+----------------+----------------+----------------+----------------+----------------+----------------+----------------+----------------+----------------+----------------+----------------+----------------+----------------+----------------+----------------+----------------+
|             INSTR_RETIRED_ANY            |  FIXC0  |  6182454960615 |  5447146927198 |  5116028830287 |  5524302386541 |  5613461299931 |  5273038282848 |  4762408703592 |  4781982410852 |  4492383031253 |  4493890052577 |  4494975351988 |  4471593702422 |  4536960542949 |  4483516453401 |  4631175240836 |  4595355839397 |  4688933955652 |  4896485514564 |  8067466597916 |  8164861205227 |  8184966541758 |  7984308765749 |  8049364712021 |  8162563976802 |  8125536483739 |  8121485144943 |  8108298065093 |  8193271482460 |  8108846280399 |  8058340504353 |
|           CPU_CLK_UNHALTED_CORE          |  FIXC1  |  3743542074219 |  3744889631104 |  3744267924066 |  3744267869301 |  3744077382420 |  3744125154803 |  3743173670743 |  3743397975957 |  3744354120825 |  3743524659349 |  3742188629098 |  3744202124799 |  3743390792637 |  3744264356014 |  3744285568737 |  3743894833713 |  3744324073341 |  3745034935825 |  3747637225217 |  3746790032289 |  3746632912773 |  3747281867633 |  3747348917035 |  3747109123993 |  3746919033974 |  3747267014801 |  3747211224592 |  3747206663000 |  3747541847216 |  3747271843090 |
|           CPU_CLK_UNHALTED_REF           |  FIXC2  |  3743543948064 |  3744891046560 |  3744268138464 |  3744269770272 |  3744078993792 |  3744126388992 |  3743176483200 |  3743399570016 |  3744354549408 |  3743525194848 |  3742190813280 |  3744205076448 |  3743393773152 |  3744266276928 |  3744285582528 |  3743897627616 |  3744328738944 |  3745037440992 |  3747634884864 |  3746791256736 |  3746635222752 |  3747280000800 |  3747347799360 |  3747104866752 |  3746919195168 |  3747268125216 |  3747212617248 |  3747205921632 |  3747544403712 |  3747271627776 |
|               TOPDOWN_SLOTS              |  FIXC3  | 18717710371095 | 18724448155520 | 18721339620330 | 18721339346505 | 18720386912100 | 18720625774015 | 18715868353715 | 18716989879785 | 18721770604125 | 18717623296745 | 18710943145490 | 18721010623995 | 18716953963185 | 18721321780070 | 18721427843685 | 18719474168565 | 18721620366705 | 18725174679125 | 18738186126085 | 18733950161445 | 18733164563865 | 18736409338165 | 18736744585175 | 18735545619965 | 18734595169870 | 18736335074005 | 18736056122960 | 18736033315000 | 18737709236080 | 18736359215450 |
|              PWR_PKG_ENERGY              |   PWR0  |    332356.7876 |              0 |              0 |              0 |              0 |              0 |              0 |              0 |              0 |              0 |              0 |              0 |              0 |              0 |              0 |              0 |              0 |              0 |              0 |              0 |              0 |              0 |              0 |              0 |              0 |              0 |              0 |              0 |              0 |              0 |
|              PWR_DRAM_ENERGY             |   PWR3  |     31398.3011 |              0 |              0 |              0 |              0 |              0 |              0 |              0 |              0 |              0 |              0 |              0 |              0 |              0 |              0 |              0 |              0 |              0 |              0 |              0 |              0 |              0 |              0 |              0 |              0 |              0 |              0 |              0 |              0 |              0 |
| FP_ARITH_INST_RETIRED_128B_PACKED_DOUBLE |   PMC0  |              0 |              0 |              0 |              0 |              0 |              0 |              0 |              0 |              0 |              0 |              0 |              0 |              0 |              0 |              0 |              0 |              0 |              0 |              0 |              0 |              0 |              0 |              0 |              0 |              0 |              0 |              0 |              0 |              0 |              0 |
|    FP_ARITH_INST_RETIRED_SCALAR_DOUBLE   |   PMC1  |  2163413374642 |  2163412748948 |  2163412751984 |  2163412742592 |  2163412746082 |  2163412734216 |  2163412743693 |  2163412740710 |  2163412730396 |  2163412708104 |  2163412730576 |  2163412716254 |  2163412714698 |  2163412698980 |  2163412701810 |  2163412694718 |  2163412693800 |  2163412681276 |  2163412682714 |  2163412672156 |  2163412676098 |  2163412679880 |  2163412670960 |  2163412672040 |  2163412672484 |  2163412653858 |  2163412666438 |  2163412654790 |  2163412657210 |  2163412652710 |
| FP_ARITH_INST_RETIRED_256B_PACKED_DOUBLE |   PMC2  |              0 |              0 |              0 |              0 |              0 |              0 |              0 |              0 |              0 |              0 |              0 |              0 |              0 |              0 |              0 |              0 |              0 |              0 |              0 |              0 |              0 |              0 |              0 |              0 |              0 |              0 |              0 |              0 |              0 |              0 |
| FP_ARITH_INST_RETIRED_512B_PACKED_DOUBLE |   PMC3  |    49491242013 |    49445947500 |    49445947500 |    49445947500 |    49445947500 |    49445947500 |    49445947500 |    49445947500 |    49445947500 |    49445947500 |    49445947500 |    49445947500 |    49445947500 |    49445947500 |    49445947500 |    49445947500 |    49445947500 |    49445947500 |    49445947500 |    49445947500 |    49445947500 |    49445947500 |    49445947500 |    49445947500 |    49445947500 |    49445947500 |    49445947500 |    49445947500 |    49445947500 |    49445947500 |
|               CAS_COUNT_RD               | MBOX0C0 |   230835390717 |              0 |              0 |              0 |              0 |              0 |              0 |              0 |              0 |              0 |              0 |              0 |              0 |              0 |              0 |              0 |              0 |              0 |              0 |              0 |              0 |              0 |              0 |              0 |              0 |              0 |              0 |              0 |              0 |              0 |
|               CAS_COUNT_WR               | MBOX0C1 |   118322339952 |              0 |              0 |              0 |              0 |              0 |              0 |              0 |              0 |              0 |              0 |              0 |              0 |              0 |              0 |              0 |              0 |              0 |              0 |              0 |              0 |              0 |              0 |              0 |              0 |              0 |              0 |              0 |              0 |              0 |
|               CAS_COUNT_RD               | MBOX1C0 |   230762146586 |              0 |              0 |              0 |              0 |              0 |              0 |              0 |              0 |              0 |              0 |              0 |              0 |              0 |              0 |              0 |              0 |              0 |              0 |              0 |              0 |              0 |              0 |              0 |              0 |              0 |              0 |              0 |              0 |              0 |
|               CAS_COUNT_WR               | MBOX1C1 |   118308747965 |              0 |              0 |              0 |              0 |              0 |              0 |              0 |              0 |              0 |              0 |              0 |              0 |              0 |              0 |              0 |              0 |              0 |              0 |              0 |              0 |              0 |              0 |              0 |              0 |              0 |              0 |              0 |              0 |              0 |
|               CAS_COUNT_RD               | MBOX2C0 |   230826374469 |              0 |              0 |              0 |              0 |              0 |              0 |              0 |              0 |              0 |              0 |              0 |              0 |              0 |              0 |              0 |              0 |              0 |              0 |              0 |              0 |              0 |              0 |              0 |              0 |              0 |              0 |              0 |              0 |              0 |
|               CAS_COUNT_WR               | MBOX2C1 |   118325905028 |              0 |              0 |              0 |              0 |              0 |              0 |              0 |              0 |              0 |              0 |              0 |              0 |              0 |              0 |              0 |              0 |              0 |              0 |              0 |              0 |              0 |              0 |              0 |              0 |              0 |              0 |              0 |              0 |              0 |
|               CAS_COUNT_RD               | MBOX3C0 |   230834219498 |              0 |              0 |              0 |              0 |              0 |              0 |              0 |              0 |              0 |              0 |              0 |              0 |              0 |              0 |              0 |              0 |              0 |              0 |              0 |              0 |              0 |              0 |              0 |              0 |              0 |              0 |              0 |              0 |              0 |
|               CAS_COUNT_WR               | MBOX3C1 |   118322207842 |              0 |              0 |              0 |              0 |              0 |              0 |              0 |              0 |              0 |              0 |              0 |              0 |              0 |              0 |              0 |              0 |              0 |              0 |              0 |              0 |              0 |              0 |              0 |              0 |              0 |              0 |              0 |              0 |              0 |
|               CAS_COUNT_RD               | MBOX4C0 |   153787906320 |              0 |              0 |              0 |              0 |              0 |              0 |              0 |              0 |              0 |              0 |              0 |              0 |              0 |              0 |              0 |              0 |              0 |              0 |              0 |              0 |              0 |              0 |              0 |              0 |              0 |              0 |              0 |              0 |              0 |
|               CAS_COUNT_WR               | MBOX4C1 |    78099262933 |              0 |              0 |              0 |              0 |              0 |              0 |              0 |              0 |              0 |              0 |              0 |              0 |              0 |              0 |              0 |              0 |              0 |              0 |              0 |              0 |              0 |              0 |              0 |              0 |              0 |              0 |              0 |              0 |              0 |
|               CAS_COUNT_RD               | MBOX5C0 |   153800340133 |              0 |              0 |              0 |              0 |              0 |              0 |              0 |              0 |              0 |              0 |              0 |              0 |              0 |              0 |              0 |              0 |              0 |              0 |              0 |              0 |              0 |              0 |              0 |              0 |              0 |              0 |              0 |              0 |              0 |
|               CAS_COUNT_WR               | MBOX5C1 |    78094820996 |              0 |              0 |              0 |              0 |              0 |              0 |              0 |              0 |              0 |              0 |              0 |              0 |              0 |              0 |              0 |              0 |              0 |              0 |              0 |              0 |              0 |              0 |              0 |              0 |              0 |              0 |              0 |              0 |              0 |
|               CAS_COUNT_RD               | MBOX6C0 |   153825705844 |              0 |              0 |              0 |              0 |              0 |              0 |              0 |              0 |              0 |              0 |              0 |              0 |              0 |              0 |              0 |              0 |              0 |              0 |              0 |              0 |              0 |              0 |              0 |              0 |              0 |              0 |              0 |              0 |              0 |
|               CAS_COUNT_WR               | MBOX6C1 |    78103918272 |              0 |              0 |              0 |              0 |              0 |              0 |              0 |              0 |              0 |              0 |              0 |              0 |              0 |              0 |              0 |              0 |              0 |              0 |              0 |              0 |              0 |              0 |              0 |              0 |              0 |              0 |              0 |              0 |              0 |
|               CAS_COUNT_RD               | MBOX7C0 |   153785623991 |              0 |              0 |              0 |              0 |              0 |              0 |              0 |              0 |              0 |              0 |              0 |              0 |              0 |              0 |              0 |              0 |              0 |              0 |              0 |              0 |              0 |              0 |              0 |              0 |              0 |              0 |              0 |              0 |              0 |
|               CAS_COUNT_WR               | MBOX7C1 |    78092502227 |              0 |              0 |              0 |              0 |              0 |              0 |              0 |              0 |              0 |              0 |              0 |              0 |              0 |              0 |              0 |              0 |              0 |              0 |              0 |              0 |              0 |              0 |              0 |              0 |              0 |              0 |              0 |              0 |              0 |
+------------------------------------------+---------+----------------+----------------+----------------+----------------+----------------+----------------+----------------+----------------+----------------+----------------+----------------+----------------+----------------+----------------+----------------+----------------+----------------+----------------+----------------+----------------+----------------+----------------+----------------+----------------+----------------+----------------+----------------+----------------+----------------+----------------+

+-----------------------------------------------+---------+-----------------+----------------+----------------+----------------+
|                     Event                     | Counter |       Sum       |       Min      |       Max      |       Avg      |
+-----------------------------------------------+---------+-----------------+----------------+----------------+----------------+
|             INSTR_RETIRED_ANY STAT            |  FIXC0  | 185815403247363 |  4471593702422 |  8193271482460 |   6.193847e+12 |
|           CPU_CLK_UNHALTED_CORE STAT          |  FIXC1  | 112357423482564 |  3742188629098 |  3747637225217 |   3.745247e+12 |
|           CPU_CLK_UNHALTED_REF STAT           |  FIXC2  | 112357455335520 |  3742190813280 |  3747634884864 |  3745248511184 |
|               TOPDOWN_SLOTS STAT              |  FIXC3  | 561787117412820 | 18710943145490 | 18738186126085 | 18726237247094 |
|              PWR_PKG_ENERGY STAT              |   PWR0  |     332356.7876 |              0 |    332356.7876 |     11078.5596 |
|              PWR_DRAM_ENERGY STAT             |   PWR3  |      31398.3011 |              0 |     31398.3011 |      1046.6100 |
| FP_ARITH_INST_RETIRED_128B_PACKED_DOUBLE STAT |   PMC0  |               0 |              0 |              0 |              0 |
|    FP_ARITH_INST_RETIRED_SCALAR_DOUBLE STAT   |   PMC1  |  64902381664817 |  2163412652710 |  2163413374642 |   2.163413e+12 |
| FP_ARITH_INST_RETIRED_256B_PACKED_DOUBLE STAT |   PMC2  |               0 |              0 |              0 |              0 |
| FP_ARITH_INST_RETIRED_512B_PACKED_DOUBLE STAT |   PMC3  |   1483423719513 |    49445947500 |    49491242013 |   4.944746e+10 |
|               CAS_COUNT_RD STAT               | MBOX0C0 |    230835390717 |              0 |   230835390717 |   7.694513e+09 |
|               CAS_COUNT_WR STAT               | MBOX0C1 |    118322339952 |              0 |   118322339952 |   3.944078e+09 |
|               CAS_COUNT_RD STAT               | MBOX1C0 |    230762146586 |              0 |   230762146586 |   7.692072e+09 |
|               CAS_COUNT_WR STAT               | MBOX1C1 |    118308747965 |              0 |   118308747965 |   3.943625e+09 |
|               CAS_COUNT_RD STAT               | MBOX2C0 |    230826374469 |              0 |   230826374469 |   7.694212e+09 |
|               CAS_COUNT_WR STAT               | MBOX2C1 |    118325905028 |              0 |   118325905028 |   3.944197e+09 |
|               CAS_COUNT_RD STAT               | MBOX3C0 |    230834219498 |              0 |   230834219498 |   7.694474e+09 |
|               CAS_COUNT_WR STAT               | MBOX3C1 |    118322207842 |              0 |   118322207842 |   3.944074e+09 |
|               CAS_COUNT_RD STAT               | MBOX4C0 |    153787906320 |              0 |   153787906320 |     5126263544 |
|               CAS_COUNT_WR STAT               | MBOX4C1 |     78099262933 |              0 |    78099262933 |   2.603309e+09 |
|               CAS_COUNT_RD STAT               | MBOX5C0 |    153800340133 |              0 |   153800340133 |   5.126678e+09 |
|               CAS_COUNT_WR STAT               | MBOX5C1 |     78094820996 |              0 |    78094820996 |   2.603161e+09 |
|               CAS_COUNT_RD STAT               | MBOX6C0 |    153825705844 |              0 |   153825705844 |   5.127524e+09 |
|               CAS_COUNT_WR STAT               | MBOX6C1 |     78103918272 |              0 |    78103918272 |   2.603464e+09 |
|               CAS_COUNT_RD STAT               | MBOX7C0 |    153785623991 |              0 |   153785623991 |   5.126187e+09 |
|               CAS_COUNT_WR STAT               | MBOX7C1 |     78092502227 |              0 |    78092502227 |   2.603083e+09 |
+-----------------------------------------------+---------+-----------------+----------------+----------------+----------------+

+-----------------------------------+-------------+-----------+-----------+-----------+-----------+-----------+-----------+-----------+-----------+-----------+-------------+-------------+-------------+-------------+-------------+-------------+-------------+-------------+-------------+-------------+-------------+-------------+-------------+-------------+-------------+-------------+-------------+-------------+-------------+-------------+
|               Metric              |  f0608:0:0  | f0608:1:1 | f0608:2:2 | f0608:3:3 | f0608:4:4 | f0608:5:5 | f0608:6:6 | f0608:7:7 | f0608:8:8 | f0608:9:9 | f0608:10:10 | f0608:11:11 | f0608:12:12 | f0608:13:13 | f0608:14:14 | f0608:15:15 | f0608:16:16 | f0608:17:17 | f0608:18:18 | f0608:19:19 | f0608:20:20 | f0608:21:21 | f0608:22:22 | f0608:23:23 | f0608:24:24 | f0608:25:25 | f0608:26:26 | f0608:27:27 | f0608:28:28 | f0608:29:29 |
+-----------------------------------+-------------+-----------+-----------+-----------+-----------+-----------+-----------+-----------+-----------+-----------+-------------+-------------+-------------+-------------+-------------+-------------+-------------+-------------+-------------+-------------+-------------+-------------+-------------+-------------+-------------+-------------+-------------+-------------+-------------+-------------+
|        Runtime (RDTSC) [s]        |   1570.2780 | 1569.9480 | 1569.9440 | 1569.9170 | 1569.9330 | 1569.9160 | 1570.2660 | 1569.9880 | 1570.2580 | 1570.1400 |   1570.0180 |   1570.2000 |   1569.9290 |   1570.2560 |   1569.9880 |   1570.0100 |   1569.9310 |   1569.9920 |   1569.9110 |   1570.2090 |   1569.9520 |   1569.9220 |   1569.9780 |   1569.9220 |   1569.9290 |   1569.9140 |   1569.9220 |   1569.9500 |   1570.0270 |   1569.9600 |
|        Runtime unhalted [s]       |   1563.5118 | 1564.0761 | 1563.8176 | 1563.8181 | 1563.7361 | 1563.7597 | 1563.3613 | 1563.4540 | 1563.9008 | 1563.6905 |   1563.0452 |   1564.0539 |   1563.4576 |   1563.8137 |   1563.8248 |   1563.6588 |   1563.8405 |   1564.1362 |   1565.2223 |   1564.8679 |   1564.8041 |   1565.0750 |   1565.1039 |   1565.0048 |   1564.9263 |   1565.0680 |   1565.0471 |   1565.0439 |   1565.2936 |   1565.0721 |
|            Clock [MHz]            |   2394.3152 | 2394.3134 | 2394.3124 | 2394.3104 | 2394.3143 | 2394.3089 | 2394.3096 | 2394.3118 | 2394.2400 | 2394.0314 |   2394.1639 |   2393.9068 |   2394.3009 |   2394.3149 |   2394.3127 |   2394.3152 |   2394.3103 |   2394.3136 |   2394.3178 |   2394.3164 |   2394.3128 |   2394.3158 |   2394.3139 |   2394.3143 |   2394.3101 |   2394.3151 |   2394.3113 |   2394.3145 |   2394.1446 |   2394.3127 |
|                CPI                |      0.6055 |    0.6875 |    0.7319 |    0.6778 |    0.6670 |    0.7101 |    0.7860 |    0.7828 |    0.8335 |    0.8330 |      0.8325 |      0.8373 |      0.8251 |      0.8351 |      0.8085 |      0.8147 |      0.7985 |      0.7648 |      0.4645 |      0.4589 |      0.4577 |      0.4693 |      0.4655 |      0.4591 |      0.4611 |      0.4614 |      0.4621 |      0.4574 |      0.4622 |      0.4650 |
|             Energy [J]            | 332356.7876 |         0 |         0 |         0 |         0 |         0 |         0 |         0 |         0 |         0 |           0 |           0 |           0 |           0 |           0 |           0 |           0 |           0 |           0 |           0 |           0 |           0 |           0 |           0 |           0 |           0 |           0 |           0 |           0 |           0 |
|             Power [W]             |    211.6547 |         0 |         0 |         0 |         0 |         0 |         0 |         0 |         0 |         0 |           0 |           0 |           0 |           0 |           0 |           0 |           0 |           0 |           0 |           0 |           0 |           0 |           0 |           0 |           0 |           0 |           0 |           0 |           0 |           0 |
|          Energy DRAM [J]          |  31398.3011 |         0 |         0 |         0 |         0 |         0 |         0 |         0 |         0 |         0 |           0 |           0 |           0 |           0 |           0 |           0 |           0 |           0 |           0 |           0 |           0 |           0 |           0 |           0 |           0 |           0 |           0 |           0 |           0 |           0 |
|           Power DRAM [W]          |     19.9954 |         0 |         0 |         0 |         0 |         0 |         0 |         0 |         0 |         0 |           0 |           0 |           0 |           0 |           0 |           0 |           0 |           0 |           0 |           0 |           0 |           0 |           0 |           0 |           0 |           0 |           0 |           0 |           0 |           0 |
|            DP [MFLOP/s]           |   1629.8664 | 1629.9778 | 1629.9819 | 1630.0099 | 1629.9933 | 1630.0110 | 1629.6477 | 1629.9362 | 1629.6560 | 1629.7784 |   1629.9051 |   1629.7161 |   1629.9975 |   1629.6580 |   1629.9362 |   1629.9134 |   1629.9954 |   1629.9320 |   1630.0161 |   1629.7068 |   1629.9736 |   1630.0047 |   1629.9466 |   1630.0047 |   1629.9974 |   1630.0130 |   1630.0047 |   1629.9756 |   1629.8957 |   1629.9652 |
|          AVX DP [MFLOP/s]         |    252.1400 |  251.9622 |  251.9629 |  251.9672 |  251.9646 |  251.9674 |  251.9112 |  251.9558 |  251.9125 |  251.9314 |    251.9510 |    251.9218 |    251.9653 |    251.9128 |    251.9558 |    251.9523 |    251.9649 |    251.9552 |    251.9682 |    251.9203 |    251.9616 |    251.9664 |    251.9574 |    251.9664 |    251.9653 |    251.9677 |    251.9664 |    251.9619 |    251.9495 |    251.9603 |
|          Packed [MUOPS/s]         |     31.5175 |   31.4953 |   31.4954 |   31.4959 |   31.4956 |   31.4959 |   31.4889 |   31.4945 |   31.4891 |   31.4914 |     31.4939 |     31.4902 |     31.4957 |     31.4891 |     31.4945 |     31.4940 |     31.4956 |     31.4944 |     31.4960 |     31.4900 |     31.4952 |     31.4958 |     31.4947 |     31.4958 |     31.4957 |     31.4960 |     31.4958 |     31.4952 |     31.4937 |     31.4950 |
|          Scalar [MUOPS/s]         |   1377.7263 | 1378.0155 | 1378.0191 | 1378.0428 | 1378.0287 | 1378.0436 | 1377.7365 | 1377.9804 | 1377.7435 | 1377.8470 |   1377.9541 |   1377.7944 |   1378.0322 |   1377.7452 |   1377.9804 |   1377.9611 |   1378.0304 |   1377.9769 |   1378.0480 |   1377.7864 |   1378.0120 |   1378.0383 |   1377.9892 |   1378.0383 |   1378.0322 |   1378.0453 |   1378.0383 |   1378.0137 |   1377.9461 |   1378.0050 |
|  Memory read bandwidth [MBytes/s] |  62703.0967 |         0 |         0 |         0 |         0 |         0 |         0 |         0 |         0 |         0 |           0 |           0 |           0 |           0 |           0 |           0 |           0 |           0 |           0 |           0 |           0 |           0 |           0 |           0 |           0 |           0 |           0 |           0 |           0 |           0 |
|  Memory read data volume [GBytes] |  98461.2933 |         0 |         0 |         0 |         0 |         0 |         0 |         0 |         0 |         0 |           0 |           0 |           0 |           0 |           0 |           0 |           0 |           0 |           0 |           0 |           0 |           0 |           0 |           0 |           0 |           0 |           0 |           0 |           0 |           0 |
| Memory write bandwidth [MBytes/s] |  32021.6300 |         0 |         0 |         0 |         0 |         0 |         0 |         0 |         0 |         0 |           0 |           0 |           0 |           0 |           0 |           0 |           0 |           0 |           0 |           0 |           0 |           0 |           0 |           0 |           0 |           0 |           0 |           0 |           0 |           0 |
| Memory write data volume [GBytes] |  50282.8611 |         0 |         0 |         0 |         0 |         0 |         0 |         0 |         0 |         0 |           0 |           0 |           0 |           0 |           0 |           0 |           0 |           0 |           0 |           0 |           0 |           0 |           0 |           0 |           0 |           0 |           0 |           0 |           0 |           0 |
|    Memory bandwidth [MBytes/s]    |  94724.7267 |         0 |         0 |         0 |         0 |         0 |         0 |         0 |         0 |         0 |           0 |           0 |           0 |           0 |           0 |           0 |           0 |           0 |           0 |           0 |           0 |           0 |           0 |           0 |           0 |           0 |           0 |           0 |           0 |           0 |
|    Memory data volume [GBytes]    | 148744.1544 |         0 |         0 |         0 |         0 |         0 |         0 |         0 |         0 |         0 |           0 |           0 |           0 |           0 |           0 |           0 |           0 |           0 |           0 |           0 |           0 |           0 |           0 |           0 |           0 |           0 |           0 |           0 |           0 |           0 |
|       Operational intensity       |      0.0172 |         0 |         0 |         0 |         0 |         0 |         0 |         0 |         0 |         0 |           0 |           0 |           0 |           0 |           0 |           0 |           0 |           0 |           0 |           0 |           0 |           0 |           0 |           0 |           0 |           0 |           0 |           0 |           0 |           0 |
+-----------------------------------+-------------+-----------+-----------+-----------+-----------+-----------+-----------+-----------+-----------+-----------+-------------+-------------+-------------+-------------+-------------+-------------+-------------+-------------+-------------+-------------+-------------+-------------+-------------+-------------+-------------+-------------+-------------+-------------+-------------+-------------+

+----------------------------------------+-------------+-----------+-------------+------------+-----------+-----------+-----------+
|                 Metric                 |     Sum     |    Min    |     Max     |     Avg    |  %ile 25  |  %ile 50  |  %ile 75  |
+----------------------------------------+-------------+-----------+-------------+------------+-----------+-----------+-----------+
|        Runtime (RDTSC) [s] STAT        |  47100.5080 | 1569.9110 |   1570.2780 |  1570.0169 | 1569.9290 | 1569.9520 | 1570.0270 |
|        Runtime unhalted [s] STAT       |  46927.4857 | 1563.0452 |   1565.2936 |  1564.2495 | 1563.7361 | 1563.9008 | 1565.0439 |
|            Clock [MHz] STAT            |  71828.3050 | 2393.9068 |   2394.3178 |  2394.2768 | 2394.3096 | 2394.3127 | 2394.3145 |
|                CPI STAT                |     19.3758 |    0.4574 |      0.8373 |     0.6459 |    0.4622 |    0.6778 |    0.8085 |
|             Energy [J] STAT            | 332356.7876 |         0 | 332356.7876 | 11078.5596 |         0 |         0 |         0 |
|             Power [W] STAT             |    211.6547 |         0 |    211.6547 |     7.0552 |         0 |         0 |         0 |
|          Energy DRAM [J] STAT          |  31398.3011 |         0 |  31398.3011 |  1046.6100 |         0 |         0 |         0 |
|           Power DRAM [W] STAT          |     19.9954 |         0 |     19.9954 |     0.6665 |         0 |         0 |         0 |
|            DP [MFLOP/s] STAT           |  48897.4164 | 1629.6477 |   1630.0161 |  1629.9139 | 1629.8957 | 1629.9652 | 1629.9975 |
|          AVX DP [MFLOP/s] STAT         |   7558.7657 |  251.9112 |    252.1400 |   251.9589 |  251.9510 |  251.9616 |  251.9664 |
|          Packed [MUOPS/s] STAT         |    944.8458 |   31.4889 |     31.5175 |    31.4949 |   31.4939 |   31.4952 |   31.4958 |
|          Scalar [MUOPS/s] STAT         |  41338.6509 | 1377.7263 |   1378.0480 |  1377.9550 | 1377.9461 | 1378.0050 | 1378.0322 |
|  Memory read bandwidth [MBytes/s] STAT |  62703.0967 |         0 |  62703.0967 |  2090.1032 |         0 |         0 |         0 |
|  Memory read data volume [GBytes] STAT |  98461.2933 |         0 |  98461.2933 |  3282.0431 |         0 |         0 |         0 |
| Memory write bandwidth [MBytes/s] STAT |  32021.6300 |         0 |  32021.6300 |  1067.3877 |         0 |         0 |         0 |
| Memory write data volume [GBytes] STAT |  50282.8611 |         0 |  50282.8611 |  1676.0954 |         0 |         0 |         0 |
|    Memory bandwidth [MBytes/s] STAT    |  94724.7267 |         0 |  94724.7267 |  3157.4909 |         0 |         0 |         0 |
|    Memory data volume [GBytes] STAT    | 148744.1544 |         0 | 148744.1544 |  4958.1385 |         0 |         0 |         0 |
|       Operational intensity STAT       |      0.0172 |         0 |      0.0172 |     0.0006 |         0 |         0 |         0 |
+----------------------------------------+-------------+-----------+-------------+------------+-----------+-----------+-----------+

