WARN: Cannot extract OpenMP vendor from executable or commandline, assuming no OpenMP
 nx_glob, nz_glob:                  3000                  1250
 dx,dz:    8.00000000000000        8.00000000000000     
 dt:   2.666666666666666E-002
Group: 1
+------------------------------------------+---------+----------------+----------------+----------------+----------------+----------------+----------------+----------------+----------------+----------------+----------------+----------------+----------------+----------------+----------------+----------------+----------------+----------------+----------------+----------------+----------------+----------------+----------------+----------------+----------------+----------------+----------------+----------------+----------------+----------------+----------------+----------------+----------------+----------------+----------------+----------------+----------------+----------------+----------------+----------------+----------------+----------------+----------------+----------------+----------------+----------------+----------------+
|                   Event                  | Counter |    f0608:0:0   |    f0608:1:1   |    f0608:2:2   |    f0608:3:3   |    f0608:4:4   |    f0608:5:5   |    f0608:6:6   |    f0608:7:7   |    f0608:8:8   |    f0608:9:9   |   f0608:10:10  |   f0608:11:11  |   f0608:12:12  |   f0608:13:13  |   f0608:14:14  |   f0608:15:15  |   f0608:16:16  |   f0608:17:17  |   f0608:18:18  |   f0608:19:19  |   f0608:20:20  |   f0608:21:21  |   f0608:22:22  |   f0608:23:23  |   f0608:24:24  |   f0608:25:25  |   f0608:26:26  |   f0608:27:27  |   f0608:28:28  |   f0608:29:29  |   f0608:30:30  |   f0608:31:31  |   f0608:32:32  |   f0608:33:33  |   f0608:34:34  |   f0608:35:35  |   f0608:36:36  |   f0608:37:37  |   f0608:38:38  |   f0608:39:39  |   f0608:40:40  |   f0608:41:41  |   f0608:42:42  |   f0608:43:43  |   f0608:44:44  |   f0608:45:45  |
+------------------------------------------+---------+----------------+----------------+----------------+----------------+----------------+----------------+----------------+----------------+----------------+----------------+----------------+----------------+----------------+----------------+----------------+----------------+----------------+----------------+----------------+----------------+----------------+----------------+----------------+----------------+----------------+----------------+----------------+----------------+----------------+----------------+----------------+----------------+----------------+----------------+----------------+----------------+----------------+----------------+----------------+----------------+----------------+----------------+----------------+----------------+----------------+----------------+
|             INSTR_RETIRED_ANY            |  FIXC0  |  3257342336569 |  3016368986026 |  3019909059630 |  3007085114944 |  3138897155509 |  3099619424988 |  3018015711877 |  3038329781294 |  3162921310060 |  3187901645292 |  2987182804353 |  3024225725584 |  3024075112854 |  3145349258906 |  3408022348681 |  4216528457532 |  4249243608659 |  3986681956452 |  5018655544986 |  4992423841646 |  4889072516819 |  4986375835088 |  4934103509340 |  4982704164034 |  5000183242634 |  4938166442566 |  5018017390662 |  5035929703159 |  5056030570578 |  4966999740928 |  4909829748671 |  4959104838990 |  4910392185927 |  4903586933938 |  4795914928835 |  4913037282794 |  5995195874687 |  6008585890557 |  6043881334306 |  5993389614649 |  6022233894666 |  6064196104119 |  6046845277839 |  5898835627583 |  6060318981662 |  6025198303181 |
|           CPU_CLK_UNHALTED_CORE          |  FIXC1  |  2541281092808 |  2542978226110 |  2542961022281 |  2542884314868 |  2543062309739 |  2542861896900 |  2542736527382 |  2542814093972 |  2542866841765 |  2542675674501 |  2543366762369 |  2542885148915 |  2543146557170 |  2542933564573 |  2543141039611 |  2543473876409 |  2542701593589 |  2542951967539 |  2544350771786 |  2543216396424 |  2543320221108 |  2543415657506 |  2543522683007 |  2543200971990 |  2543064755011 |  2541858429036 |  2543545146858 |  2543577428500 |  2543765636181 |  2543792284505 |  2543343125048 |  2543733910825 |  2543626590457 |  2543455159854 |  2543576851549 |  2543674421796 |  2545005879784 |  2544935730399 |  2544986946847 |  2544903987783 |  2545014639282 |  2545005279856 |  2545070870593 |  2545278562255 |  2544932865372 |  2545167328821 |
|           CPU_CLK_UNHALTED_REF           |  FIXC2  |  2541282203712 |  2542979130336 |  2542960599840 |  2542885917984 |  2543063569920 |  2542862990112 |  2542739124288 |  2542815723360 |  2542865898816 |  2542676814048 |  2543369190816 |  2542885717632 |  2543147587872 |  2542933977696 |  2543139990720 |  2543474467488 |  2542704919488 |  2542953199104 |  2544351855744 |  2543216966976 |  2543320896864 |  2543414984928 |  2543524453632 |  2543199823008 |  2543064175296 |  2541858065184 |  2543545332768 |  2543576514144 |  2543764316736 |  2543792567520 |  2543343004992 |  2543732330784 |  2543627374944 |  2543454066144 |  2543577348672 |  2543673848736 |  2545007520864 |  2544933271200 |  2544988132320 |  2544900080064 |  2545013976480 |  2545002602976 |  2545072363392 |  2545276308384 |  2544933036768 |  2545165648608 |
|               TOPDOWN_SLOTS              |  FIXC3  | 12706405464040 | 12714891130550 | 12714805111405 | 12714421574340 | 12715311548695 | 12714309484500 | 12713682636910 | 12714070469860 | 12714334208825 | 12713378372505 | 12716833811845 | 12714425744575 | 12715732785850 | 12714667822865 | 12715705198055 | 12717369382045 | 12713507967945 | 12714759837695 | 12721753858930 | 12716081982120 | 12716601105540 | 12717078287530 | 12717613415035 | 12716004859950 | 12715323775055 | 12709292145180 | 12717725734290 | 12717887142500 | 12718828180905 | 12718961422525 | 12716715625240 | 12718669554125 | 12718132952285 | 12717275799270 | 12717884257745 | 12718372108980 | 12725029398920 | 12724678651995 | 12724934734235 | 12724519938915 | 12725073196410 | 12725026399280 | 12725354352965 | 12726392811275 | 12724664326860 | 12725836644105 |
|              PWR_PKG_ENERGY              |   PWR0  |    249028.8122 |              0 |              0 |              0 |              0 |              0 |              0 |              0 |              0 |              0 |              0 |              0 |              0 |              0 |              0 |              0 |              0 |              0 |              0 |              0 |              0 |              0 |              0 |              0 |              0 |              0 |              0 |              0 |              0 |              0 |              0 |              0 |              0 |              0 |              0 |              0 |    147976.6731 |              0 |              0 |              0 |              0 |              0 |              0 |              0 |              0 |              0 |
|              PWR_DRAM_ENERGY             |   PWR3  |     23200.8582 |              0 |              0 |              0 |              0 |              0 |              0 |              0 |              0 |              0 |              0 |              0 |              0 |              0 |              0 |              0 |              0 |              0 |              0 |              0 |              0 |              0 |              0 |              0 |              0 |              0 |              0 |              0 |              0 |              0 |              0 |              0 |              0 |              0 |              0 |              0 |     12476.6246 |              0 |              0 |              0 |              0 |              0 |              0 |              0 |              0 |              0 |
| FP_ARITH_INST_RETIRED_128B_PACKED_DOUBLE |   PMC0  |              0 |              0 |              0 |              0 |              0 |              0 |              0 |              0 |              0 |              0 |              0 |              0 |              0 |              0 |              0 |              0 |              0 |              0 |              0 |              0 |              0 |              0 |              0 |              0 |              0 |              0 |              0 |              0 |              0 |              0 |              0 |              0 |              0 |              0 |              0 |              0 |              0 |              0 |              0 |              0 |              0 |              0 |              0 |              0 |              0 |              0 |
|    FP_ARITH_INST_RETIRED_SCALAR_DOUBLE   |   PMC1  |  1409972609607 |  1409972007257 |  1431498894553 |  1409972013253 |  1409971986257 |  1409971996949 |  1431498810445 |  1409971968881 |  1409971966859 |  1409971951371 |  1409971963133 |  1431498850951 |  1409971957117 |  1409971958191 |  1409971939294 |  1409971934671 |  1431498798801 |  1409971877567 |  1409971860747 |  1409971853295 |  1431498732919 |  1409971837115 |  1409971834421 |  1409971881717 |  1409971849277 |  1431498790309 |  1409971817643 |  1409971803041 |  1409971800777 |  1431498677747 |  1409971786089 |  1409971807171 |  1409971845051 |  1409971769229 |  1431498696299 |  1409971812053 |  1409971761144 |  1409971779315 |  1409971747177 |  1431498613377 |  1409971780009 |  1409971715487 |  1409971711919 |  1431498587477 |  1409971738551 |  1409971732409 |
| FP_ARITH_INST_RETIRED_256B_PACKED_DOUBLE |   PMC2  |              0 |              0 |              0 |              0 |              0 |              0 |              0 |              0 |              0 |              0 |              0 |              0 |              0 |              0 |              0 |              0 |              0 |              0 |              0 |              0 |              0 |              0 |              0 |              0 |              0 |              0 |              0 |              0 |              0 |              0 |              0 |              0 |              0 |              0 |              0 |              0 |              0 |              0 |              0 |              0 |              0 |              0 |              0 |              0 |              0 |              0 |
| FP_ARITH_INST_RETIRED_512B_PACKED_DOUBLE |   PMC3  |    40715852013 |    40670557500 |    39320497500 |    40670557500 |    40670557500 |    40670557500 |    39320497500 |    40670557500 |    40670557500 |    40670557500 |    40670557500 |    39320497500 |    40670557500 |    40670557500 |    40670557500 |    40670557500 |    39320497500 |    40670557500 |    40670557500 |    40670557500 |    39320497500 |    40670557500 |    40670557500 |    40670557500 |    40670557500 |    39320497500 |    40670557500 |    40670557500 |    40670557500 |    39320497500 |    40670557500 |    40670557500 |    40670557500 |    40670557500 |    39320497500 |    40670557500 |    40670557500 |    40670557500 |    40670557500 |    39320497500 |    40670557500 |    40670557500 |    40670557500 |    39320497500 |    40670557500 |    40670557500 |
|               CAS_COUNT_RD               | MBOX0C0 |   154495389117 |              0 |              0 |              0 |              0 |              0 |              0 |              0 |              0 |              0 |              0 |              0 |              0 |              0 |              0 |              0 |              0 |              0 |              0 |              0 |              0 |              0 |              0 |              0 |              0 |              0 |              0 |              0 |              0 |              0 |              0 |              0 |              0 |              0 |              0 |              0 |    74206230571 |              0 |              0 |              0 |              0 |              0 |              0 |              0 |              0 |              0 |
|               CAS_COUNT_WR               | MBOX0C1 |    78509639547 |              0 |              0 |              0 |              0 |              0 |              0 |              0 |              0 |              0 |              0 |              0 |              0 |              0 |              0 |              0 |              0 |              0 |              0 |              0 |              0 |              0 |              0 |              0 |              0 |              0 |              0 |              0 |              0 |              0 |              0 |              0 |              0 |              0 |              0 |              0 |    41555680382 |              0 |              0 |              0 |              0 |              0 |              0 |              0 |              0 |              0 |
|               CAS_COUNT_RD               | MBOX1C0 |   154455074437 |              0 |              0 |              0 |              0 |              0 |              0 |              0 |              0 |              0 |              0 |              0 |              0 |              0 |              0 |              0 |              0 |              0 |              0 |              0 |              0 |              0 |              0 |              0 |              0 |              0 |              0 |              0 |              0 |              0 |              0 |              0 |              0 |              0 |              0 |              0 |    74240045197 |              0 |              0 |              0 |              0 |              0 |              0 |              0 |              0 |              0 |
|               CAS_COUNT_WR               | MBOX1C1 |    78502896086 |              0 |              0 |              0 |              0 |              0 |              0 |              0 |              0 |              0 |              0 |              0 |              0 |              0 |              0 |              0 |              0 |              0 |              0 |              0 |              0 |              0 |              0 |              0 |              0 |              0 |              0 |              0 |              0 |              0 |              0 |              0 |              0 |              0 |              0 |              0 |    41554666137 |              0 |              0 |              0 |              0 |              0 |              0 |              0 |              0 |              0 |
|               CAS_COUNT_RD               | MBOX2C0 |   154487209721 |              0 |              0 |              0 |              0 |              0 |              0 |              0 |              0 |              0 |              0 |              0 |              0 |              0 |              0 |              0 |              0 |              0 |              0 |              0 |              0 |              0 |              0 |              0 |              0 |              0 |              0 |              0 |              0 |              0 |              0 |              0 |              0 |              0 |              0 |              0 |    74220397273 |              0 |              0 |              0 |              0 |              0 |              0 |              0 |              0 |              0 |
|               CAS_COUNT_WR               | MBOX2C1 |    78521655602 |              0 |              0 |              0 |              0 |              0 |              0 |              0 |              0 |              0 |              0 |              0 |              0 |              0 |              0 |              0 |              0 |              0 |              0 |              0 |              0 |              0 |              0 |              0 |              0 |              0 |              0 |              0 |              0 |              0 |              0 |              0 |              0 |              0 |              0 |              0 |    41556344117 |              0 |              0 |              0 |              0 |              0 |              0 |              0 |              0 |              0 |
|               CAS_COUNT_RD               | MBOX3C0 |   154527089930 |              0 |              0 |              0 |              0 |              0 |              0 |              0 |              0 |              0 |              0 |              0 |              0 |              0 |              0 |              0 |              0 |              0 |              0 |              0 |              0 |              0 |              0 |              0 |              0 |              0 |              0 |              0 |              0 |              0 |              0 |              0 |              0 |              0 |              0 |              0 |    74229662965 |              0 |              0 |              0 |              0 |              0 |              0 |              0 |              0 |              0 |
|               CAS_COUNT_WR               | MBOX3C1 |    78522829375 |              0 |              0 |              0 |              0 |              0 |              0 |              0 |              0 |              0 |              0 |              0 |              0 |              0 |              0 |              0 |              0 |              0 |              0 |              0 |              0 |              0 |              0 |              0 |              0 |              0 |              0 |              0 |              0 |              0 |              0 |              0 |              0 |              0 |              0 |              0 |    41552530998 |              0 |              0 |              0 |              0 |              0 |              0 |              0 |              0 |              0 |
|               CAS_COUNT_RD               | MBOX4C0 |   153335971057 |              0 |              0 |              0 |              0 |              0 |              0 |              0 |              0 |              0 |              0 |              0 |              0 |              0 |              0 |              0 |              0 |              0 |              0 |              0 |              0 |              0 |              0 |              0 |              0 |              0 |              0 |              0 |              0 |              0 |              0 |              0 |              0 |              0 |              0 |              0 |       62932467 |              0 |              0 |              0 |              0 |              0 |              0 |              0 |              0 |              0 |
|               CAS_COUNT_WR               | MBOX4C1 |    78563656492 |              0 |              0 |              0 |              0 |              0 |              0 |              0 |              0 |              0 |              0 |              0 |              0 |              0 |              0 |              0 |              0 |              0 |              0 |              0 |              0 |              0 |              0 |              0 |              0 |              0 |              0 |              0 |              0 |              0 |              0 |              0 |              0 |              0 |              0 |              0 |       52965468 |              0 |              0 |              0 |              0 |              0 |              0 |              0 |              0 |              0 |
|               CAS_COUNT_RD               | MBOX5C0 |   153349365282 |              0 |              0 |              0 |              0 |              0 |              0 |              0 |              0 |              0 |              0 |              0 |              0 |              0 |              0 |              0 |              0 |              0 |              0 |              0 |              0 |              0 |              0 |              0 |              0 |              0 |              0 |              0 |              0 |              0 |              0 |              0 |              0 |              0 |              0 |              0 |       59157417 |              0 |              0 |              0 |              0 |              0 |              0 |              0 |              0 |              0 |
|               CAS_COUNT_WR               | MBOX5C1 |    78561188990 |              0 |              0 |              0 |              0 |              0 |              0 |              0 |              0 |              0 |              0 |              0 |              0 |              0 |              0 |              0 |              0 |              0 |              0 |              0 |              0 |              0 |              0 |              0 |              0 |              0 |              0 |              0 |              0 |              0 |              0 |              0 |              0 |              0 |              0 |              0 |       46234404 |              0 |              0 |              0 |              0 |              0 |              0 |              0 |              0 |              0 |
|               CAS_COUNT_RD               | MBOX6C0 |   153366272804 |              0 |              0 |              0 |              0 |              0 |              0 |              0 |              0 |              0 |              0 |              0 |              0 |              0 |              0 |              0 |              0 |              0 |              0 |              0 |              0 |              0 |              0 |              0 |              0 |              0 |              0 |              0 |              0 |              0 |              0 |              0 |              0 |              0 |              0 |              0 |       56417947 |              0 |              0 |              0 |              0 |              0 |              0 |              0 |              0 |              0 |
|               CAS_COUNT_WR               | MBOX6C1 |    78575063868 |              0 |              0 |              0 |              0 |              0 |              0 |              0 |              0 |              0 |              0 |              0 |              0 |              0 |              0 |              0 |              0 |              0 |              0 |              0 |              0 |              0 |              0 |              0 |              0 |              0 |              0 |              0 |              0 |              0 |              0 |              0 |              0 |              0 |              0 |              0 |       46007619 |              0 |              0 |              0 |              0 |              0 |              0 |              0 |              0 |              0 |
|               CAS_COUNT_RD               | MBOX7C0 |   153337425258 |              0 |              0 |              0 |              0 |              0 |              0 |              0 |              0 |              0 |              0 |              0 |              0 |              0 |              0 |              0 |              0 |              0 |              0 |              0 |              0 |              0 |              0 |              0 |              0 |              0 |              0 |              0 |              0 |              0 |              0 |              0 |              0 |              0 |              0 |              0 |       66470116 |              0 |              0 |              0 |              0 |              0 |              0 |              0 |              0 |              0 |
|               CAS_COUNT_WR               | MBOX7C1 |    78569296828 |              0 |              0 |              0 |              0 |              0 |              0 |              0 |              0 |              0 |              0 |              0 |              0 |              0 |              0 |              0 |              0 |              0 |              0 |              0 |              0 |              0 |              0 |              0 |              0 |              0 |              0 |              0 |              0 |              0 |              0 |              0 |              0 |              0 |              0 |              0 |       56452997 |              0 |              0 |              0 |              0 |              0 |              0 |              0 |              0 |              0 |
+------------------------------------------+---------+----------------+----------------+----------------+----------------+----------------+----------------+----------------+----------------+----------------+----------------+----------------+----------------+----------------+----------------+----------------+----------------+----------------+----------------+----------------+----------------+----------------+----------------+----------------+----------------+----------------+----------------+----------------+----------------+----------------+----------------+----------------+----------------+----------------+----------------+----------------+----------------+----------------+----------------+----------------+----------------+----------------+----------------+----------------+----------------+----------------+----------------+

+-----------------------------------------------+---------+-----------------+----------------+----------------+--------------+
|                     Event                     | Counter |       Sum       |       Min      |       Max      |      Avg     |
+-----------------------------------------------+---------+-----------------+----------------+----------------+--------------+
|             INSTR_RETIRED_ANY STAT            |  FIXC0  | 208356909124054 |  2987182804353 |  6064196104119 |      nil     |
|           CPU_CLK_UNHALTED_CORE STAT          |  FIXC1  | 117004065042934 |  2541281092808 |  2545278562255 | 2.543567e+12 |
|           CPU_CLK_UNHALTED_REF STAT           |  FIXC2  | 117004071891360 |  2541282203712 |  2545276308384 |      nil     |
|               TOPDOWN_SLOTS STAT              |  FIXC3  | 585020325214670 | 12706405464040 | 12726392811275 |      nil     |
|              PWR_PKG_ENERGY STAT              |   PWR0  |     397005.4853 |              0 |    249028.8122 |    8630.5540 |
|              PWR_DRAM_ENERGY STAT             |   PWR3  |      35677.4828 |              0 |     23200.8582 |     775.5975 |
| FP_ARITH_INST_RETIRED_128B_PACKED_DOUBLE STAT |   PMC0  |               0 |              0 |              0 |            0 |
|    FP_ARITH_INST_RETIRED_SCALAR_DOUBLE STAT   |   PMC1  |  65073975106922 |  1409971711919 |  1431498894553 | 1.414652e+12 |
| FP_ARITH_INST_RETIRED_256B_PACKED_DOUBLE STAT |   PMC2  |               0 |              0 |              0 |            0 |
| FP_ARITH_INST_RETIRED_512B_PACKED_DOUBLE STAT |   PMC3  |   1857390339513 |    39320497500 |    40715852013 | 4.037805e+10 |
|               CAS_COUNT_RD STAT               | MBOX0C0 |    228701619688 |              0 |   154495389117 | 4.971774e+09 |
|               CAS_COUNT_WR STAT               | MBOX0C1 |    120065319929 |              0 |    78509639547 | 2.610116e+09 |
|               CAS_COUNT_RD STAT               | MBOX1C0 |    228695119634 |              0 |   154455074437 | 4.971633e+09 |
|               CAS_COUNT_WR STAT               | MBOX1C1 |    120057562223 |              0 |    78502896086 | 2.609947e+09 |
|               CAS_COUNT_RD STAT               | MBOX2C0 |    228707606994 |              0 |   154487209721 | 4.971904e+09 |
|               CAS_COUNT_WR STAT               | MBOX2C1 |    120077999719 |              0 |    78521655602 | 2.610391e+09 |
|               CAS_COUNT_RD STAT               | MBOX3C0 |    228756752895 |              0 |   154527089930 | 4.972973e+09 |
|               CAS_COUNT_WR STAT               | MBOX3C1 |    120075360373 |              0 |    78522829375 | 2.610334e+09 |
|               CAS_COUNT_RD STAT               | MBOX4C0 |    153398903524 |              0 |   153335971057 | 3.334759e+09 |
|               CAS_COUNT_WR STAT               | MBOX4C1 |     78616621960 |              0 |    78563656492 | 1.709057e+09 |
|               CAS_COUNT_RD STAT               | MBOX5C0 |    153408522699 |              0 |   153349365282 | 3.334968e+09 |
|               CAS_COUNT_WR STAT               | MBOX5C1 |     78607423394 |              0 |    78561188990 | 1.708857e+09 |
|               CAS_COUNT_RD STAT               | MBOX6C0 |    153422690751 |              0 |   153366272804 | 3.335276e+09 |
|               CAS_COUNT_WR STAT               | MBOX6C1 |     78621071487 |              0 |    78575063868 | 1.709154e+09 |
|               CAS_COUNT_RD STAT               | MBOX7C0 |    153403895374 |              0 |   153337425258 | 3.334867e+09 |
|               CAS_COUNT_WR STAT               | MBOX7C1 |     78625749825 |              0 |    78569296828 | 1.709255e+09 |
+-----------------------------------------------+---------+-----------------+----------------+----------------+--------------+

+-----------------------------------+-------------+-----------+-----------+-----------+-----------+-----------+-----------+-----------+-----------+-----------+-------------+-------------+-------------+-------------+-------------+-------------+-------------+-------------+-------------+-------------+-------------+-------------+-------------+-------------+-------------+-------------+-------------+-------------+-------------+-------------+-------------+-------------+-------------+-------------+-------------+-------------+-------------+-------------+-------------+-------------+-------------+-------------+-------------+-------------+-------------+-------------+
|               Metric              |  f0608:0:0  | f0608:1:1 | f0608:2:2 | f0608:3:3 | f0608:4:4 | f0608:5:5 | f0608:6:6 | f0608:7:7 | f0608:8:8 | f0608:9:9 | f0608:10:10 | f0608:11:11 | f0608:12:12 | f0608:13:13 | f0608:14:14 | f0608:15:15 | f0608:16:16 | f0608:17:17 | f0608:18:18 | f0608:19:19 | f0608:20:20 | f0608:21:21 | f0608:22:22 | f0608:23:23 | f0608:24:24 | f0608:25:25 | f0608:26:26 | f0608:27:27 | f0608:28:28 | f0608:29:29 | f0608:30:30 | f0608:31:31 | f0608:32:32 | f0608:33:33 | f0608:34:34 | f0608:35:35 | f0608:36:36 | f0608:37:37 | f0608:38:38 | f0608:39:39 | f0608:40:40 | f0608:41:41 | f0608:42:42 | f0608:43:43 | f0608:44:44 | f0608:45:45 |
+-----------------------------------+-------------+-----------+-----------+-----------+-----------+-----------+-----------+-----------+-----------+-----------+-------------+-------------+-------------+-------------+-------------+-------------+-------------+-------------+-------------+-------------+-------------+-------------+-------------+-------------+-------------+-------------+-------------+-------------+-------------+-------------+-------------+-------------+-------------+-------------+-------------+-------------+-------------+-------------+-------------+-------------+-------------+-------------+-------------+-------------+-------------+-------------+
|        Runtime (RDTSC) [s]        |   1067.2510 | 1067.3230 | 1067.2940 | 1067.2770 | 1067.4830 | 1067.2780 | 1067.3710 | 1067.2700 | 1067.2780 | 1067.3720 |   1067.4170 |   1067.2660 |   1067.2830 |   1067.4930 |   1067.2690 |   1067.5640 |   1067.4220 |   1067.2940 |   1067.4640 |   1067.3900 |   1067.4470 |   1067.3900 |   1067.4640 |   1067.2610 |   1067.2570 |   1067.2830 |   1067.4360 |   1067.4650 |   1067.4520 |   1067.2610 |   1067.2590 |   1067.4630 |   1067.2640 |   1067.4050 |   1067.2640 |   1067.2640 |   1067.3510 |   1067.4640 |   1067.2620 |   1067.2630 |   1067.2580 |   1067.2590 |   1067.3080 |   1067.2640 |   1067.2630 |   1067.2630 |
|        Runtime unhalted [s]       |   1061.3823 | 1062.0916 | 1062.0825 | 1062.0514 | 1062.1347 | 1062.0418 | 1061.9903 | 1062.0203 | 1062.0448 | 1061.9714 |   1062.2532 |   1062.0530 |   1062.1636 |   1062.0781 |   1062.1576 |   1062.4319 |   1061.9744 |   1062.0813 |   1062.6639 |   1062.1902 |   1062.2505 |   1062.2730 |   1062.3218 |   1062.1845 |   1062.1288 |   1061.6246 |   1062.3282 |   1062.3425 |   1062.4201 |   1062.4303 |   1062.2414 |   1062.4083 |   1062.3623 |   1062.3745 |   1062.3423 |   1062.3815 |   1062.9389 |   1062.9182 |   1062.9289 |   1062.8973 |   1062.9423 |   1062.9372 |   1062.9637 |   1063.0510 |   1062.9075 |   1063.0059 |
|            Clock [MHz]            |   2394.3115 | 2394.3107 | 2394.3163 | 2394.3123 | 2394.2925 | 2394.3133 | 2394.3100 | 2394.3162 | 2394.3130 | 2394.2966 |   2394.3108 |   2394.3105 |   2394.3068 |   2394.2995 |   2394.3170 |   2394.0107 |   2394.3122 |   2394.3090 |   2394.3128 |   2394.3131 |   2394.2748 |   2394.3151 |   2394.3036 |   2394.3130 |   2394.3097 |   2394.3105 |   2394.3118 |   2394.3111 |   2394.3137 |   2394.3141 |   2394.3176 |   2394.3107 |   2394.3111 |   2394.1239 |   2394.3096 |   2394.3142 |   2394.3090 |   2394.2935 |   2394.3142 |   2394.3121 |   2394.3118 |   2394.3164 |   2394.3145 |   2394.3168 |   2394.3124 |   2394.3132 |
|                CPI                |      0.7802 |    0.8431 |    0.8421 |    0.8456 |    0.8102 |    0.8204 |    0.8425 |    0.8369 |    0.8040 |    0.7976 |      0.8514 |      0.8408 |      0.8410 |      0.8085 |      0.7462 |      0.6032 |      0.5984 |      0.6379 |      0.5070 |      0.5094 |      0.5202 |      0.5101 |      0.5155 |      0.5104 |      0.5086 |      0.5147 |      0.5069 |      0.5051 |      0.5031 |      0.5121 |      0.5180 |      0.5129 |      0.5180 |      0.5187 |      0.5304 |      0.5177 |      0.4245 |      0.4235 |      0.4211 |      0.4246 |      0.4226 |      0.4197 |      0.4209 |      0.4315 |      0.4199 |      0.4224 |
|             Energy [J]            | 249028.8122 |         0 |         0 |         0 |         0 |         0 |         0 |         0 |         0 |         0 |           0 |           0 |           0 |           0 |           0 |           0 |           0 |           0 |           0 |           0 |           0 |           0 |           0 |           0 |           0 |           0 |           0 |           0 |           0 |           0 |           0 |           0 |           0 |           0 |           0 |           0 | 147976.6731 |           0 |           0 |           0 |           0 |           0 |           0 |           0 |           0 |           0 |
|             Power [W]             |    233.3367 |         0 |         0 |         0 |         0 |         0 |         0 |         0 |         0 |         0 |           0 |           0 |           0 |           0 |           0 |           0 |           0 |           0 |           0 |           0 |           0 |           0 |           0 |           0 |           0 |           0 |           0 |           0 |           0 |           0 |           0 |           0 |           0 |           0 |           0 |           0 |    138.6392 |           0 |           0 |           0 |           0 |           0 |           0 |           0 |           0 |           0 |
|          Energy DRAM [J]          |  23200.8582 |         0 |         0 |         0 |         0 |         0 |         0 |         0 |         0 |         0 |           0 |           0 |           0 |           0 |           0 |           0 |           0 |           0 |           0 |           0 |           0 |           0 |           0 |           0 |           0 |           0 |           0 |           0 |           0 |           0 |           0 |           0 |           0 |           0 |           0 |           0 |  12476.6246 |           0 |           0 |           0 |           0 |           0 |           0 |           0 |           0 |           0 |
|           Power DRAM [W]          |     21.7389 |         0 |         0 |         0 |         0 |         0 |         0 |         0 |         0 |         0 |           0 |           0 |           0 |           0 |           0 |           0 |           0 |           0 |           0 |           0 |           0 |           0 |           0 |           0 |           0 |           0 |           0 |           0 |           0 |           0 |           0 |           0 |           0 |           0 |           0 |           0 |     11.6893 |           0 |           0 |           0 |           0 |           0 |           0 |           0 |           0 |           0 |
|            DP [MFLOP/s]           |   1626.3273 | 1625.8775 | 1635.9718 | 1625.9476 | 1625.6338 | 1625.9461 | 1635.8537 | 1625.9582 | 1625.9460 | 1625.8028 |   1625.7343 |   1636.0147 |   1625.9384 |   1625.6185 |   1625.9597 |   1625.5104 |   1635.7755 |   1625.9216 |   1625.6626 |   1625.7753 |   1635.7371 |   1625.7753 |   1625.6626 |   1625.9718 |   1625.9779 |   1635.9886 |   1625.7052 |   1625.6610 |   1625.6808 |   1636.0222 |   1625.9748 |   1625.6641 |   1625.9672 |   1625.7524 |   1636.0176 |   1625.9672 |   1625.8346 |   1625.6625 |   1625.9702 |   1636.0190 |   1625.9763 |   1625.9747 |   1625.9001 |   1636.0175 |   1625.9687 |   1625.9687 |
|          AVX DP [MFLOP/s]         |    305.2017 |  304.8416 |  294.7304 |  304.8547 |  304.7959 |  304.8545 |  294.7091 |  304.8567 |  304.8545 |  304.8276 |    304.8148 |    294.7381 |    304.8530 |    304.7931 |    304.8570 |    304.7728 |    294.6951 |    304.8499 |    304.8013 |    304.8225 |    294.6881 |    304.8225 |    304.8013 |    304.8593 |    304.8605 |    294.7334 |    304.8093 |    304.8011 |    304.8048 |    294.7395 |    304.8599 |    304.8016 |    304.8585 |    304.8182 |    294.7387 |    304.8585 |    304.8336 |    304.8013 |    304.8590 |    294.7390 |    304.8602 |    304.8599 |    304.8459 |    294.7387 |    304.8587 |    304.8587 |
|          Packed [MUOPS/s]         |     38.1502 |   38.1052 |   36.8413 |   38.1068 |   38.0995 |   38.1068 |   36.8386 |   38.1071 |   38.1068 |   38.1035 |     38.1018 |     36.8423 |     38.1066 |     38.0991 |     38.1071 |     38.0966 |     36.8369 |     38.1062 |     38.1002 |     38.1028 |     36.8360 |     38.1028 |     38.1002 |     38.1074 |     38.1076 |     36.8417 |     38.1012 |     38.1001 |     38.1006 |     36.8424 |     38.1075 |     38.1002 |     38.1073 |     38.1023 |     36.8423 |     38.1073 |     38.1042 |     38.1002 |     38.1074 |     36.8424 |     38.1075 |     38.1075 |     38.1057 |     36.8423 |     38.1073 |     38.1073 |
|          Scalar [MUOPS/s]         |   1321.1256 | 1321.0359 | 1341.2414 | 1321.0928 | 1320.8379 | 1321.0916 | 1341.1446 | 1321.1015 | 1321.0916 | 1320.9752 |   1320.9195 |   1341.2765 |   1321.0854 |   1320.8255 |   1321.1027 |   1320.7376 |   1341.0805 |   1321.0717 |   1320.8613 |   1320.9528 |   1341.0490 |   1320.9528 |   1320.8613 |   1321.1125 |   1321.1175 |   1341.2551 |   1320.8959 |   1320.8600 |   1320.8761 |   1341.2827 |   1321.1149 |   1320.8625 |   1321.1088 |   1320.9342 |   1341.2789 |   1321.1088 |   1321.0010 |   1320.8612 |   1321.1112 |   1341.2801 |   1321.1161 |   1321.1149 |   1321.0542 |   1341.2788 |   1321.1099 |   1321.1099 |
|  Memory read bandwidth [MBytes/s] |  73840.7770 |         0 |         0 |         0 |         0 |         0 |         0 |         0 |         0 |         0 |           0 |           0 |           0 |           0 |           0 |           0 |           0 |           0 |           0 |           0 |           0 |           0 |           0 |           0 |           0 |           0 |           0 |           0 |           0 |           0 |           0 |           0 |           0 |           0 |           0 |           0 |  17817.0481 |           0 |           0 |           0 |           0 |           0 |           0 |           0 |           0 |           0 |
|  Memory read data volume [GBytes] |  78806.6430 |         0 |         0 |         0 |         0 |         0 |         0 |         0 |         0 |         0 |           0 |           0 |           0 |           0 |           0 |           0 |           0 |           0 |           0 |           0 |           0 |           0 |           0 |           0 |           0 |           0 |           0 |           0 |           0 |           0 |           0 |           0 |           0 |           0 |           0 |           0 |  19017.0441 |           0 |           0 |           0 |           0 |           0 |           0 |           0 |           0 |           0 |
| Memory write bandwidth [MBytes/s] |  37678.9326 |         0 |         0 |         0 |         0 |         0 |         0 |         0 |         0 |         0 |           0 |           0 |           0 |           0 |           0 |           0 |           0 |           0 |           0 |           0 |           0 |           0 |           0 |           0 |           0 |           0 |           0 |           0 |           0 |           0 |           0 |           0 |           0 |           0 |           0 |           0 |   9978.8509 |           0 |           0 |           0 |           0 |           0 |           0 |           0 |           0 |           0 |
| Memory write data volume [GBytes] |  40212.8785 |         0 |         0 |         0 |         0 |         0 |         0 |         0 |         0 |         0 |           0 |           0 |           0 |           0 |           0 |           0 |           0 |           0 |           0 |           0 |           0 |           0 |           0 |           0 |           0 |           0 |           0 |           0 |           0 |           0 |           0 |           0 |           0 |           0 |           0 |           0 |  10650.9365 |           0 |           0 |           0 |           0 |           0 |           0 |           0 |           0 |           0 |
|    Memory bandwidth [MBytes/s]    | 111519.7096 |         0 |         0 |         0 |         0 |         0 |         0 |         0 |         0 |         0 |           0 |           0 |           0 |           0 |           0 |           0 |           0 |           0 |           0 |           0 |           0 |           0 |           0 |           0 |           0 |           0 |           0 |           0 |           0 |           0 |           0 |           0 |           0 |           0 |           0 |           0 |  27795.8990 |           0 |           0 |           0 |           0 |           0 |           0 |           0 |           0 |           0 |
|    Memory data volume [GBytes]    | 119019.5216 |         0 |         0 |         0 |         0 |         0 |         0 |         0 |         0 |         0 |           0 |           0 |           0 |           0 |           0 |           0 |           0 |           0 |           0 |           0 |           0 |           0 |           0 |           0 |           0 |           0 |           0 |           0 |           0 |           0 |           0 |           0 |           0 |           0 |           0 |           0 |  29667.9805 |           0 |           0 |           0 |           0 |           0 |           0 |           0 |           0 |           0 |
|       Operational intensity       |      0.0146 |         0 |         0 |         0 |         0 |         0 |         0 |         0 |         0 |         0 |           0 |           0 |           0 |           0 |           0 |           0 |           0 |           0 |           0 |           0 |           0 |           0 |           0 |           0 |           0 |           0 |           0 |           0 |           0 |           0 |           0 |           0 |           0 |           0 |           0 |           0 |      0.0585 |           0 |           0 |           0 |           0 |           0 |           0 |           0 |           0 |           0 |
+-----------------------------------+-------------+-----------+-----------+-----------+-----------+-----------+-----------+-----------+-----------+-----------+-------------+-------------+-------------+-------------+-------------+-------------+-------------+-------------+-------------+-------------+-------------+-------------+-------------+-------------+-------------+-------------+-------------+-------------+-------------+-------------+-------------+-------------+-------------+-------------+-------------+-------------+-------------+-------------+-------------+-------------+-------------+-------------+-------------+-------------+-------------+-------------+

+----------------------------------------+-------------+-----------+-------------+-----------+-----------+-----------+-----------+
|                 Metric                 |     Sum     |    Min    |     Max     |    Avg    |  %ile 25  |  %ile 50  |  %ile 75  |
+----------------------------------------+-------------+-----------+-------------+-----------+-----------+-----------+-----------+
|        Runtime (RDTSC) [s] STAT        |  49097.6490 | 1067.2510 |   1067.5640 | 1067.3402 | 1067.2640 | 1067.2830 | 1067.4220 |
|        Runtime unhalted [s] STAT       |  48867.7638 | 1061.3823 |   1063.0510 | 1062.3427 | 1062.0813 | 1062.2532 | 1062.4319 |
|            Clock [MHz] STAT            | 110137.7732 | 2394.0107 |   2394.3176 | 2394.2994 | 2394.3096 | 2394.3118 | 2394.3137 |
|                CPI STAT                |     27.6195 |    0.4197 |      0.8514 |    0.6004 |    0.5051 |    0.5177 |    0.8040 |
|             Energy [J] STAT            | 397005.4853 |         0 | 249028.8122 | 8630.5540 |         0 |         0 |         0 |
|             Power [W] STAT             |    371.9759 |         0 |    233.3367 |    8.0864 |         0 |         0 |         0 |
|          Energy DRAM [J] STAT          |  35677.4828 |         0 |  23200.8582 |  775.5975 |         0 |         0 |         0 |
|           Power DRAM [W] STAT          |     33.4282 |         0 |     21.7389 |    0.7267 |         0 |         0 |         0 |
|            DP [MFLOP/s] STAT           |  74889.9939 | 1625.5104 |   1636.0222 | 1628.0433 | 1625.7524 | 1625.9476 | 1625.9779 |
|          AVX DP [MFLOP/s] STAT         |  13921.6345 |  294.6881 |    305.2017 |  302.6442 |  304.7931 |  304.8225 |  304.8570 |
|          Packed [MUOPS/s] STAT         |   1740.2041 |   36.8360 |     38.1502 |   37.8305 |   38.0991 |   38.1028 |   38.1071 |
|          Scalar [MUOPS/s] STAT         |  60968.3599 | 1320.7376 |   1341.2827 | 1325.3991 | 1320.9342 | 1321.0928 | 1321.1175 |
|  Memory read bandwidth [MBytes/s] STAT |  91657.8251 |         0 |  73840.7770 | 1992.5614 |         0 |         0 |         0 |
|  Memory read data volume [GBytes] STAT |  97823.6871 |         0 |  78806.6430 | 2126.6019 |         0 |         0 |         0 |
| Memory write bandwidth [MBytes/s] STAT |  47657.7835 |         0 |  37678.9326 | 1036.0388 |         0 |         0 |         0 |
| Memory write data volume [GBytes] STAT |  50863.8150 |         0 |  40212.8785 | 1105.7351 |         0 |         0 |         0 |
|    Memory bandwidth [MBytes/s] STAT    | 139315.6086 |         0 | 111519.7096 | 3028.6002 |         0 |         0 |         0 |
|    Memory data volume [GBytes] STAT    | 148687.5021 |         0 | 119019.5216 | 3232.3370 |         0 |         0 |         0 |
|       Operational intensity STAT       |      0.0731 |         0 |      0.0585 |    0.0016 |         0 |         0 |         0 |
+----------------------------------------+-------------+-----------+-------------+-----------+-----------+-----------+-----------+

