WARN: Cannot extract OpenMP vendor from executable or commandline, assuming no OpenMP
 nx_glob, nz_glob:                  3000                  1250
 dx,dz:    8.00000000000000        8.00000000000000     
 dt:   2.666666666666666E-002
Group: 1
+------------------------------------------+---------+----------------+----------------+----------------+----------------+----------------+----------------+----------------+----------------+----------------+----------------+----------------+----------------+
|                   Event                  | Counter |    f0608:0:0   |    f0608:1:1   |    f0608:2:2   |    f0608:3:3   |    f0608:4:4   |    f0608:5:5   |    f0608:6:6   |    f0608:7:7   |    f0608:8:8   |    f0608:9:9   |   f0608:10:10  |   f0608:11:11  |
+------------------------------------------+---------+----------------+----------------+----------------+----------------+----------------+----------------+----------------+----------------+----------------+----------------+----------------+----------------+
|             INSTR_RETIRED_ANY            |  FIXC0  | 11010361934115 | 11056233399744 | 10913823611282 | 11013054546219 | 11083551460084 | 11825930424882 | 12619948847178 | 12088686839329 | 11145546836222 | 11100276953955 | 10919272225113 | 10982663353780 |
|           CPU_CLK_UNHALTED_CORE          |  FIXC1  |  8166648139849 |  8169036135244 |  8170071684256 |  8168678003893 |  8168847705655 |  8169324686049 |  8167975784167 |  8169729934720 |  8169892643375 |  8169831216863 |  8169318183904 |  8169716172215 |
|           CPU_CLK_UNHALTED_REF           |  FIXC2  |  8166644754528 |  8169032430720 |  8170065845856 |  8168678650848 |  8168845878912 |  8169320196480 |  8167973324544 |  8169733663680 |  8169888554784 |  8169829235520 |  8169313554048 |  8169717644352 |
|               TOPDOWN_SLOTS              |  FIXC3  | 40833240699245 | 40845180676220 | 40850358421280 | 40843390019465 | 40844238528275 | 40846623430245 | 40839878920835 | 40848649673600 | 40849463216875 | 40849156084315 | 40846590919520 | 40848580861075 |
|              PWR_PKG_ENERGY              |   PWR0  |    489553.7026 |              0 |              0 |              0 |              0 |              0 |              0 |              0 |              0 |              0 |              0 |              0 |
|              PWR_DRAM_ENERGY             |   PWR3  |     44887.6013 |              0 |              0 |              0 |              0 |              0 |              0 |              0 |              0 |              0 |              0 |              0 |
| FP_ARITH_INST_RETIRED_128B_PACKED_DOUBLE |   PMC0  |              0 |              0 |              0 |              0 |              0 |              0 |              0 |              0 |              0 |              0 |              0 |              0 |
|    FP_ARITH_INST_RETIRED_SCALAR_DOUBLE   |   PMC1  |  5392445954177 |  5392445330006 |  5392445321778 |  5392445323130 |  5392445324650 |  5392445326572 |  5392445312854 |  5392445304364 |  5392445323774 |  5392445322730 |  5392445307934 |  5392445314272 |
| FP_ARITH_INST_RETIRED_256B_PACKED_DOUBLE |   PMC2  |              0 |              0 |              0 |              0 |              0 |              0 |              0 |              0 |              0 |              0 |              0 |              0 |
| FP_ARITH_INST_RETIRED_512B_PACKED_DOUBLE |   PMC3  |   106700034513 |   106654740000 |   106654740000 |   106654740000 |   106654740000 |   106654740000 |   106654740000 |   106654740000 |   106654740000 |   106654740000 |   106654740000 |   106654740000 |
|               CAS_COUNT_RD               | MBOX0C0 |   393292021894 |              0 |              0 |              0 |              0 |              0 |              0 |              0 |              0 |              0 |              0 |              0 |
|               CAS_COUNT_WR               | MBOX0C1 |   192220524805 |              0 |              0 |              0 |              0 |              0 |              0 |              0 |              0 |              0 |              0 |              0 |
|               CAS_COUNT_RD               | MBOX1C0 |   393253240742 |              0 |              0 |              0 |              0 |              0 |              0 |              0 |              0 |              0 |              0 |              0 |
|               CAS_COUNT_WR               | MBOX1C1 |   192199587390 |              0 |              0 |              0 |              0 |              0 |              0 |              0 |              0 |              0 |              0 |              0 |
|               CAS_COUNT_RD               | MBOX2C0 |   393229212502 |              0 |              0 |              0 |              0 |              0 |              0 |              0 |              0 |              0 |              0 |              0 |
|               CAS_COUNT_WR               | MBOX2C1 |   192209404807 |              0 |              0 |              0 |              0 |              0 |              0 |              0 |              0 |              0 |              0 |              0 |
|               CAS_COUNT_RD               | MBOX3C0 |   393230923150 |              0 |              0 |              0 |              0 |              0 |              0 |              0 |              0 |              0 |              0 |              0 |
|               CAS_COUNT_WR               | MBOX3C1 |   192208570413 |              0 |              0 |              0 |              0 |              0 |              0 |              0 |              0 |              0 |              0 |              0 |
|               CAS_COUNT_RD               | MBOX4C0 |       14816712 |              0 |              0 |              0 |              0 |              0 |              0 |              0 |              0 |              0 |              0 |              0 |
|               CAS_COUNT_WR               | MBOX4C1 |       16147499 |              0 |              0 |              0 |              0 |              0 |              0 |              0 |              0 |              0 |              0 |              0 |
|               CAS_COUNT_RD               | MBOX5C0 |       15115365 |              0 |              0 |              0 |              0 |              0 |              0 |              0 |              0 |              0 |              0 |              0 |
|               CAS_COUNT_WR               | MBOX5C1 |       16087448 |              0 |              0 |              0 |              0 |              0 |              0 |              0 |              0 |              0 |              0 |              0 |
|               CAS_COUNT_RD               | MBOX6C0 |       15484013 |              0 |              0 |              0 |              0 |              0 |              0 |              0 |              0 |              0 |              0 |              0 |
|               CAS_COUNT_WR               | MBOX6C1 |       16466958 |              0 |              0 |              0 |              0 |              0 |              0 |              0 |              0 |              0 |              0 |              0 |
|               CAS_COUNT_RD               | MBOX7C0 |       14818195 |              0 |              0 |              0 |              0 |              0 |              0 |              0 |              0 |              0 |              0 |              0 |
|               CAS_COUNT_WR               | MBOX7C1 |       16164457 |              0 |              0 |              0 |              0 |              0 |              0 |              0 |              0 |              0 |              0 |              0 |
+------------------------------------------+---------+----------------+----------------+----------------+----------------+----------------+----------------+----------------+----------------+----------------+----------------+----------------+----------------+

+-----------------------------------------------+---------+-----------------+----------------+----------------+---------------+
|                     Event                     | Counter |       Sum       |       Min      |       Max      |      Avg      |
+-----------------------------------------------+---------+-----------------+----------------+----------------+---------------+
|             INSTR_RETIRED_ANY STAT            |  FIXC0  | 135759350431903 | 10913823611282 | 12619948847178 |      nil      |
|           CPU_CLK_UNHALTED_CORE STAT          |  FIXC1  |  98029070290190 |  8166648139849 |  8170071684256 |  8.169089e+12 |
|           CPU_CLK_UNHALTED_REF STAT           |  FIXC2  |  98029043734272 |  8166644754528 |  8170065845856 | 8169086977856 |
|               TOPDOWN_SLOTS STAT              |  FIXC3  | 490145351450950 | 40833240699245 | 40850358421280 |      nil      |
|              PWR_PKG_ENERGY STAT              |   PWR0  |     489553.7026 |              0 |    489553.7026 |    40796.1419 |
|              PWR_DRAM_ENERGY STAT             |   PWR3  |      44887.6013 |              0 |     44887.6013 |     3740.6334 |
| FP_ARITH_INST_RETIRED_128B_PACKED_DOUBLE STAT |   PMC0  |               0 |              0 |              0 |             0 |
|    FP_ARITH_INST_RETIRED_SCALAR_DOUBLE STAT   |   PMC1  |  64709344466241 |  5392445304364 |  5392445954177 |  5.392445e+12 |
| FP_ARITH_INST_RETIRED_256B_PACKED_DOUBLE STAT |   PMC2  |               0 |              0 |              0 |             0 |
| FP_ARITH_INST_RETIRED_512B_PACKED_DOUBLE STAT |   PMC3  |   1279902174513 |   106654740000 |   106700034513 |  1.066585e+11 |
|               CAS_COUNT_RD STAT               | MBOX0C0 |    393292021894 |              0 |   393292021894 |  3.277434e+10 |
|               CAS_COUNT_WR STAT               | MBOX0C1 |    192220524805 |              0 |   192220524805 |  1.601838e+10 |
|               CAS_COUNT_RD STAT               | MBOX1C0 |    393253240742 |              0 |   393253240742 |  3.277110e+10 |
|               CAS_COUNT_WR STAT               | MBOX1C1 |    192199587390 |              0 |   192199587390 |  1.601663e+10 |
|               CAS_COUNT_RD STAT               | MBOX2C0 |    393229212502 |              0 |   393229212502 |  3.276910e+10 |
|               CAS_COUNT_WR STAT               | MBOX2C1 |    192209404807 |              0 |   192209404807 |  1.601745e+10 |
|               CAS_COUNT_RD STAT               | MBOX3C0 |    393230923150 |              0 |   393230923150 |  3.276924e+10 |
|               CAS_COUNT_WR STAT               | MBOX3C1 |    192208570413 |              0 |   192208570413 |  1.601738e+10 |
|               CAS_COUNT_RD STAT               | MBOX4C0 |        14816712 |              0 |       14816712 |       1234726 |
|               CAS_COUNT_WR STAT               | MBOX4C1 |        16147499 |              0 |       16147499 |  1.345625e+06 |
|               CAS_COUNT_RD STAT               | MBOX5C0 |        15115365 |              0 |       15115365 |  1.259614e+06 |
|               CAS_COUNT_WR STAT               | MBOX5C1 |        16087448 |              0 |       16087448 |  1.340621e+06 |
|               CAS_COUNT_RD STAT               | MBOX6C0 |        15484013 |              0 |       15484013 |  1.290334e+06 |
|               CAS_COUNT_WR STAT               | MBOX6C1 |        16466958 |              0 |       16466958 |  1.372246e+06 |
|               CAS_COUNT_RD STAT               | MBOX7C0 |        14818195 |              0 |       14818195 |  1.234850e+06 |
|               CAS_COUNT_WR STAT               | MBOX7C1 |        16164457 |              0 |       16164457 |  1.347038e+06 |
+-----------------------------------------------+---------+-----------------+----------------+----------------+---------------+

+-----------------------------------+-------------+-----------+-----------+-----------+-----------+-----------+-----------+-----------+-----------+-----------+-------------+-------------+
|               Metric              |  f0608:0:0  | f0608:1:1 | f0608:2:2 | f0608:3:3 | f0608:4:4 | f0608:5:5 | f0608:6:6 | f0608:7:7 | f0608:8:8 | f0608:9:9 | f0608:10:10 | f0608:11:11 |
+-----------------------------------+-------------+-----------+-----------+-----------+-----------+-----------+-----------+-----------+-----------+-----------+-------------+-------------+
|        Runtime (RDTSC) [s]        |   3421.5240 | 3421.6020 | 3421.5280 | 3421.6520 | 3421.4740 | 3421.4920 | 3421.5280 | 3421.5370 | 3421.4890 | 3422.3160 |   3421.5310 |   3421.5400 |
|        Runtime unhalted [s]       |   3410.8575 | 3411.9534 | 3412.3043 | 3411.8397 | 3411.7692 | 3411.9723 | 3411.4316 | 3412.1705 | 3412.2073 | 3412.9989 |   3412.0089 |   3412.1338 |
|            Clock [MHz]            |   2394.3104 | 2394.2413 | 2394.2992 | 2394.2149 | 2394.3148 | 2394.3129 | 2394.2964 | 2394.2901 | 2394.3143 | 2393.7404 |   2394.2853 |   2394.3125 |
|                CPI                |      0.7417 |    0.7389 |    0.7486 |    0.7417 |    0.7370 |    0.6908 |    0.6472 |    0.6758 |    0.7330 |    0.7360 |      0.7482 |      0.7439 |
|             Energy [J]            | 489553.7026 |         0 |         0 |         0 |         0 |         0 |         0 |         0 |         0 |         0 |           0 |           0 |
|             Power [W]             |    143.0806 |         0 |         0 |         0 |         0 |         0 |         0 |         0 |         0 |         0 |           0 |           0 |
|          Energy DRAM [J]          |  44887.6013 |         0 |         0 |         0 |         0 |         0 |         0 |         0 |         0 |         0 |           0 |           0 |
|           Power DRAM [W]          |     13.1192 |         0 |         0 |         0 |         0 |         0 |         0 |         0 |         0 |         0 |           0 |           0 |
|            DP [MFLOP/s]           |   1825.5158 | 1825.3681 | 1825.4076 | 1825.3415 | 1825.4364 | 1825.4268 | 1825.4076 | 1825.4028 | 1825.4284 | 1824.9873 |   1825.4060 |   1825.4012 |
|          AVX DP [MFLOP/s]         |    249.4796 |  249.3680 |  249.3734 |  249.3643 |  249.3773 |  249.3760 |  249.3734 |  249.3727 |  249.3762 |  249.3159 |    249.3731 |    249.3725 |
|          Packed [MUOPS/s]         |     31.1849 |   31.1710 |   31.1717 |   31.1705 |   31.1722 |   31.1720 |   31.1717 |   31.1716 |   31.1720 |   31.1645 |     31.1716 |     31.1716 |
|          Scalar [MUOPS/s]         |   1576.0363 | 1576.0002 | 1576.0343 | 1575.9771 | 1576.0591 | 1576.0508 | 1576.0342 | 1576.0301 | 1576.0522 | 1575.6714 |   1576.0329 |   1576.0287 |
|  Memory read bandwidth [MBytes/s] |  29424.3736 |         0 |         0 |         0 |         0 |         0 |         0 |         0 |         0 |         0 |           0 |           0 |
|  Memory read data volume [GBytes] | 100676.2005 |         0 |         0 |         0 |         0 |         0 |         0 |         0 |         0 |         0 |           0 |           0 |
| Memory write bandwidth [MBytes/s] |  14382.4182 |         0 |         0 |         0 |         0 |         0 |         0 |         0 |         0 |         0 |           0 |           0 |
| Memory write data volume [GBytes] |  49209.7890 |         0 |         0 |         0 |         0 |         0 |         0 |         0 |         0 |         0 |           0 |           0 |
|    Memory bandwidth [MBytes/s]    |  43806.7918 |         0 |         0 |         0 |         0 |         0 |         0 |         0 |         0 |         0 |           0 |           0 |
|    Memory data volume [GBytes]    | 149885.9895 |         0 |         0 |         0 |         0 |         0 |         0 |         0 |         0 |         0 |           0 |           0 |
|       Operational intensity       |      0.0417 |         0 |         0 |         0 |         0 |         0 |         0 |         0 |         0 |         0 |           0 |           0 |
+-----------------------------------+-------------+-----------+-----------+-----------+-----------+-----------+-----------+-----------+-----------+-----------+-------------+-------------+

+----------------------------------------+-------------+-----------+-------------+------------+-----------+-----------+-----------+
|                 Metric                 |     Sum     |    Min    |     Max     |     Avg    |  %ile 25  |  %ile 50  |  %ile 75  |
+----------------------------------------+-------------+-----------+-------------+------------+-----------+-----------+-----------+
|        Runtime (RDTSC) [s] STAT        |  41059.2130 | 3421.4740 |   3422.3160 |  3421.6011 | 3421.4920 | 3421.5280 | 3421.5400 |
|        Runtime unhalted [s] STAT       |  40943.6474 | 3410.8575 |   3412.9989 |  3411.9706 | 3411.7692 | 3411.9723 | 3412.1705 |
|            Clock [MHz] STAT            |  28730.9325 | 2393.7404 |   2394.3148 |  2394.2444 | 2394.2413 | 2394.2964 | 2394.3125 |
|                CPI STAT                |      8.6828 |    0.6472 |      0.7486 |     0.7236 |    0.6908 |    0.7370 |    0.7417 |
|             Energy [J] STAT            | 489553.7026 |         0 | 489553.7026 | 40796.1419 |         0 |         0 |         0 |
|             Power [W] STAT             |    143.0806 |         0 |    143.0806 |    11.9234 |         0 |         0 |         0 |
|          Energy DRAM [J] STAT          |  44887.6013 |         0 |  44887.6013 |  3740.6334 |         0 |         0 |         0 |
|           Power DRAM [W] STAT          |     13.1192 |         0 |     13.1192 |     1.0933 |         0 |         0 |         0 |
|            DP [MFLOP/s] STAT           |  21904.5295 | 1824.9873 |   1825.5158 |  1825.3775 | 1825.3681 | 1825.4060 | 1825.4268 |
|          AVX DP [MFLOP/s] STAT         |   2992.5224 |  249.3159 |    249.4796 |   249.3769 |  249.3680 |  249.3731 |  249.3760 |
|          Packed [MUOPS/s] STAT         |    374.0653 |   31.1645 |     31.1849 |    31.1721 |   31.1710 |   31.1716 |   31.1720 |
|          Scalar [MUOPS/s] STAT         |  18912.0073 | 1575.6714 |   1576.0591 |  1576.0006 | 1576.0002 | 1576.0329 | 1576.0363 |
|  Memory read bandwidth [MBytes/s] STAT |  29424.3736 |         0 |  29424.3736 |  2452.0311 |         0 |         0 |         0 |
|  Memory read data volume [GBytes] STAT | 100676.2005 |         0 | 100676.2005 |  8389.6834 |         0 |         0 |         0 |
| Memory write bandwidth [MBytes/s] STAT |  14382.4182 |         0 |  14382.4182 |  1198.5349 |         0 |         0 |         0 |
| Memory write data volume [GBytes] STAT |  49209.7890 |         0 |  49209.7890 |  4100.8157 |         0 |         0 |         0 |
|    Memory bandwidth [MBytes/s] STAT    |  43806.7918 |         0 |  43806.7918 |  3650.5660 |         0 |         0 |         0 |
|    Memory data volume [GBytes] STAT    | 149885.9895 |         0 | 149885.9895 | 12490.4991 |         0 |         0 |         0 |
|       Operational intensity STAT       |      0.0417 |         0 |      0.0417 |     0.0035 |         0 |         0 |         0 |
+----------------------------------------+-------------+-----------+-------------+------------+-----------+-----------+-----------+

