WARN: Cannot extract OpenMP vendor from executable or commandline, assuming no OpenMP
 nx_glob, nz_glob:                  3000                  1250
 dx,dz:    8.00000000000000        8.00000000000000     
 dt:   2.666666666666666E-002
Group: 1
+------------------------------------------+---------+----------------+----------------+----------------+----------------+----------------+----------------+----------------+----------------+----------------+----------------+----------------+----------------+----------------+----------------+----------------+----------------+----------------+----------------+----------------+----------------+----------------+----------------+----------------+----------------+----------------+----------------+----------------+----------------+----------------+----------------+----------------+----------------+----------------+----------------+----------------+----------------+----------------+----------------+----------------+----------------+----------------+----------------+----------------+----------------+----------------+
|                   Event                  | Counter |    f0608:0:0   |    f0608:1:1   |    f0608:2:2   |    f0608:3:3   |    f0608:4:4   |    f0608:5:5   |    f0608:6:6   |    f0608:7:7   |    f0608:8:8   |    f0608:9:9   |   f0608:10:10  |   f0608:11:11  |   f0608:12:12  |   f0608:13:13  |   f0608:14:14  |   f0608:15:15  |   f0608:16:16  |   f0608:17:17  |   f0608:18:18  |   f0608:19:19  |   f0608:20:20  |   f0608:21:21  |   f0608:22:22  |   f0608:23:23  |   f0608:24:24  |   f0608:25:25  |   f0608:26:26  |   f0608:27:27  |   f0608:28:28  |   f0608:29:29  |   f0608:30:30  |   f0608:31:31  |   f0608:32:32  |   f0608:33:33  |   f0608:34:34  |   f0608:35:35  |   f0608:36:36  |   f0608:37:37  |   f0608:38:38  |   f0608:39:39  |   f0608:40:40  |   f0608:41:41  |   f0608:42:42  |   f0608:43:43  |   f0608:44:44  |
+------------------------------------------+---------+----------------+----------------+----------------+----------------+----------------+----------------+----------------+----------------+----------------+----------------+----------------+----------------+----------------+----------------+----------------+----------------+----------------+----------------+----------------+----------------+----------------+----------------+----------------+----------------+----------------+----------------+----------------+----------------+----------------+----------------+----------------+----------------+----------------+----------------+----------------+----------------+----------------+----------------+----------------+----------------+----------------+----------------+----------------+----------------+----------------+
|             INSTR_RETIRED_ANY            |  FIXC0  |  3068770228111 |  3442805125876 |  3070255331955 |  3081365569260 |  3552195296560 |  3072069550326 |  3113413490293 |  3749055633528 |  3072583332065 |  3069712649808 |  3164862885104 |  3073941970974 |  3096922386057 |  3582747358773 |  3068481086449 |  3090932450926 |  3588597653284 |  3162283000307 |  5325511768221 |  5368599185961 |  5231905232124 |  5299889560021 |  5397339069258 |  5179587208798 |  5278464870808 |  5466189259529 |  5293084788887 |  5239908310396 |  5397202624235 |  5325538439550 |  5269301514359 |  5330440942410 |  5203336653794 |  5221270130088 |  5250146952770 |  5193253044218 |  6274169247761 |  6339432665794 |  6281897545770 |  6246308601679 |  6357905246324 |  6296396602825 |  6278658016985 |  6398311681376 |  6269044183035 |
|           CPU_CLK_UNHALTED_CORE          |  FIXC1  |  2625963239227 |  2627831649263 |  2628218692688 |  2627422005269 |  2627984311836 |  2627315901843 |  2627660220346 |  2628095254371 |  2628213263423 |  2627776688737 |  2628660241118 |  2628181893988 |  2627744255997 |  2627600582385 |  2628476298725 |  2628427736282 |  2628716759531 |  2628575820177 |  2628992046206 |  2628099495146 |  2628840195913 |  2628472032971 |  2628379085227 |  2628297161656 |  2628167298859 |  2628613528154 |  2628363170761 |  2628511454264 |  2628980388194 |  2628846060118 |  2628392291238 |  2628362864277 |  2628659233038 |  2628744321576 |  2628795241135 |  2628777744353 |  2631591890325 |  2631874586783 |  2629603029542 |  2631175609787 |  2631489142119 |  2631213519829 |  2631772401125 |  2631542802761 |  2631572593537 |
|           CPU_CLK_UNHALTED_REF           |  FIXC2  |  2625965148288 |  2627831371200 |  2628219091008 |  2627424078528 |  2627985085440 |  2627317246272 |  2627662259136 |  2628098604288 |  2628212800320 |  2627777311584 |  2628661674912 |  2628182681664 |  2627745286944 |  2627600739744 |  2628476009088 |  2628429822144 |  2628718483008 |  2628577897632 |  2628991595616 |  2628099011232 |  2628840748992 |  2628471588960 |  2628379163712 |  2628296837280 |  2628166877184 |  2628614260992 |  2628363342240 |  2628510205632 |  2628981024960 |  2628846380640 |  2628391203360 |  2628362075520 |  2628659736960 |  2628743128992 |  2628795760512 |  2628777892896 |  2631592972608 |  2631876799776 |  2629605049920 |  2631172617600 |  2631487319040 |  2631213078432 |  2631773179200 |  2631546224352 |  2631573496512 |
|               TOPDOWN_SLOTS              |  FIXC3  | 13129816196135 | 13139158246315 | 13141093463440 | 13137110026345 | 13139921559180 | 13136579509215 | 13138301101730 | 13140476271855 | 13141066317115 | 13138883443685 | 13143301205590 | 13140909469940 | 13138721279985 | 13138002911925 | 13142381493625 | 13142138681410 | 13143583797655 | 13142879100885 | 13144960231030 | 13140497475730 | 13144200979565 | 13142360164855 | 13141895426135 | 13141485808280 | 13140836494295 | 13143067640770 | 13141815853805 | 13142557271320 | 13144901940970 | 13144230300590 | 13141961456190 | 13141814321385 | 13143296165190 | 13143721607880 | 13143976205675 | 13143888721765 | 13157959451625 | 13159372933915 | 13148015147710 | 13155878048935 | 13157445710595 | 13156067599145 | 13158862005625 | 13157714013805 | 13157862967685 |
|              PWR_PKG_ENERGY              |   PWR0  |    256107.4485 |              0 |              0 |              0 |              0 |              0 |              0 |              0 |              0 |              0 |              0 |              0 |              0 |              0 |              0 |              0 |              0 |              0 |              0 |              0 |              0 |              0 |              0 |              0 |              0 |              0 |              0 |              0 |              0 |              0 |              0 |              0 |              0 |              0 |              0 |              0 |    147829.9595 |              0 |              0 |              0 |              0 |              0 |              0 |              0 |              0 |
|              PWR_DRAM_ENERGY             |   PWR3  |     23830.0679 |              0 |              0 |              0 |              0 |              0 |              0 |              0 |              0 |              0 |              0 |              0 |              0 |              0 |              0 |              0 |              0 |              0 |              0 |              0 |              0 |              0 |              0 |              0 |              0 |              0 |              0 |              0 |              0 |              0 |              0 |              0 |              0 |              0 |              0 |              0 |     12393.5142 |              0 |              0 |              0 |              0 |              0 |              0 |              0 |              0 |
| FP_ARITH_INST_RETIRED_128B_PACKED_DOUBLE |   PMC0  |              0 |              0 |              0 |              0 |              0 |              0 |              0 |              0 |              0 |              0 |              0 |              0 |              0 |              0 |              0 |              0 |              0 |              0 |              0 |              0 |              0 |              0 |              0 |              0 |              0 |              0 |              0 |              0 |              0 |              0 |              0 |              0 |              0 |              0 |              0 |              0 |              0 |              0 |              0 |              0 |              0 |              0 |              0 |              0 |              0 |
|    FP_ARITH_INST_RETIRED_SCALAR_DOUBLE   |   PMC1  |  1453026364979 |  1431498875962 |  1453025743626 |  1453025732620 |  1431498857450 |  1453025730142 |  1453025729518 |  1431498845011 |  1453025715276 |  1453025710950 |  1431498828198 |  1453025717395 |  1453025721408 |  1431498809272 |  1453025686796 |  1453025679698 |  1431498792496 |  1453025674490 |  1453025625626 |  1431498729910 |  1453025601646 |  1453025604378 |  1431498705370 |  1453025586442 |  1453025586776 |  1431498694942 |  1453025567522 |  1453025563076 |  1431498690456 |  1453025606202 |  1453025577406 |  1431498666236 |  1453025535062 |  1453025526300 |  1431498635178 |  1453025516066 |  1453025509791 |  1431498679626 |  1453025497386 |  1453025495100 |  1431498598298 |  1453025476154 |  1453025470116 |  1431498579124 |  1453025529872 |
| FP_ARITH_INST_RETIRED_256B_PACKED_DOUBLE |   PMC2  |              0 |              0 |              0 |              0 |              0 |              0 |              0 |              0 |              0 |              0 |              0 |              0 |              0 |              0 |              0 |              0 |              0 |              0 |              0 |              0 |              0 |              0 |              0 |              0 |              0 |              0 |              0 |              0 |              0 |              0 |              0 |              0 |              0 |              0 |              0 |              0 |              0 |              0 |              0 |              0 |              0 |              0 |              0 |              0 |              0 |
| FP_ARITH_INST_RETIRED_512B_PACKED_DOUBLE |   PMC3  |    41433003885 |    39320497500 |    41387709372 |    41387709372 |    39320497500 |    41387709372 |    41387709372 |    39320497500 |    41387709372 |    41387709372 |    39320497500 |    41387709372 |    41387709372 |    39320497500 |    41387709372 |    41387709372 |    39320497500 |    41387709372 |    41387709372 |    39320497500 |    41387709372 |    41387709372 |    39320497500 |    41387709372 |    41387709372 |    39320497500 |    41387709372 |    41387709372 |    39320497500 |    41387709372 |    41387709372 |    39320497500 |    41387709372 |    41387709372 |    39320497500 |    41387709372 |    41387709372 |    39320497500 |    41387709372 |    41387709372 |    39320497500 |    41387709372 |    41387709372 |    39320497500 |    41387709372 |
|               CAS_COUNT_RD               | MBOX0C0 |   156284461546 |              0 |              0 |              0 |              0 |              0 |              0 |              0 |              0 |              0 |              0 |              0 |              0 |              0 |              0 |              0 |              0 |              0 |              0 |              0 |              0 |              0 |              0 |              0 |              0 |              0 |              0 |              0 |              0 |              0 |              0 |              0 |              0 |              0 |              0 |              0 |    65661452191 |              0 |              0 |              0 |              0 |              0 |              0 |              0 |              0 |
|               CAS_COUNT_WR               | MBOX0C1 |    80167028824 |              0 |              0 |              0 |              0 |              0 |              0 |              0 |              0 |              0 |              0 |              0 |              0 |              0 |              0 |              0 |              0 |              0 |              0 |              0 |              0 |              0 |              0 |              0 |              0 |              0 |              0 |              0 |              0 |              0 |              0 |              0 |              0 |              0 |              0 |              0 |    37456632555 |              0 |              0 |              0 |              0 |              0 |              0 |              0 |              0 |
|               CAS_COUNT_RD               | MBOX1C0 |   156227509080 |              0 |              0 |              0 |              0 |              0 |              0 |              0 |              0 |              0 |              0 |              0 |              0 |              0 |              0 |              0 |              0 |              0 |              0 |              0 |              0 |              0 |              0 |              0 |              0 |              0 |              0 |              0 |              0 |              0 |              0 |              0 |              0 |              0 |              0 |              0 |    65678651145 |              0 |              0 |              0 |              0 |              0 |              0 |              0 |              0 |
|               CAS_COUNT_WR               | MBOX1C1 |    80161930324 |              0 |              0 |              0 |              0 |              0 |              0 |              0 |              0 |              0 |              0 |              0 |              0 |              0 |              0 |              0 |              0 |              0 |              0 |              0 |              0 |              0 |              0 |              0 |              0 |              0 |              0 |              0 |              0 |              0 |              0 |              0 |              0 |              0 |              0 |              0 |    37455774316 |              0 |              0 |              0 |              0 |              0 |              0 |              0 |              0 |
|               CAS_COUNT_RD               | MBOX2C0 |   156223934688 |              0 |              0 |              0 |              0 |              0 |              0 |              0 |              0 |              0 |              0 |              0 |              0 |              0 |              0 |              0 |              0 |              0 |              0 |              0 |              0 |              0 |              0 |              0 |              0 |              0 |              0 |              0 |              0 |              0 |              0 |              0 |              0 |              0 |              0 |              0 |    65659675882 |              0 |              0 |              0 |              0 |              0 |              0 |              0 |              0 |
|               CAS_COUNT_WR               | MBOX2C1 |    80174498329 |              0 |              0 |              0 |              0 |              0 |              0 |              0 |              0 |              0 |              0 |              0 |              0 |              0 |              0 |              0 |              0 |              0 |              0 |              0 |              0 |              0 |              0 |              0 |              0 |              0 |              0 |              0 |              0 |              0 |              0 |              0 |              0 |              0 |              0 |              0 |    37453749591 |              0 |              0 |              0 |              0 |              0 |              0 |              0 |              0 |
|               CAS_COUNT_RD               | MBOX3C0 |   156257402575 |              0 |              0 |              0 |              0 |              0 |              0 |              0 |              0 |              0 |              0 |              0 |              0 |              0 |              0 |              0 |              0 |              0 |              0 |              0 |              0 |              0 |              0 |              0 |              0 |              0 |              0 |              0 |              0 |              0 |              0 |              0 |              0 |              0 |              0 |              0 |    65667173768 |              0 |              0 |              0 |              0 |              0 |              0 |              0 |              0 |
|               CAS_COUNT_WR               | MBOX3C1 |    80168518697 |              0 |              0 |              0 |              0 |              0 |              0 |              0 |              0 |              0 |              0 |              0 |              0 |              0 |              0 |              0 |              0 |              0 |              0 |              0 |              0 |              0 |              0 |              0 |              0 |              0 |              0 |              0 |              0 |              0 |              0 |              0 |              0 |              0 |              0 |              0 |    37448616464 |              0 |              0 |              0 |              0 |              0 |              0 |              0 |              0 |
|               CAS_COUNT_RD               | MBOX4C0 |   156284275587 |              0 |              0 |              0 |              0 |              0 |              0 |              0 |              0 |              0 |              0 |              0 |              0 |              0 |              0 |              0 |              0 |              0 |              0 |              0 |              0 |              0 |              0 |              0 |              0 |              0 |              0 |              0 |              0 |              0 |              0 |              0 |              0 |              0 |              0 |              0 |       67824777 |              0 |              0 |              0 |              0 |              0 |              0 |              0 |              0 |
|               CAS_COUNT_WR               | MBOX4C1 |    80211987699 |              0 |              0 |              0 |              0 |              0 |              0 |              0 |              0 |              0 |              0 |              0 |              0 |              0 |              0 |              0 |              0 |              0 |              0 |              0 |              0 |              0 |              0 |              0 |              0 |              0 |              0 |              0 |              0 |              0 |              0 |              0 |              0 |              0 |              0 |              0 |       56798127 |              0 |              0 |              0 |              0 |              0 |              0 |              0 |              0 |
|               CAS_COUNT_RD               | MBOX5C0 |   156327543536 |              0 |              0 |              0 |              0 |              0 |              0 |              0 |              0 |              0 |              0 |              0 |              0 |              0 |              0 |              0 |              0 |              0 |              0 |              0 |              0 |              0 |              0 |              0 |              0 |              0 |              0 |              0 |              0 |              0 |              0 |              0 |              0 |              0 |              0 |              0 |       58635084 |              0 |              0 |              0 |              0 |              0 |              0 |              0 |              0 |
|               CAS_COUNT_WR               | MBOX5C1 |    80211914967 |              0 |              0 |              0 |              0 |              0 |              0 |              0 |              0 |              0 |              0 |              0 |              0 |              0 |              0 |              0 |              0 |              0 |              0 |              0 |              0 |              0 |              0 |              0 |              0 |              0 |              0 |              0 |              0 |              0 |              0 |              0 |              0 |              0 |              0 |              0 |       41955542 |              0 |              0 |              0 |              0 |              0 |              0 |              0 |              0 |
|               CAS_COUNT_RD               | MBOX6C0 |   156299813243 |              0 |              0 |              0 |              0 |              0 |              0 |              0 |              0 |              0 |              0 |              0 |              0 |              0 |              0 |              0 |              0 |              0 |              0 |              0 |              0 |              0 |              0 |              0 |              0 |              0 |              0 |              0 |              0 |              0 |              0 |              0 |              0 |              0 |              0 |              0 |       56920191 |              0 |              0 |              0 |              0 |              0 |              0 |              0 |              0 |
|               CAS_COUNT_WR               | MBOX6C1 |    80219867671 |              0 |              0 |              0 |              0 |              0 |              0 |              0 |              0 |              0 |              0 |              0 |              0 |              0 |              0 |              0 |              0 |              0 |              0 |              0 |              0 |              0 |              0 |              0 |              0 |              0 |              0 |              0 |              0 |              0 |              0 |              0 |              0 |              0 |              0 |              0 |       42005116 |              0 |              0 |              0 |              0 |              0 |              0 |              0 |              0 |
|               CAS_COUNT_RD               | MBOX7C0 |   156249274905 |              0 |              0 |              0 |              0 |              0 |              0 |              0 |              0 |              0 |              0 |              0 |              0 |              0 |              0 |              0 |              0 |              0 |              0 |              0 |              0 |              0 |              0 |              0 |              0 |              0 |              0 |              0 |              0 |              0 |              0 |              0 |              0 |              0 |              0 |              0 |       60617934 |              0 |              0 |              0 |              0 |              0 |              0 |              0 |              0 |
|               CAS_COUNT_WR               | MBOX7C1 |    80211377304 |              0 |              0 |              0 |              0 |              0 |              0 |              0 |              0 |              0 |              0 |              0 |              0 |              0 |              0 |              0 |              0 |              0 |              0 |              0 |              0 |              0 |              0 |              0 |              0 |              0 |              0 |              0 |              0 |              0 |              0 |              0 |              0 |              0 |              0 |              0 |       47264685 |              0 |              0 |              0 |              0 |              0 |              0 |              0 |              0 |
+------------------------------------------+---------+----------------+----------------+----------------+----------------+----------------+----------------+----------------+----------------+----------------+----------------+----------------+----------------+----------------+----------------+----------------+----------------+----------------+----------------+----------------+----------------+----------------+----------------+----------------+----------------+----------------+----------------+----------------+----------------+----------------+----------------+----------------+----------------+----------------+----------------+----------------+----------------+----------------+----------------+----------------+----------------+----------------+----------------+----------------+----------------+----------------+

+-----------------------------------------------+---------+-----------------+----------------+----------------+---------------+
|                     Event                     | Counter |       Sum       |       Min      |       Max      |      Avg      |
+-----------------------------------------------+---------+-----------------+----------------+----------------+---------------+
|             INSTR_RETIRED_ANY STAT            |  FIXC0  | 210134088346632 |  3068481086449 |  6398311681376 |  4.669646e+12 |
|           CPU_CLK_UNHALTED_CORE STAT          |  FIXC1  | 118298994004100 |  2625963239227 |  2631874586783 |  2.628867e+12 |
|           CPU_CLK_UNHALTED_REF STAT           |  FIXC2  | 118299017164320 |  2625965148288 |  2631876799776 | 2628867048096 |
|               TOPDOWN_SLOTS STAT              |  FIXC3  | 591494970020500 | 13129816196135 | 13159372933915 |      nil      |
|              PWR_PKG_ENERGY STAT              |   PWR0  |     403937.4080 |              0 |    256107.4485 |     8976.3868 |
|              PWR_DRAM_ENERGY STAT             |   PWR3  |      36223.5821 |              0 |     23830.0679 |      804.9685 |
| FP_ARITH_INST_RETIRED_128B_PACKED_DOUBLE STAT |   PMC0  |               0 |              0 |              0 |             0 |
|    FP_ARITH_INST_RETIRED_SCALAR_DOUBLE STAT   |   PMC1  |  65063250069348 |  1431498579124 |  1453026364979 |  1.445850e+12 |
| FP_ARITH_INST_RETIRED_256B_PACKED_DOUBLE STAT |   PMC2  |               0 |              0 |              0 |             0 |
| FP_ARITH_INST_RETIRED_512B_PACKED_DOUBLE STAT |   PMC3  |   1831484038173 |    39320497500 |    41433003885 |  4.069965e+10 |
|               CAS_COUNT_RD STAT               | MBOX0C0 |    221945913737 |              0 |   156284461546 |  4.932131e+09 |
|               CAS_COUNT_WR STAT               | MBOX0C1 |    117623661379 |              0 |    80167028824 |  2.613859e+09 |
|               CAS_COUNT_RD STAT               | MBOX1C0 |    221906160225 |              0 |   156227509080 |    4931248005 |
|               CAS_COUNT_WR STAT               | MBOX1C1 |    117617704640 |              0 |    80161930324 |  2.613727e+09 |
|               CAS_COUNT_RD STAT               | MBOX2C0 |    221883610570 |              0 |   156223934688 |  4.930747e+09 |
|               CAS_COUNT_WR STAT               | MBOX2C1 |    117628247920 |              0 |    80174498329 |  2.613961e+09 |
|               CAS_COUNT_RD STAT               | MBOX3C0 |    221924576343 |              0 |   156257402575 |  4.931657e+09 |
|               CAS_COUNT_WR STAT               | MBOX3C1 |    117617135161 |              0 |    80168518697 |  2.613714e+09 |
|               CAS_COUNT_RD STAT               | MBOX4C0 |    156352100364 |              0 |   156284275587 |  3.474491e+09 |
|               CAS_COUNT_WR STAT               | MBOX4C1 |     80268785826 |              0 |    80211987699 |  1.783751e+09 |
|               CAS_COUNT_RD STAT               | MBOX5C0 |    156386178620 |              0 |   156327543536 |  3.475248e+09 |
|               CAS_COUNT_WR STAT               | MBOX5C1 |     80253870509 |              0 |    80211914967 |  1.783419e+09 |
|               CAS_COUNT_RD STAT               | MBOX6C0 |    156356733434 |              0 |   156299813243 |  3.474594e+09 |
|               CAS_COUNT_WR STAT               | MBOX6C1 |     80261872787 |              0 |    80219867671 |  1.783597e+09 |
|               CAS_COUNT_RD STAT               | MBOX7C0 |    156309892839 |              0 |   156249274905 |  3.473553e+09 |
|               CAS_COUNT_WR STAT               | MBOX7C1 |     80258641989 |              0 |    80211377304 |  1.783525e+09 |
+-----------------------------------------------+---------+-----------------+----------------+----------------+---------------+

+-----------------------------------+-------------+-----------+-----------+-----------+-----------+-----------+-----------+-----------+-----------+-----------+-------------+-------------+-------------+-------------+-------------+-------------+-------------+-------------+-------------+-------------+-------------+-------------+-------------+-------------+-------------+-------------+-------------+-------------+-------------+-------------+-------------+-------------+-------------+-------------+-------------+-------------+-------------+-------------+-------------+-------------+-------------+-------------+-------------+-------------+-------------+
|               Metric              |  f0608:0:0  | f0608:1:1 | f0608:2:2 | f0608:3:3 | f0608:4:4 | f0608:5:5 | f0608:6:6 | f0608:7:7 | f0608:8:8 | f0608:9:9 | f0608:10:10 | f0608:11:11 | f0608:12:12 | f0608:13:13 | f0608:14:14 | f0608:15:15 | f0608:16:16 | f0608:17:17 | f0608:18:18 | f0608:19:19 | f0608:20:20 | f0608:21:21 | f0608:22:22 | f0608:23:23 | f0608:24:24 | f0608:25:25 | f0608:26:26 | f0608:27:27 | f0608:28:28 | f0608:29:29 | f0608:30:30 | f0608:31:31 | f0608:32:32 | f0608:33:33 | f0608:34:34 | f0608:35:35 | f0608:36:36 | f0608:37:37 | f0608:38:38 | f0608:39:39 | f0608:40:40 | f0608:41:41 | f0608:42:42 | f0608:43:43 | f0608:44:44 |
+-----------------------------------+-------------+-----------+-----------+-----------+-----------+-----------+-----------+-----------+-----------+-----------+-------------+-------------+-------------+-------------+-------------+-------------+-------------+-------------+-------------+-------------+-------------+-------------+-------------+-------------+-------------+-------------+-------------+-------------+-------------+-------------+-------------+-------------+-------------+-------------+-------------+-------------+-------------+-------------+-------------+-------------+-------------+-------------+-------------+-------------+-------------+
|        Runtime (RDTSC) [s]        |   1103.2450 | 1103.1840 | 1103.2190 | 1103.2410 | 1103.4490 | 1103.2780 | 1103.2780 | 1103.6030 | 1103.2500 | 1103.1850 |   1103.1790 |   1103.3800 |   1103.1910 |   1103.2310 |   1103.2610 |   1103.1680 |   1103.5650 |   1103.2050 |   1103.3470 |   1103.5580 |   1103.1750 |   1103.2330 |   1103.6530 |   1103.6480 |   1103.1940 |   1103.1740 |   1103.1730 |   1103.3480 |   1103.4510 |   1103.5460 |   1103.2970 |   1103.1700 |   1103.5380 |   1103.4880 |   1103.3470 |   1103.1700 |   1103.5500 |   1103.5770 |   1103.1700 |   1103.2840 |   1103.4050 |   1103.2290 |   1103.5570 |   1103.3610 |   1103.4570 |
|        Runtime unhalted [s]       |   1096.8133 | 1097.5304 | 1097.7390 | 1097.3592 | 1097.5942 | 1097.3223 | 1097.4593 | 1097.6402 | 1097.7264 | 1097.5088 |   1097.8773 |   1097.6766 |   1097.4944 |   1097.4341 |   1097.8004 |   1097.7785 |   1098.2785 |   1097.8412 |   1098.1452 |   1097.6443 |   1097.9514 |   1097.7982 |   1098.2294 |   1098.1618 |   1097.6760 |   1097.8578 |   1097.7510 |   1097.9472 |   1098.2581 |   1097.9536 |   1097.8824 |   1097.7521 |   1097.9231 |   1097.9108 |   1097.9325 |   1097.9280 |   1099.1015 |   1099.2187 |   1098.2698 |   1099.0257 |   1099.2507 |   1098.9782 |   1099.1767 |   1099.2681 |   1099.0921 |
|            Clock [MHz]            |   2394.1735 | 2394.3135 | 2394.2105 | 2394.3116 | 2394.3126 | 2394.2962 | 2394.3103 | 2394.3110 | 2394.2339 | 2394.3099 |   2394.3103 |   2394.3127 |   2394.3114 |   2394.3128 |   2394.3120 |   2394.3132 |   2393.4866 |   2394.3114 |   2394.0300 |   2394.3093 |   2394.3132 |   2394.3129 |   2393.2878 |   2393.3608 |   2394.3020 |   2394.3108 |   2394.3162 |   2394.0247 |   2393.7722 |   2394.3140 |   2394.0574 |   2394.3143 |   2394.2102 |   2394.3162 |   2394.3136 |   2394.3077 |   2394.3110 |   2394.3118 |   2394.3124 |   2394.1011 |   2393.8952 |   2394.2367 |   2394.3116 |   2393.9014 |   2394.3142 |
|                CPI                |      0.8557 |    0.7633 |    0.8560 |    0.8527 |    0.7398 |    0.8552 |    0.8440 |    0.7010 |    0.8554 |    0.8560 |      0.8306 |      0.8550 |      0.8485 |      0.7334 |      0.8566 |      0.8504 |      0.7325 |      0.8312 |      0.4937 |      0.4895 |      0.5025 |      0.4959 |      0.4870 |      0.5074 |      0.4979 |      0.4809 |      0.4966 |      0.5016 |      0.4871 |      0.4936 |      0.4988 |      0.4931 |      0.5052 |      0.5035 |      0.5007 |      0.5062 |      0.4194 |      0.4152 |      0.4186 |      0.4212 |      0.4139 |      0.4179 |      0.4192 |      0.4113 |      0.4198 |
|             Energy [J]            | 256107.4485 |         0 |         0 |         0 |         0 |         0 |         0 |         0 |         0 |         0 |           0 |           0 |           0 |           0 |           0 |           0 |           0 |           0 |           0 |           0 |           0 |           0 |           0 |           0 |           0 |           0 |           0 |           0 |           0 |           0 |           0 |           0 |           0 |           0 |           0 |           0 | 147829.9595 |           0 |           0 |           0 |           0 |           0 |           0 |           0 |           0 |
|             Power [W]             |    232.1401 |         0 |         0 |         0 |         0 |         0 |         0 |         0 |         0 |         0 |           0 |           0 |           0 |           0 |           0 |           0 |           0 |           0 |           0 |           0 |           0 |           0 |           0 |           0 |           0 |           0 |           0 |           0 |           0 |           0 |           0 |           0 |           0 |           0 |           0 |           0 |    133.9586 |           0 |           0 |           0 |           0 |           0 |           0 |           0 |           0 |
|          Energy DRAM [J]          |  23830.0679 |         0 |         0 |         0 |         0 |         0 |         0 |         0 |         0 |         0 |           0 |           0 |           0 |           0 |           0 |           0 |           0 |           0 |           0 |           0 |           0 |           0 |           0 |           0 |           0 |           0 |           0 |           0 |           0 |           0 |           0 |           0 |           0 |           0 |           0 |           0 |  12393.5142 |           0 |           0 |           0 |           0 |           0 |           0 |           0 |           0 |
|           Power DRAM [W]          |     21.6000 |         0 |         0 |         0 |         0 |         0 |         0 |         0 |         0 |         0 |           0 |           0 |           0 |           0 |           0 |           0 |           0 |           0 |           0 |           0 |           0 |           0 |           0 |           0 |           0 |           0 |           0 |           0 |           0 |           0 |           0 |           0 |           0 |           0 |           0 |           0 |     11.2306 |           0 |           0 |           0 |           0 |           0 |           0 |           0 |           0 |
|            DP [MFLOP/s]           |   1617.4924 | 1582.7485 | 1617.2015 | 1617.1692 | 1582.3684 | 1617.1150 | 1617.1150 | 1582.1476 | 1617.1560 | 1617.2513 |   1582.7557 |   1616.9655 |   1617.2425 |   1582.6810 |   1617.1399 |   1617.2762 |   1582.2020 |   1617.2220 |   1617.0138 |   1582.2120 |   1617.2659 |   1617.1808 |   1582.0758 |   1616.5727 |   1617.2380 |   1582.7627 |   1617.2688 |   1617.0123 |   1582.3654 |   1616.7222 |   1617.0870 |   1582.7684 |   1616.7338 |   1616.8071 |   1582.5145 |   1617.2731 |   1616.7162 |   1582.1847 |   1617.2731 |   1617.1060 |   1582.4313 |   1617.1866 |   1616.7059 |   1582.4944 |   1616.8525 |
|          AVX DP [MFLOP/s]         |    300.4446 |  285.1419 |  300.1233 |  300.1173 |  285.0734 |  300.1072 |  300.1072 |  285.0336 |  300.1148 |  300.1325 |    285.1432 |    300.0795 |    300.1309 |    285.1298 |    300.1118 |    300.1371 |    285.0435 |    300.1271 |    300.0884 |    285.0453 |    300.1352 |    300.1194 |    285.0207 |    300.0066 |    300.1301 |    285.1445 |    300.1358 |    300.0882 |    285.0729 |    300.0343 |    300.1020 |    285.1455 |    300.0365 |    300.0501 |    285.0998 |    300.1366 |    300.0332 |    285.0404 |    300.1366 |    300.1056 |    285.0848 |    300.1205 |    300.0313 |    285.0962 |    300.0585 |
|          Packed [MUOPS/s]         |     37.5556 |   35.6427 |   37.5154 |   37.5147 |   35.6342 |   37.5134 |   37.5134 |   35.6292 |   37.5144 |   37.5166 |     35.6429 |     37.5099 |     37.5164 |     35.6412 |     37.5140 |     37.5171 |     35.6304 |     37.5159 |     37.5111 |     35.6307 |     37.5169 |     37.5149 |     35.6276 |     37.5008 |     37.5163 |     35.6431 |     37.5170 |     37.5110 |     35.6341 |     37.5043 |     37.5128 |     35.6432 |     37.5046 |     37.5063 |     35.6375 |     37.5171 |     37.5042 |     35.6300 |     37.5171 |     37.5132 |     35.6356 |     37.5151 |     37.5039 |     35.6370 |     37.5073 |
|          Scalar [MUOPS/s]         |   1317.0478 | 1297.6066 | 1317.0782 | 1317.0520 | 1297.2950 | 1317.0078 | 1317.0078 | 1297.1139 | 1317.0412 | 1317.1188 |   1297.6125 |   1316.8860 |   1317.1117 |   1297.5513 |   1317.0281 |   1317.1391 |   1297.1586 |   1317.0949 |   1316.9253 |   1297.1667 |   1317.1306 |   1317.0614 |   1297.0551 |   1316.5661 |   1317.1079 |   1297.6182 |   1317.1330 |   1316.9241 |   1297.2925 |   1316.6878 |   1316.9850 |   1297.6229 |   1316.6973 |   1316.7570 |   1297.4147 |   1317.1365 |   1316.6830 |   1297.1444 |   1317.1365 |   1317.0004 |   1297.3465 |   1317.0661 |   1316.6746 |   1297.3982 |   1316.7940 |
|  Memory read bandwidth [MBytes/s] |  72522.3044 |         0 |         0 |         0 |         0 |         0 |         0 |         0 |         0 |         0 |           0 |           0 |           0 |           0 |           0 |           0 |           0 |           0 |           0 |           0 |           0 |           0 |           0 |           0 |           0 |           0 |           0 |           0 |           0 |           0 |           0 |           0 |           0 |           0 |           0 |           0 |  15247.4295 |           0 |           0 |           0 |           0 |           0 |           0 |           0 |           0 |
|  Memory read data volume [GBytes] |  80009.8698 |         0 |         0 |         0 |         0 |         0 |         0 |         0 |         0 |         0 |           0 |           0 |           0 |           0 |           0 |           0 |           0 |           0 |           0 |           0 |           0 |           0 |           0 |           0 |           0 |           0 |           0 |           0 |           0 |           0 |           0 |           0 |           0 |           0 |           0 |           0 |  16826.3009 |           0 |           0 |           0 |           0 |           0 |           0 |           0 |           0 |
| Memory write bandwidth [MBytes/s] |  37215.4290 |         0 |         0 |         0 |         0 |         0 |         0 |         0 |         0 |         0 |           0 |           0 |           0 |           0 |           0 |           0 |           0 |           0 |           0 |           0 |           0 |           0 |           0 |           0 |           0 |           0 |           0 |           0 |           0 |           0 |           0 |           0 |           0 |           0 |           0 |           0 |   8699.3602 |           0 |           0 |           0 |           0 |           0 |           0 |           0 |           0 |
| Memory write data volume [GBytes] |  41057.7359 |         0 |         0 |         0 |         0 |         0 |         0 |         0 |         0 |         0 |           0 |           0 |           0 |           0 |           0 |           0 |           0 |           0 |           0 |           0 |           0 |           0 |           0 |           0 |           0 |           0 |           0 |           0 |           0 |           0 |           0 |           0 |           0 |           0 |           0 |           0 |   9600.1790 |           0 |           0 |           0 |           0 |           0 |           0 |           0 |           0 |
|    Memory bandwidth [MBytes/s]    | 109737.7334 |         0 |         0 |         0 |         0 |         0 |         0 |         0 |         0 |         0 |           0 |           0 |           0 |           0 |           0 |           0 |           0 |           0 |           0 |           0 |           0 |           0 |           0 |           0 |           0 |           0 |           0 |           0 |           0 |           0 |           0 |           0 |           0 |           0 |           0 |           0 |  23946.7898 |           0 |           0 |           0 |           0 |           0 |           0 |           0 |           0 |
|    Memory data volume [GBytes]    | 121067.6057 |         0 |         0 |         0 |         0 |         0 |         0 |         0 |         0 |         0 |           0 |           0 |           0 |           0 |           0 |           0 |           0 |           0 |           0 |           0 |           0 |           0 |           0 |           0 |           0 |           0 |           0 |           0 |           0 |           0 |           0 |           0 |           0 |           0 |           0 |           0 |  26426.4798 |           0 |           0 |           0 |           0 |           0 |           0 |           0 |           0 |
|       Operational intensity       |      0.0147 |         0 |         0 |         0 |         0 |         0 |         0 |         0 |         0 |         0 |           0 |           0 |           0 |           0 |           0 |           0 |           0 |           0 |           0 |           0 |           0 |           0 |           0 |           0 |           0 |           0 |           0 |           0 |           0 |           0 |           0 |           0 |           0 |           0 |           0 |           0 |      0.0675 |           0 |           0 |           0 |           0 |           0 |           0 |           0 |           0 |
+-----------------------------------+-------------+-----------+-----------+-----------+-----------+-----------+-----------+-----------+-----------+-----------+-------------+-------------+-------------+-------------+-------------+-------------+-------------+-------------+-------------+-------------+-------------+-------------+-------------+-------------+-------------+-------------+-------------+-------------+-------------+-------------+-------------+-------------+-------------+-------------+-------------+-------------+-------------+-------------+-------------+-------------+-------------+-------------+-------------+-------------+-------------+

+----------------------------------------+-------------+-----------+-------------+-----------+-----------+-----------+-----------+
|                 Metric                 |     Sum     |    Min    |     Max     |    Avg    |  %ile 25  |  %ile 50  |  %ile 75  |
+----------------------------------------+-------------+-----------+-------------+-----------+-----------+-----------+-----------+
|        Runtime (RDTSC) [s] STAT        |  49650.2120 | 1103.1680 |   1103.6530 | 1103.3380 | 1103.1910 | 1103.2780 | 1103.4570 |
|        Runtime unhalted [s] STAT       |  49410.9585 | 1096.8133 |   1099.2681 | 1098.0213 | 1097.6443 | 1097.8773 | 1098.2294 |
|            Clock [MHz] STAT            | 107738.3221 | 2393.2878 |   2394.3162 | 2394.1849 | 2394.1735 | 2394.3108 | 2394.3127 |
|                CPI STAT                |     27.4150 |    0.4113 |      0.8566 |    0.6092 |    0.4870 |    0.5025 |    0.8312 |
|             Energy [J] STAT            | 403937.4080 |         0 | 256107.4485 | 8976.3868 |         0 |         0 |         0 |
|             Power [W] STAT             |    366.0987 |         0 |    232.1401 |    8.1355 |         0 |         0 |         0 |
|          Energy DRAM [J] STAT          |  36223.5821 |         0 |  23830.0679 |  804.9685 |         0 |         0 |         0 |
|           Power DRAM [W] STAT          |     32.8306 |         0 |     21.6000 |    0.7296 |         0 |         0 |         0 |
|            DP [MFLOP/s] STAT           |  72249.0747 | 1582.0758 |   1617.4924 | 1605.5350 | 1582.6810 | 1616.9655 | 1617.1866 |
|          AVX DP [MFLOP/s] STAT         |  13279.5977 |  285.0207 |    300.4446 |  295.1022 |  285.1298 |  300.0795 |  300.1205 |
|          Packed [MUOPS/s] STAT         |   1659.9501 |   35.6276 |     37.5556 |   36.8878 |   35.6412 |   37.5099 |   37.5151 |
|          Scalar [MUOPS/s] STAT         |  58969.4771 | 1297.0551 |   1317.1391 | 1310.4328 | 1297.5513 | 1316.8860 | 1317.0614 |
|  Memory read bandwidth [MBytes/s] STAT |  87769.7339 |         0 |  72522.3044 | 1950.4385 |         0 |         0 |         0 |
|  Memory read data volume [GBytes] STAT |  96836.1707 |         0 |  80009.8698 | 2151.9149 |         0 |         0 |         0 |
| Memory write bandwidth [MBytes/s] STAT |  45914.7892 |         0 |  37215.4290 | 1020.3286 |         0 |         0 |         0 |
| Memory write data volume [GBytes] STAT |  50657.9149 |         0 |  41057.7359 | 1125.7314 |         0 |         0 |         0 |
|    Memory bandwidth [MBytes/s] STAT    | 133684.5232 |         0 | 109737.7334 | 2970.7672 |         0 |         0 |         0 |
|    Memory data volume [GBytes] STAT    | 147494.0855 |         0 | 121067.6057 | 3277.6463 |         0 |         0 |         0 |
|       Operational intensity STAT       |      0.0822 |         0 |      0.0675 |    0.0018 |         0 |         0 |         0 |
+----------------------------------------+-------------+-----------+-------------+-----------+-----------+-----------+-----------+

