WARN: Cannot extract OpenMP vendor from executable or commandline, assuming no OpenMP
 nx_glob, nz_glob:                  3000                  1250
 dx,dz:    8.00000000000000        8.00000000000000     
 dt:   2.666666666666666E-002
Group: 1
+------------------------------------------+---------+----------------+----------------+----------------+----------------+----------------+----------------+----------------+----------------+----------------+----------------+----------------+----------------+----------------+----------------+----------------+----------------+----------------+
|                   Event                  | Counter |    f0608:0:0   |    f0608:1:1   |    f0608:2:2   |    f0608:3:3   |    f0608:4:4   |    f0608:5:5   |    f0608:6:6   |    f0608:7:7   |    f0608:8:8   |    f0608:9:9   |   f0608:10:10  |   f0608:11:11  |   f0608:12:12  |   f0608:13:13  |   f0608:14:14  |   f0608:15:15  |   f0608:16:16  |
+------------------------------------------+---------+----------------+----------------+----------------+----------------+----------------+----------------+----------------+----------------+----------------+----------------+----------------+----------------+----------------+----------------+----------------+----------------+----------------+
|             INSTR_RETIRED_ANY            |  FIXC0  |  7814176077859 |  7789652661293 |  7918399385104 |  7792464220250 |  7916479366061 |  8138117346826 |  7826545487487 |  7897760937747 |  7754038435359 |  8161978397957 |  8065930926088 |  9173438126789 |  8907813361195 |  7972487622480 |  7970705794662 |  7799006546271 |  7996829702701 |
|           CPU_CLK_UNHALTED_CORE          |  FIXC1  |  6588081003385 |  6589426156805 |  6591636666141 |  6590057988669 |  6590466210285 |  6590052821512 |  6590256249821 |  6590228020968 |  6591237908863 |  6590271609234 |  6590831390324 |  6591275749734 |  6589243975697 |  6589632937475 |  6590025880532 |  6590987597938 |  6590523762421 |
|           CPU_CLK_UNHALTED_REF           |  FIXC2  |  6588080423520 |  6589425205920 |  6591632272224 |  6590055684192 |  6590465405856 |  6590051250720 |  6590255524896 |  6590227991904 |  6591234860640 |  6590268144864 |  6590830630752 |  6591274223712 |  6589246816896 |  6589634176224 |  6590023582080 |  6590989254912 |  6590528474880 |
|               TOPDOWN_SLOTS              |  FIXC3  | 32940405016925 | 32947130784025 | 32958183330705 | 32950289943345 | 32952331051425 | 32950264107560 | 32951281249105 | 32951140104840 | 32956189544315 | 32951358046170 | 32954156951620 | 32956378748670 | 32946219878485 | 32948164687375 | 32950129402660 | 32954937989690 | 32952618812105 |
|              PWR_PKG_ENERGY              |   PWR0  |    433385.4724 |              0 |              0 |              0 |              0 |              0 |              0 |              0 |              0 |              0 |              0 |              0 |              0 |              0 |              0 |              0 |              0 |
|              PWR_DRAM_ENERGY             |   PWR3  |     39406.5914 |              0 |              0 |              0 |              0 |              0 |              0 |              0 |              0 |              0 |              0 |              0 |              0 |              0 |              0 |              0 |              0 |
| FP_ARITH_INST_RETIRED_128B_PACKED_DOUBLE |   PMC0  |              0 |              0 |              0 |              0 |              0 |              0 |              0 |              0 |              0 |              0 |              0 |              0 |              0 |              0 |              0 |              0 |              0 |
|    FP_ARITH_INST_RETIRED_SCALAR_DOUBLE   |   PMC1  |  3799456508991 |  3820982779160 |  3799455889010 |  3820982777104 |  3799455893654 |  3820982773422 |  3799455904270 |  3820982768212 |  3799455881170 |  3820982768076 |  3799455885184 |  3820982774144 |  3799455880230 |  3820982762742 |  3799455873762 |  3820982765264 |  3799455874882 |
| FP_ARITH_INST_RETIRED_256B_PACKED_DOUBLE |   PMC2  |              0 |              0 |              0 |              0 |              0 |              0 |              0 |              0 |              0 |              0 |              0 |              0 |              0 |              0 |              0 |              0 |              0 |
| FP_ARITH_INST_RETIRED_512B_PACKED_DOUBLE |   PMC3  |    82230197013 |    80834842500 |    82184902500 |    80834842500 |    82184902500 |    80834842500 |    82184902500 |    80834842500 |    82184902500 |    80834842500 |    82184902500 |    80834842500 |    82184902500 |    80834842500 |    82184902500 |    80834842500 |    82184902500 |
|               CAS_COUNT_RD               | MBOX0C0 |   378326978688 |              0 |              0 |              0 |              0 |              0 |              0 |              0 |              0 |              0 |              0 |              0 |              0 |              0 |              0 |              0 |              0 |
|               CAS_COUNT_WR               | MBOX0C1 |   194697155769 |              0 |              0 |              0 |              0 |              0 |              0 |              0 |              0 |              0 |              0 |              0 |              0 |              0 |              0 |              0 |              0 |
|               CAS_COUNT_RD               | MBOX1C0 |   378248927432 |              0 |              0 |              0 |              0 |              0 |              0 |              0 |              0 |              0 |              0 |              0 |              0 |              0 |              0 |              0 |              0 |
|               CAS_COUNT_WR               | MBOX1C1 |   194677500595 |              0 |              0 |              0 |              0 |              0 |              0 |              0 |              0 |              0 |              0 |              0 |              0 |              0 |              0 |              0 |              0 |
|               CAS_COUNT_RD               | MBOX2C0 |   378307793981 |              0 |              0 |              0 |              0 |              0 |              0 |              0 |              0 |              0 |              0 |              0 |              0 |              0 |              0 |              0 |              0 |
|               CAS_COUNT_WR               | MBOX2C1 |   194690563425 |              0 |              0 |              0 |              0 |              0 |              0 |              0 |              0 |              0 |              0 |              0 |              0 |              0 |              0 |              0 |              0 |
|               CAS_COUNT_RD               | MBOX3C0 |   378343922551 |              0 |              0 |              0 |              0 |              0 |              0 |              0 |              0 |              0 |              0 |              0 |              0 |              0 |              0 |              0 |              0 |
|               CAS_COUNT_WR               | MBOX3C1 |   194684914865 |              0 |              0 |              0 |              0 |              0 |              0 |              0 |              0 |              0 |              0 |              0 |              0 |              0 |              0 |              0 |              0 |
|               CAS_COUNT_RD               | MBOX4C0 |       12026146 |              0 |              0 |              0 |              0 |              0 |              0 |              0 |              0 |              0 |              0 |              0 |              0 |              0 |              0 |              0 |              0 |
|               CAS_COUNT_WR               | MBOX4C1 |       13116111 |              0 |              0 |              0 |              0 |              0 |              0 |              0 |              0 |              0 |              0 |              0 |              0 |              0 |              0 |              0 |              0 |
|               CAS_COUNT_RD               | MBOX5C0 |       11916629 |              0 |              0 |              0 |              0 |              0 |              0 |              0 |              0 |              0 |              0 |              0 |              0 |              0 |              0 |              0 |              0 |
|               CAS_COUNT_WR               | MBOX5C1 |       13030898 |              0 |              0 |              0 |              0 |              0 |              0 |              0 |              0 |              0 |              0 |              0 |              0 |              0 |              0 |              0 |              0 |
|               CAS_COUNT_RD               | MBOX6C0 |       12205819 |              0 |              0 |              0 |              0 |              0 |              0 |              0 |              0 |              0 |              0 |              0 |              0 |              0 |              0 |              0 |              0 |
|               CAS_COUNT_WR               | MBOX6C1 |       13378585 |              0 |              0 |              0 |              0 |              0 |              0 |              0 |              0 |              0 |              0 |              0 |              0 |              0 |              0 |              0 |              0 |
|               CAS_COUNT_RD               | MBOX7C0 |       11984733 |              0 |              0 |              0 |              0 |              0 |              0 |              0 |              0 |              0 |              0 |              0 |              0 |              0 |              0 |              0 |              0 |
|               CAS_COUNT_WR               | MBOX7C1 |       13154322 |              0 |              0 |              0 |              0 |              0 |              0 |              0 |              0 |              0 |              0 |              0 |              0 |              0 |              0 |              0 |              0 |
+------------------------------------------+---------+----------------+----------------+----------------+----------------+----------------+----------------+----------------+----------------+----------------+----------------+----------------+----------------+----------------+----------------+----------------+----------------+----------------+

+-----------------------------------------------+---------+-----------------+----------------+----------------+--------------+
|                     Event                     | Counter |       Sum       |       Min      |       Max      |      Avg     |
+-----------------------------------------------+---------+-----------------+----------------+----------------+--------------+
|             INSTR_RETIRED_ANY STAT            |  FIXC0  | 136895824396129 |  7754038435359 |  9173438126789 | 8.052696e+12 |
|           CPU_CLK_UNHALTED_CORE STAT          |  FIXC1  | 112034235929804 |  6588081003385 |  6591636666141 | 6.590249e+12 |
|           CPU_CLK_UNHALTED_REF STAT           |  FIXC2  | 112034223924192 |  6588080423520 |  6591632272224 | 6.590248e+12 |
|               TOPDOWN_SLOTS STAT              |  FIXC3  | 560171179649020 | 32940405016925 | 32958183330705 |      nil     |
|              PWR_PKG_ENERGY STAT              |   PWR0  |     433385.4724 |              0 |    433385.4724 |   25493.2631 |
|              PWR_DRAM_ENERGY STAT             |   PWR3  |      39406.5914 |              0 |     39406.5914 |    2318.0348 |
| FP_ARITH_INST_RETIRED_128B_PACKED_DOUBLE STAT |   PMC0  |               0 |              0 |              0 |            0 |
|    FP_ARITH_INST_RETIRED_SCALAR_DOUBLE STAT   |   PMC1  |  64762965759277 |  3799455873762 |  3820982779160 | 3.809586e+12 |
| FP_ARITH_INST_RETIRED_256B_PACKED_DOUBLE STAT |   PMC2  |               0 |              0 |              0 |            0 |
| FP_ARITH_INST_RETIRED_512B_PACKED_DOUBLE STAT |   PMC3  |   1386388157013 |    80834842500 |    82230197013 | 8.155224e+10 |
|               CAS_COUNT_RD STAT               | MBOX0C0 |    378326978688 |              0 |   378326978688 | 2.225453e+10 |
|               CAS_COUNT_WR STAT               | MBOX0C1 |    194697155769 |              0 |   194697155769 | 1.145277e+10 |
|               CAS_COUNT_RD STAT               | MBOX1C0 |    378248927432 |              0 |   378248927432 | 2.224994e+10 |
|               CAS_COUNT_WR STAT               | MBOX1C1 |    194677500595 |              0 |   194677500595 | 1.145162e+10 |
|               CAS_COUNT_RD STAT               | MBOX2C0 |    378307793981 |              0 |   378307793981 | 2.225340e+10 |
|               CAS_COUNT_WR STAT               | MBOX2C1 |    194690563425 |              0 |   194690563425 | 1.145239e+10 |
|               CAS_COUNT_RD STAT               | MBOX3C0 |    378343922551 |              0 |   378343922551 | 2.225552e+10 |
|               CAS_COUNT_WR STAT               | MBOX3C1 |    194684914865 |              0 |   194684914865 | 1.145205e+10 |
|               CAS_COUNT_RD STAT               | MBOX4C0 |        12026146 |              0 |       12026146 |  707420.3529 |
|               CAS_COUNT_WR STAT               | MBOX4C1 |        13116111 |              0 |       13116111 |  771535.9412 |
|               CAS_COUNT_RD STAT               | MBOX5C0 |        11916629 |              0 |       11916629 |  700978.1765 |
|               CAS_COUNT_WR STAT               | MBOX5C1 |        13030898 |              0 |       13030898 |  766523.4118 |
|               CAS_COUNT_RD STAT               | MBOX6C0 |        12205819 |              0 |       12205819 |  717989.3529 |
|               CAS_COUNT_WR STAT               | MBOX6C1 |        13378585 |              0 |       13378585 |  786975.5882 |
|               CAS_COUNT_RD STAT               | MBOX7C0 |        11984733 |              0 |       11984733 |  704984.2941 |
|               CAS_COUNT_WR STAT               | MBOX7C1 |        13154322 |              0 |       13154322 |  773783.6471 |
+-----------------------------------------------+---------+-----------------+----------------+----------------+--------------+

+-----------------------------------+-------------+-----------+-----------+-----------+-----------+-----------+-----------+-----------+-----------+-----------+-------------+-------------+-------------+-------------+-------------+-------------+-------------+
|               Metric              |  f0608:0:0  | f0608:1:1 | f0608:2:2 | f0608:3:3 | f0608:4:4 | f0608:5:5 | f0608:6:6 | f0608:7:7 | f0608:8:8 | f0608:9:9 | f0608:10:10 | f0608:11:11 | f0608:12:12 | f0608:13:13 | f0608:14:14 | f0608:15:15 | f0608:16:16 |
+-----------------------------------+-------------+-----------+-----------+-----------+-----------+-----------+-----------+-----------+-----------+-----------+-------------+-------------+-------------+-------------+-------------+-------------+-------------+
|        Runtime (RDTSC) [s]        |   2761.9860 | 2762.2750 | 2761.9970 | 2762.0400 | 2762.6590 | 2761.9890 | 2762.2940 | 2761.9850 | 2762.1550 | 2761.9830 |   2762.0420 |   2761.9900 |   2761.9940 |   2762.4040 |   2762.0410 |   2761.9980 |   2762.1130 |
|        Runtime unhalted [s]       |   2751.5493 | 2752.3202 | 2753.0411 | 2752.3830 | 2753.2369 | 2752.3777 | 2752.7442 | 2752.4542 | 2752.9911 | 2752.4647 |   2752.7251 |   2752.8877 |   2752.0344 |   2752.5777 |   2752.4297 |   2752.7736 |   2752.7022 |
|            Clock [MHz]            |   2394.3171 | 2394.1353 | 2394.3126 | 2394.3108 | 2393.7159 | 2394.3133 | 2394.0681 | 2394.3098 | 2394.2108 | 2394.3178 |   2394.2936 |   2394.3139 |   2394.3164 |   2393.9857 |   2394.2585 |   2394.3073 |   2394.1998 |
|                CPI                |      0.8431 |    0.8459 |    0.8324 |    0.8457 |    0.8325 |    0.8098 |    0.8420 |    0.8344 |    0.8500 |    0.8074 |      0.8171 |      0.7185 |      0.7397 |      0.8265 |      0.8268 |      0.8451 |      0.8241 |
|             Energy [J]            | 433385.4724 |         0 |         0 |         0 |         0 |         0 |         0 |         0 |         0 |         0 |           0 |           0 |           0 |           0 |           0 |           0 |           0 |
|             Power [W]             |    156.9108 |         0 |         0 |         0 |         0 |         0 |         0 |         0 |         0 |         0 |           0 |           0 |           0 |           0 |           0 |           0 |           0 |
|          Energy DRAM [J]          |  39406.5914 |         0 |         0 |         0 |         0 |         0 |         0 |         0 |         0 |         0 |           0 |           0 |           0 |           0 |           0 |           0 |           0 |
|           Power DRAM [W]          |     14.2675 |         0 |         0 |         0 |         0 |         0 |         0 |         0 |         0 |         0 |           0 |           0 |           0 |           0 |           0 |           0 |           0 |
|            DP [MFLOP/s]           |   1613.8018 | 1617.3848 | 1613.6640 | 1617.5224 | 1613.2773 | 1617.5522 | 1613.4905 | 1617.5546 | 1613.5717 | 1617.5558 |   1613.6377 |   1617.5517 |   1613.6657 |   1617.3092 |   1613.6383 |   1617.5470 |   1613.5962 |
|          AVX DP [MFLOP/s]         |    238.1770 |  234.1109 |  238.0449 |  234.1308 |  237.9878 |  234.1352 |  238.0193 |  234.1355 |  238.0313 |  234.1357 |    238.0410 |    234.1351 |    238.0451 |    234.1000 |    238.0411 |    234.1344 |    238.0349 |
|          Packed [MUOPS/s]         |     29.7721 |   29.2639 |   29.7556 |   29.2664 |   29.7485 |   29.2669 |   29.7524 |   29.2669 |   29.7539 |   29.2670 |     29.7551 |     29.2669 |     29.7556 |     29.2625 |     29.7551 |     29.2668 |     29.7544 |
|          Scalar [MUOPS/s]         |   1375.6248 | 1383.2739 | 1375.6191 | 1383.3915 | 1375.2895 | 1383.4171 | 1375.4712 | 1383.4191 | 1375.5404 | 1383.4201 |   1375.5967 |   1383.4166 |   1375.6206 |   1383.2092 |   1375.5972 |   1383.4126 |   1375.5613 |
|  Memory read bandwidth [MBytes/s] |  35065.2206 |         0 |         0 |         0 |         0 |         0 |         0 |         0 |         0 |         0 |           0 |           0 |           0 |           0 |           0 |           0 |           0 |
|  Memory read data volume [GBytes] |  96849.6484 |         0 |         0 |         0 |         0 |         0 |         0 |         0 |         0 |         0 |           0 |           0 |           0 |           0 |           0 |           0 |           0 |
| Memory write bandwidth [MBytes/s] |  18046.2103 |         0 |         0 |         0 |         0 |         0 |         0 |         0 |         0 |         0 |           0 |           0 |           0 |           0 |           0 |           0 |           0 |
| Memory write data volume [GBytes] |  49843.3801 |         0 |         0 |         0 |         0 |         0 |         0 |         0 |         0 |         0 |           0 |           0 |           0 |           0 |           0 |           0 |           0 |
|    Memory bandwidth [MBytes/s]    |  53111.4309 |         0 |         0 |         0 |         0 |         0 |         0 |         0 |         0 |         0 |           0 |           0 |           0 |           0 |           0 |           0 |           0 |
|    Memory data volume [GBytes]    | 146693.0285 |         0 |         0 |         0 |         0 |         0 |         0 |         0 |         0 |         0 |           0 |           0 |           0 |           0 |           0 |           0 |           0 |
|       Operational intensity       |      0.0304 |         0 |         0 |         0 |         0 |         0 |         0 |         0 |         0 |         0 |           0 |           0 |           0 |           0 |           0 |           0 |           0 |
+-----------------------------------+-------------+-----------+-----------+-----------+-----------+-----------+-----------+-----------+-----------+-----------+-------------+-------------+-------------+-------------+-------------+-------------+-------------+

+----------------------------------------+-------------+-----------+-------------+------------+-----------+-----------+-----------+
|                 Metric                 |     Sum     |    Min    |     Max     |     Avg    |  %ile 25  |  %ile 50  |  %ile 75  |
+----------------------------------------+-------------+-----------+-------------+------------+-----------+-----------+-----------+
|        Runtime (RDTSC) [s] STAT        |  46955.9450 | 2761.9830 |   2762.6590 |  2762.1144 | 2761.9890 | 2762.0400 | 2762.1550 |
|        Runtime unhalted [s] STAT       |  46793.6928 | 2751.5493 |   2753.2369 |  2752.5702 | 2752.3777 | 2752.5777 | 2752.7736 |
|            Clock [MHz] STAT            |  40701.6867 | 2393.7159 |   2394.3178 |  2394.2169 | 2394.1353 | 2394.3073 | 2394.3133 |
|                CPI STAT                |     13.9410 |    0.7185 |      0.8500 |     0.8201 |    0.8098 |    0.8324 |    0.8431 |
|             Energy [J] STAT            | 433385.4724 |         0 | 433385.4724 | 25493.2631 |         0 |         0 |         0 |
|             Power [W] STAT             |    156.9108 |         0 |    156.9108 |     9.2300 |         0 |         0 |         0 |
|          Energy DRAM [J] STAT          |  39406.5914 |         0 |  39406.5914 |  2318.0348 |         0 |         0 |         0 |
|           Power DRAM [W] STAT          |     14.2675 |         0 |     14.2675 |     0.8393 |         0 |         0 |         0 |
|            DP [MFLOP/s] STAT           |  27462.3209 | 1613.2773 |   1617.5558 |  1615.4306 | 1613.5962 | 1613.8018 | 1617.5470 |
|          AVX DP [MFLOP/s] STAT         |   4015.4400 |  234.1000 |    238.1770 |   236.2024 |  234.1344 |  237.9878 |  238.0410 |
|          Packed [MUOPS/s] STAT         |    501.9300 |   29.2625 |     29.7721 |    29.5253 |   29.2668 |   29.7485 |   29.7551 |
|          Scalar [MUOPS/s] STAT         |  23446.8809 | 1375.2895 |   1383.4201 |  1379.2283 | 1375.5613 | 1375.6248 | 1383.4126 |
|  Memory read bandwidth [MBytes/s] STAT |  35065.2206 |         0 |  35065.2206 |  2062.6600 |         0 |         0 |         0 |
|  Memory read data volume [GBytes] STAT |  96849.6484 |         0 |  96849.6484 |  5697.0381 |         0 |         0 |         0 |
| Memory write bandwidth [MBytes/s] STAT |  18046.2103 |         0 |  18046.2103 |  1061.5418 |         0 |         0 |         0 |
| Memory write data volume [GBytes] STAT |  49843.3801 |         0 |  49843.3801 |  2931.9635 |         0 |         0 |         0 |
|    Memory bandwidth [MBytes/s] STAT    |  53111.4309 |         0 |  53111.4309 |  3124.2018 |         0 |         0 |         0 |
|    Memory data volume [GBytes] STAT    | 146693.0285 |         0 | 146693.0285 |  8629.0017 |         0 |         0 |         0 |
|       Operational intensity STAT       |      0.0304 |         0 |      0.0304 |     0.0018 |         0 |         0 |         0 |
+----------------------------------------+-------------+-----------+-------------+------------+-----------+-----------+-----------+

