WARN: Cannot extract OpenMP vendor from executable or commandline, assuming no OpenMP
 nx_glob, nz_glob:                  3000                  1250
 dx,dz:    8.00000000000000        8.00000000000000     
 dt:   2.666666666666666E-002
Group: 1
+------------------------------------------+---------+----------------+----------------+----------------+----------------+----------------+----------------+----------------+----------------+----------------+----------------+----------------+----------------+----------------+----------------+----------------+----------------+----------------+----------------+----------------+----------------+----------------+----------------+----------------+----------------+----------------+----------------+----------------+----------------+----------------+----------------+----------------+----------------+----------------+----------------+----------------+----------------+----------------+----------------+----------------+
|                   Event                  | Counter |    f0608:0:0   |    f0608:1:1   |    f0608:2:2   |    f0608:3:3   |    f0608:4:4   |    f0608:5:5   |    f0608:6:6   |    f0608:7:7   |    f0608:8:8   |    f0608:9:9   |   f0608:10:10  |   f0608:11:11  |   f0608:12:12  |   f0608:13:13  |   f0608:14:14  |   f0608:15:15  |   f0608:16:16  |   f0608:17:17  |   f0608:18:18  |   f0608:19:19  |   f0608:20:20  |   f0608:21:21  |   f0608:22:22  |   f0608:23:23  |   f0608:24:24  |   f0608:25:25  |   f0608:26:26  |   f0608:27:27  |   f0608:28:28  |   f0608:29:29  |   f0608:30:30  |   f0608:31:31  |   f0608:32:32  |   f0608:33:33  |   f0608:34:34  |   f0608:35:35  |   f0608:36:36  |   f0608:37:37  |   f0608:38:38  |
+------------------------------------------+---------+----------------+----------------+----------------+----------------+----------------+----------------+----------------+----------------+----------------+----------------+----------------+----------------+----------------+----------------+----------------+----------------+----------------+----------------+----------------+----------------+----------------+----------------+----------------+----------------+----------------+----------------+----------------+----------------+----------------+----------------+----------------+----------------+----------------+----------------+----------------+----------------+----------------+----------------+----------------+
|             INSTR_RETIRED_ANY            |  FIXC0  |  5920079729346 |  5986679522447 |  5896996115102 |  5849308041776 |  5873836490292 |  5876272858469 |  6097571338793 |  5934012762676 |  5918402882244 |  5970776928412 |  5874951959467 |  5849109272806 |  5971213863925 |  5865810529423 |  5918527576808 |  6008647188241 |  5894826730907 |  5915657432477 |  4522737479030 |  4185310694938 |  3814434918120 |  3779517370986 |  3893873046908 |  3546504873830 |  4052983315301 |  4807311372049 |  4126289051546 |  3702678384042 |  3499829058256 |  3564276786684 |  3570760915067 |  3622796993903 |  4364796534835 |  3618816246757 |  3514407887821 |  3616912257721 |  7276178555060 |  7381451627076 |  7370468923639 |
|           CPU_CLK_UNHALTED_CORE          |  FIXC1  |  2970578880220 |  2972515492925 |  2971972878010 |  2972205496945 |  2972177044132 |  2972136666033 |  2972044296214 |  2972820900300 |  2972698362329 |  2972525908357 |  2972265271617 |  2972905287824 |  2972358894420 |  2972414156360 |  2972743351339 |  2973105962212 |  2972856964951 |  2972936830296 |  2972172926102 |  2970796140963 |  2971436427562 |  2971944203271 |  2971007533843 |  2970827002622 |  2970201692264 |  2971646958927 |  2970651022782 |  2971347871479 |  2971801277092 |  2971040392992 |  2970942823016 |  2971382818470 |  2971509625559 |  2972032734125 |  2972181254399 |  2971676759349 |  2973187452908 |  2975866929634 |  2975523360492 |
|           CPU_CLK_UNHALTED_REF           |  FIXC2  |  2970581643840 |  2972516431680 |  2971972107456 |  2972206460928 |  2972178769728 |  2972136404544 |  2972044892448 |  2972822037216 |  2972697986304 |  2972524994880 |  2972266498560 |  2972904980544 |  2972359721184 |  2972413691712 |  2972742452928 |  2973108559968 |  2972859847584 |  2972939114592 |  2972174755104 |  2970798871872 |  2971439541120 |  2971947057312 |  2971010211552 |  2970829274016 |  2970203476608 |  2971648111104 |  2970653626656 |  2971350232608 |  2971804122144 |  2971043321472 |  2970944961120 |  2971384954656 |  2971512800832 |  2972033990112 |  2972183645952 |  2971678222464 |  2973184327872 |  2975865326688 |  2975526925056 |
|               TOPDOWN_SLOTS              |  FIXC3  | 14852894401100 | 14862577464625 | 14859864390050 | 14861027484725 | 14860885220660 | 14860683330165 | 14860221481070 | 14864104501500 | 14863491811645 | 14862629541785 | 14861326358085 | 14864526439120 | 14861794472100 | 14862070781800 | 14863716756695 | 14865529811060 | 14864284824755 | 14864684151480 | 14860864630510 | 14853980704815 | 14857182137810 | 14859721016355 | 14855037669215 | 14854135013110 | 14851008461320 | 14858234794635 | 14853255113910 | 14856739357395 | 14859006385460 | 14855201964960 | 14854714115080 | 14856914092350 | 14857548127795 | 14860163670625 | 14860906271995 | 14858383796745 | 14865937264540 | 14879334648170 | 14877616802460 |
|              PWR_PKG_ENERGY              |   PWR0  |    292100.2303 |              0 |              0 |              0 |              0 |              0 |              0 |              0 |              0 |              0 |              0 |              0 |              0 |              0 |              0 |              0 |              0 |              0 |              0 |              0 |              0 |              0 |              0 |              0 |              0 |              0 |              0 |              0 |              0 |              0 |              0 |              0 |              0 |              0 |              0 |              0 |    133209.3155 |              0 |              0 |
|              PWR_DRAM_ENERGY             |   PWR3  |     27302.3045 |              0 |              0 |              0 |              0 |              0 |              0 |              0 |              0 |              0 |              0 |              0 |              0 |              0 |              0 |              0 |              0 |              0 |              0 |              0 |              0 |              0 |              0 |              0 |              0 |              0 |              0 |              0 |              0 |              0 |              0 |              0 |              0 |              0 |              0 |              0 |     10382.4706 |              0 |              0 |
| FP_ARITH_INST_RETIRED_128B_PACKED_DOUBLE |   PMC0  |              0 |              0 |              0 |              0 |              0 |              0 |              0 |              0 |              0 |              0 |              0 |              0 |              0 |              0 |              0 |              0 |              0 |              0 |              0 |              0 |              0 |              0 |              0 |              0 |              0 |              0 |              0 |              0 |              0 |              0 |              0 |              0 |              0 |              0 |              0 |              0 |              0 |              0 |              0 |
|    FP_ARITH_INST_RETIRED_SCALAR_DOUBLE   |   PMC1  |  1668295127638 |  1668294498233 |  1668294506485 |  1668294505521 |  1668294511349 |  1668294488899 |  1646767610037 |  1668294488339 |  1668294475197 |  1668294475956 |  1668294457245 |  1668294460544 |  1668294459729 |  1668294454613 |  1668294454197 |  1668294442353 |  1668294454293 |  1668294444867 |  1668294436879 |  1646767548161 |  1668294426647 |  1668294426055 |  1668294409045 |  1668294420569 |  1668294398083 |  1668294364013 |  1668294393121 |  1668294369273 |  1668294375995 |  1668294372483 |  1668294372365 |  1668294379761 |  1646767463021 |  1668294362153 |  1668294312949 |  1668294349591 |  1668294351221 |  1668294337241 |  1668294319621 |
| FP_ARITH_INST_RETIRED_256B_PACKED_DOUBLE |   PMC2  |              0 |              0 |              0 |              0 |              0 |              0 |              0 |              0 |              0 |              0 |              0 |              0 |              0 |              0 |              0 |              0 |              0 |              0 |              0 |              0 |              0 |              0 |              0 |              0 |              0 |              0 |              0 |              0 |              0 |              0 |              0 |              0 |              0 |              0 |              0 |              0 |              0 |              0 |              0 |
| FP_ARITH_INST_RETIRED_512B_PACKED_DOUBLE |   PMC3  |    45694198263 |    45648903750 |    45648903750 |    45648903750 |    45648903750 |    45648903750 |    43539435000 |    45648903750 |    45648903750 |    45648903750 |    45648903750 |    45648903750 |    45648903750 |    45648903750 |    45648903750 |    45648903750 |    45648903750 |    45648903750 |    45648903750 |    43539435000 |    45648903750 |    45648903750 |    45648903750 |    45648903750 |    45648903750 |    45648903750 |    45648903750 |    45648903750 |    45648903750 |    45648903750 |    45648903750 |    45648903750 |    43539435000 |    45648903750 |    45648903750 |    45648903750 |    45648903750 |    45648903750 |    45648903750 |
|               CAS_COUNT_RD               | MBOX0C0 |   183518565629 |              0 |              0 |              0 |              0 |              0 |              0 |              0 |              0 |              0 |              0 |              0 |              0 |              0 |              0 |              0 |              0 |              0 |              0 |              0 |              0 |              0 |              0 |              0 |              0 |              0 |              0 |              0 |              0 |              0 |              0 |              0 |              0 |              0 |              0 |              0 |    12522995930 |              0 |              0 |
|               CAS_COUNT_WR               | MBOX0C1 |    92248693172 |              0 |              0 |              0 |              0 |              0 |              0 |              0 |              0 |              0 |              0 |              0 |              0 |              0 |              0 |              0 |              0 |              0 |              0 |              0 |              0 |              0 |              0 |              0 |              0 |              0 |              0 |              0 |              0 |              0 |              0 |              0 |              0 |              0 |              0 |              0 |     8008678042 |              0 |              0 |
|               CAS_COUNT_RD               | MBOX1C0 |   183482116167 |              0 |              0 |              0 |              0 |              0 |              0 |              0 |              0 |              0 |              0 |              0 |              0 |              0 |              0 |              0 |              0 |              0 |              0 |              0 |              0 |              0 |              0 |              0 |              0 |              0 |              0 |              0 |              0 |              0 |              0 |              0 |              0 |              0 |              0 |              0 |    12519736095 |              0 |              0 |
|               CAS_COUNT_WR               | MBOX1C1 |    92251005509 |              0 |              0 |              0 |              0 |              0 |              0 |              0 |              0 |              0 |              0 |              0 |              0 |              0 |              0 |              0 |              0 |              0 |              0 |              0 |              0 |              0 |              0 |              0 |              0 |              0 |              0 |              0 |              0 |              0 |              0 |              0 |              0 |              0 |              0 |              0 |     8003303902 |              0 |              0 |
|               CAS_COUNT_RD               | MBOX2C0 |   183512737212 |              0 |              0 |              0 |              0 |              0 |              0 |              0 |              0 |              0 |              0 |              0 |              0 |              0 |              0 |              0 |              0 |              0 |              0 |              0 |              0 |              0 |              0 |              0 |              0 |              0 |              0 |              0 |              0 |              0 |              0 |              0 |              0 |              0 |              0 |              0 |    12524584314 |              0 |              0 |
|               CAS_COUNT_WR               | MBOX2C1 |    92264486894 |              0 |              0 |              0 |              0 |              0 |              0 |              0 |              0 |              0 |              0 |              0 |              0 |              0 |              0 |              0 |              0 |              0 |              0 |              0 |              0 |              0 |              0 |              0 |              0 |              0 |              0 |              0 |              0 |              0 |              0 |              0 |              0 |              0 |              0 |              0 |     8015987581 |              0 |              0 |
|               CAS_COUNT_RD               | MBOX3C0 |   183529266535 |              0 |              0 |              0 |              0 |              0 |              0 |              0 |              0 |              0 |              0 |              0 |              0 |              0 |              0 |              0 |              0 |              0 |              0 |              0 |              0 |              0 |              0 |              0 |              0 |              0 |              0 |              0 |              0 |              0 |              0 |              0 |              0 |              0 |              0 |              0 |    12511847354 |              0 |              0 |
|               CAS_COUNT_WR               | MBOX3C1 |    92256317630 |              0 |              0 |              0 |              0 |              0 |              0 |              0 |              0 |              0 |              0 |              0 |              0 |              0 |              0 |              0 |              0 |              0 |              0 |              0 |              0 |              0 |              0 |              0 |              0 |              0 |              0 |              0 |              0 |              0 |              0 |              0 |              0 |              0 |              0 |              0 |     8008864777 |              0 |              0 |
|               CAS_COUNT_RD               | MBOX4C0 |   182119816860 |              0 |              0 |              0 |              0 |              0 |              0 |              0 |              0 |              0 |              0 |              0 |              0 |              0 |              0 |              0 |              0 |              0 |              0 |              0 |              0 |              0 |              0 |              0 |              0 |              0 |              0 |              0 |              0 |              0 |              0 |              0 |              0 |              0 |              0 |              0 |       74832244 |              0 |              0 |
|               CAS_COUNT_WR               | MBOX4C1 |    92051033556 |              0 |              0 |              0 |              0 |              0 |              0 |              0 |              0 |              0 |              0 |              0 |              0 |              0 |              0 |              0 |              0 |              0 |              0 |              0 |              0 |              0 |              0 |              0 |              0 |              0 |              0 |              0 |              0 |              0 |              0 |              0 |              0 |              0 |              0 |              0 |       64872784 |              0 |              0 |
|               CAS_COUNT_RD               | MBOX5C0 |   182117680872 |              0 |              0 |              0 |              0 |              0 |              0 |              0 |              0 |              0 |              0 |              0 |              0 |              0 |              0 |              0 |              0 |              0 |              0 |              0 |              0 |              0 |              0 |              0 |              0 |              0 |              0 |              0 |              0 |              0 |              0 |              0 |              0 |              0 |              0 |              0 |       61353966 |              0 |              0 |
|               CAS_COUNT_WR               | MBOX5C1 |    92043630842 |              0 |              0 |              0 |              0 |              0 |              0 |              0 |              0 |              0 |              0 |              0 |              0 |              0 |              0 |              0 |              0 |              0 |              0 |              0 |              0 |              0 |              0 |              0 |              0 |              0 |              0 |              0 |              0 |              0 |              0 |              0 |              0 |              0 |              0 |              0 |       41066446 |              0 |              0 |
|               CAS_COUNT_RD               | MBOX6C0 |   182142518198 |              0 |              0 |              0 |              0 |              0 |              0 |              0 |              0 |              0 |              0 |              0 |              0 |              0 |              0 |              0 |              0 |              0 |              0 |              0 |              0 |              0 |              0 |              0 |              0 |              0 |              0 |              0 |              0 |              0 |              0 |              0 |              0 |              0 |              0 |              0 |       61305083 |              0 |              0 |
|               CAS_COUNT_WR               | MBOX6C1 |    92044441249 |              0 |              0 |              0 |              0 |              0 |              0 |              0 |              0 |              0 |              0 |              0 |              0 |              0 |              0 |              0 |              0 |              0 |              0 |              0 |              0 |              0 |              0 |              0 |              0 |              0 |              0 |              0 |              0 |              0 |              0 |              0 |              0 |              0 |              0 |              0 |       47784551 |              0 |              0 |
|               CAS_COUNT_RD               | MBOX7C0 |   182110247071 |              0 |              0 |              0 |              0 |              0 |              0 |              0 |              0 |              0 |              0 |              0 |              0 |              0 |              0 |              0 |              0 |              0 |              0 |              0 |              0 |              0 |              0 |              0 |              0 |              0 |              0 |              0 |              0 |              0 |              0 |              0 |              0 |              0 |              0 |              0 |       68137251 |              0 |              0 |
|               CAS_COUNT_WR               | MBOX7C1 |    92043835676 |              0 |              0 |              0 |              0 |              0 |              0 |              0 |              0 |              0 |              0 |              0 |              0 |              0 |              0 |              0 |              0 |              0 |              0 |              0 |              0 |              0 |              0 |              0 |              0 |              0 |              0 |              0 |              0 |              0 |              0 |              0 |              0 |              0 |              0 |              0 |       50237254 |              0 |              0 |
+------------------------------------------+---------+----------------+----------------+----------------+----------------+----------------+----------------+----------------+----------------+----------------+----------------+----------------+----------------+----------------+----------------+----------------+----------------+----------------+----------------+----------------+----------------+----------------+----------------+----------------+----------------+----------------+----------------+----------------+----------------+----------------+----------------+----------------+----------------+----------------+----------------+----------------+----------------+----------------+----------------+----------------+

+-----------------------------------------------+---------+-----------------+----------------+----------------+--------------+
|                     Event                     | Counter |       Sum       |       Min      |       Max      |      Avg     |
+-----------------------------------------------+---------+-----------------+----------------+----------------+--------------+
|             INSTR_RETIRED_ANY STAT            |  FIXC0  | 198455017517180 |  3499829058256 |  7381451627076 | 5.088590e+12 |
|           CPU_CLK_UNHALTED_CORE STAT          |  FIXC1  | 115912439852335 |  2970201692264 |  2975866929634 | 2.972114e+12 |
|           CPU_CLK_UNHALTED_REF STAT           |  FIXC2  | 115912494352416 |  2970203476608 |  2975865326688 | 2.972115e+12 |
|               TOPDOWN_SLOTS STAT              |  FIXC3  | 579562199261675 | 14851008461320 | 14879334648170 |      nil     |
|              PWR_PKG_ENERGY STAT              |   PWR0  |     425309.5458 |              0 |    292100.2303 |   10905.3730 |
|              PWR_DRAM_ENERGY STAT             |   PWR3  |      37684.7751 |              0 |     27302.3045 |     966.2763 |
| FP_ARITH_INST_RETIRED_128B_PACKED_DOUBLE STAT |   PMC0  |               0 |              0 |              0 |            0 |
|    FP_ARITH_INST_RETIRED_SCALAR_DOUBLE STAT   |   PMC1  |  64998902503742 |  1646767463021 |  1668295127638 |      nil     |
| FP_ARITH_INST_RETIRED_256B_PACKED_DOUBLE STAT |   PMC2  |               0 |              0 |              0 |            0 |
| FP_ARITH_INST_RETIRED_512B_PACKED_DOUBLE STAT |   PMC3  |   1774024134513 |    43539435000 |    45694198263 | 4.548780e+10 |
|               CAS_COUNT_RD STAT               | MBOX0C0 |    196041561559 |              0 |   183518565629 | 5.026707e+09 |
|               CAS_COUNT_WR STAT               | MBOX0C1 |    100257371214 |              0 |    92248693172 |   2570701826 |
|               CAS_COUNT_RD STAT               | MBOX1C0 |    196001852262 |              0 |   183482116167 | 5.025689e+09 |
|               CAS_COUNT_WR STAT               | MBOX1C1 |    100254309411 |              0 |    92251005509 | 2.570623e+09 |
|               CAS_COUNT_RD STAT               | MBOX2C0 |    196037321526 |              0 |   183512737212 | 5.026598e+09 |
|               CAS_COUNT_WR STAT               | MBOX2C1 |    100280474475 |              0 |    92264486894 | 2.571294e+09 |
|               CAS_COUNT_RD STAT               | MBOX3C0 |    196041113889 |              0 |   183529266535 | 5.026695e+09 |
|               CAS_COUNT_WR STAT               | MBOX3C1 |    100265182407 |              0 |    92256317630 |   2570902113 |
|               CAS_COUNT_RD STAT               | MBOX4C0 |    182194649104 |              0 |   182119816860 | 4.671658e+09 |
|               CAS_COUNT_WR STAT               | MBOX4C1 |     92115906340 |              0 |    92051033556 | 2.361946e+09 |
|               CAS_COUNT_RD STAT               | MBOX5C0 |    182179034838 |              0 |   182117680872 | 4.671257e+09 |
|               CAS_COUNT_WR STAT               | MBOX5C1 |     92084697288 |              0 |    92043630842 | 2.361146e+09 |
|               CAS_COUNT_RD STAT               | MBOX6C0 |    182203823281 |              0 |   182142518198 | 4.671893e+09 |
|               CAS_COUNT_WR STAT               | MBOX6C1 |     92092225800 |              0 |    92044441249 | 2.361339e+09 |
|               CAS_COUNT_RD STAT               | MBOX7C0 |    182178384322 |              0 |   182110247071 | 4.671241e+09 |
|               CAS_COUNT_WR STAT               | MBOX7C1 |     92094072930 |              0 |    92043835676 | 2.361386e+09 |
+-----------------------------------------------+---------+-----------------+----------------+----------------+--------------+

+-----------------------------------+-------------+-----------+-----------+-----------+-----------+-----------+-----------+-----------+-----------+-----------+-------------+-------------+-------------+-------------+-------------+-------------+-------------+-------------+-------------+-------------+-------------+-------------+-------------+-------------+-------------+-------------+-------------+-------------+-------------+-------------+-------------+-------------+-------------+-------------+-------------+-------------+-------------+-------------+-------------+
|               Metric              |  f0608:0:0  | f0608:1:1 | f0608:2:2 | f0608:3:3 | f0608:4:4 | f0608:5:5 | f0608:6:6 | f0608:7:7 | f0608:8:8 | f0608:9:9 | f0608:10:10 | f0608:11:11 | f0608:12:12 | f0608:13:13 | f0608:14:14 | f0608:15:15 | f0608:16:16 | f0608:17:17 | f0608:18:18 | f0608:19:19 | f0608:20:20 | f0608:21:21 | f0608:22:22 | f0608:23:23 | f0608:24:24 | f0608:25:25 | f0608:26:26 | f0608:27:27 | f0608:28:28 | f0608:29:29 | f0608:30:30 | f0608:31:31 | f0608:32:32 | f0608:33:33 | f0608:34:34 | f0608:35:35 | f0608:36:36 | f0608:37:37 | f0608:38:38 |
+-----------------------------------+-------------+-----------+-----------+-----------+-----------+-----------+-----------+-----------+-----------+-----------+-------------+-------------+-------------+-------------+-------------+-------------+-------------+-------------+-------------+-------------+-------------+-------------+-------------+-------------+-------------+-------------+-------------+-------------+-------------+-------------+-------------+-------------+-------------+-------------+-------------+-------------+-------------+-------------+-------------+
|        Runtime (RDTSC) [s]        |   1247.0290 | 1247.2310 | 1247.1190 | 1247.1980 | 1247.1750 | 1247.0730 | 1247.0430 | 1247.2540 | 1247.1820 | 1247.0280 |   1247.0600 |   1247.0460 |   1247.2000 |   1247.3070 |   1247.0820 |   1247.5040 |   1247.0980 |   1247.0400 |   1247.0290 |   1247.0350 |   1247.3100 |   1247.2250 |   1247.2410 |   1247.0240 |   1247.0740 |   1247.0930 |   1247.1570 |   1247.2830 |   1247.2930 |   1247.0280 |   1247.2410 |   1247.0440 |   1247.0560 |   1247.0230 |   1247.0430 |   1247.0370 |   1247.0220 |   1247.2950 |   1247.1900 |
|        Runtime unhalted [s]       |   1240.6814 | 1241.4901 | 1241.2627 | 1241.3672 | 1241.4196 | 1241.3324 | 1241.2942 | 1241.6165 | 1241.5696 | 1241.4957 |   1241.3871 |   1241.6526 |   1241.5739 |   1241.4625 |   1241.5883 |   1241.9392 |   1241.6326 |   1241.6655 |   1241.3481 |   1240.7716 |   1241.0863 |   1241.4483 |   1240.8796 |   1240.7852 |   1240.5225 |   1241.1271 |   1240.7959 |   1241.0625 |   1241.2542 |   1240.8735 |   1240.9833 |   1241.0324 |   1241.0785 |   1241.2878 |   1241.3513 |   1241.1414 |   1241.7760 |   1243.1627 |   1242.9055 |
|            Clock [MHz]            |   2394.3101 | 2394.3119 | 2394.3148 | 2394.2992 | 2394.1747 | 2394.3120 | 2394.3105 | 2394.3140 | 2394.3070 | 2394.3109 |   2394.3088 |   2394.3135 |   2394.0242 |   2394.2846 |   2394.3076 |   2393.9201 |   2394.3107 |   2394.3120 |   2394.3092 |   2394.3112 |   2394.2198 |   2393.9308 |   2394.2732 |   2394.3103 |   2394.3136 |   2394.3123 |   2394.1475 |   2394.1949 |   2394.1901 |   2394.3113 |   2394.0215 |   2394.2812 |   2394.2937 |   2394.3131 |   2394.3092 |   2394.3085 |   2394.3050 |   2393.7884 |   2394.0032 |
|                CPI                |      0.5018 |    0.4965 |    0.5040 |    0.5081 |    0.5060 |    0.5058 |    0.4874 |    0.5010 |    0.5023 |    0.4978 |      0.5059 |      0.5083 |      0.4978 |      0.5067 |      0.5023 |      0.4948 |      0.5043 |      0.5026 |      0.6572 |      0.7098 |      0.7790 |      0.7863 |      0.7630 |      0.8377 |      0.7328 |      0.6182 |      0.7199 |      0.8025 |      0.8491 |      0.8336 |      0.8320 |      0.8202 |      0.6808 |      0.8213 |      0.8457 |      0.8216 |      0.4086 |      0.4032 |      0.4037 |
|             Energy [J]            | 292100.2303 |         0 |         0 |         0 |         0 |         0 |         0 |         0 |         0 |         0 |           0 |           0 |           0 |           0 |           0 |           0 |           0 |           0 |           0 |           0 |           0 |           0 |           0 |           0 |           0 |           0 |           0 |           0 |           0 |           0 |           0 |           0 |           0 |           0 |           0 |           0 | 133209.3155 |           0 |           0 |
|             Power [W]             |    234.2369 |         0 |         0 |         0 |         0 |         0 |         0 |         0 |         0 |         0 |           0 |           0 |           0 |           0 |           0 |           0 |           0 |           0 |           0 |           0 |           0 |           0 |           0 |           0 |           0 |           0 |           0 |           0 |           0 |           0 |           0 |           0 |           0 |           0 |           0 |           0 |    106.8219 |           0 |           0 |
|          Energy DRAM [J]          |  27302.3045 |         0 |         0 |         0 |         0 |         0 |         0 |         0 |         0 |         0 |           0 |           0 |           0 |           0 |           0 |           0 |           0 |           0 |           0 |           0 |           0 |           0 |           0 |           0 |           0 |           0 |           0 |           0 |           0 |           0 |           0 |           0 |           0 |           0 |           0 |           0 |  10382.4706 |           0 |           0 |
|           Power DRAM [W]          |     21.8939 |         0 |         0 |         0 |         0 |         0 |         0 |         0 |         0 |         0 |           0 |           0 |           0 |           0 |           0 |           0 |           0 |           0 |           0 |           0 |           0 |           0 |           0 |           0 |           0 |           0 |           0 |           0 |           0 |           0 |           0 |           0 |           0 |           0 |           0 |           0 |      8.3258 |           0 |           0 |
|            DP [MFLOP/s]           |   1630.9554 | 1630.4002 | 1630.5467 | 1630.4434 | 1630.4735 | 1630.6068 | 1599.8511 | 1630.3702 | 1630.4643 | 1630.6656 |   1630.6238 |   1630.6421 |   1630.4407 |   1630.3009 |   1630.5950 |   1630.0434 |   1630.5741 |   1630.6499 |   1630.6643 |   1599.8613 |   1630.2969 |   1630.4080 |   1630.3871 |   1630.6708 |   1630.6054 |   1630.5806 |   1630.4969 |   1630.3322 |   1630.3191 |   1630.6656 |   1630.3871 |   1630.6446 |   1599.8343 |   1630.6721 |   1630.6459 |   1630.6538 |   1630.6734 |   1630.3165 |   1630.4537 |
|          AVX DP [MFLOP/s]         |    293.1396 |  292.8016 |  292.8279 |  292.8093 |  292.8147 |  292.8387 |  279.3131 |  292.7962 |  292.8131 |  292.8493 |    292.8417 |    292.8450 |    292.8089 |    292.7838 |    292.8366 |    292.7375 |    292.8328 |    292.8464 |    292.8490 |    279.3149 |    292.7831 |    292.8030 |    292.7993 |    292.8502 |    292.8385 |    292.8340 |    292.8190 |    292.7894 |    292.7870 |    292.8493 |    292.7993 |    292.8455 |    279.3102 |    292.8504 |    292.8457 |    292.8471 |    292.8507 |    292.7866 |    292.8112 |
|          Packed [MUOPS/s]         |     36.6425 |   36.6002 |   36.6035 |   36.6012 |   36.6018 |   36.6048 |   34.9141 |   36.5995 |   36.6016 |   36.6062 |     36.6052 |     36.6056 |     36.6011 |     36.5980 |     36.6046 |     36.5922 |     36.6041 |     36.6058 |     36.6061 |     34.9144 |     36.5979 |     36.6004 |     36.5999 |     36.6063 |     36.6048 |     36.6042 |     36.6024 |     36.5987 |     36.5984 |     36.6062 |     36.5999 |     36.6057 |     34.9138 |     36.6063 |     36.6057 |     36.6059 |     36.6063 |     36.5983 |     36.6014 |
|          Scalar [MUOPS/s]         |   1337.8158 | 1337.5986 | 1337.7188 | 1337.6340 | 1337.6587 | 1337.7681 | 1320.5380 | 1337.5740 | 1337.6512 | 1337.8164 |   1337.7820 |   1337.7971 |   1337.6319 |   1337.5171 |   1337.7584 |   1337.3059 |   1337.7413 |   1337.8035 |   1337.8153 |   1320.5464 |   1337.5139 |   1337.6050 |   1337.5879 |   1337.8206 |   1337.7670 |   1337.7466 |   1337.6779 |   1337.5428 |   1337.5321 |   1337.8163 |   1337.5878 |   1337.7991 |   1320.5241 |   1337.8216 |   1337.8002 |   1337.8066 |   1337.8227 |   1337.5299 |   1337.6425 |
|  Memory read bandwidth [MBytes/s] |  75060.0898 |         0 |         0 |         0 |         0 |         0 |         0 |         0 |         0 |         0 |           0 |           0 |           0 |           0 |           0 |           0 |           0 |           0 |           0 |           0 |           0 |           0 |           0 |           0 |           0 |           0 |           0 |           0 |           0 |           0 |           0 |           0 |           0 |           0 |           0 |           0 |   2583.8090 |           0 |           0 |
|  Memory read data volume [GBytes] |  93602.1087 |         0 |         0 |         0 |         0 |         0 |         0 |         0 |         0 |         0 |           0 |           0 |           0 |           0 |           0 |           0 |           0 |           0 |           0 |           0 |           0 |           0 |           0 |           0 |           0 |           0 |           0 |           0 |           0 |           0 |           0 |           0 |           0 |           0 |           0 |           0 |   3222.0667 |           0 |           0 |
| Memory write bandwidth [MBytes/s] |  37834.7420 |         0 |         0 |         0 |         0 |         0 |         0 |         0 |         0 |         0 |           0 |           0 |           0 |           0 |           0 |           0 |           0 |           0 |           0 |           0 |           0 |           0 |           0 |           0 |           0 |           0 |           0 |           0 |           0 |           0 |           0 |           0 |           0 |           0 |           0 |           0 |   1654.6708 |           0 |           0 |
| Memory write data volume [GBytes] |  47181.0204 |         0 |         0 |         0 |         0 |         0 |         0 |         0 |         0 |         0 |           0 |           0 |           0 |           0 |           0 |           0 |           0 |           0 |           0 |           0 |           0 |           0 |           0 |           0 |           0 |           0 |           0 |           0 |           0 |           0 |           0 |           0 |           0 |           0 |           0 |           0 |   2063.4109 |           0 |           0 |
|    Memory bandwidth [MBytes/s]    | 112894.8318 |         0 |         0 |         0 |         0 |         0 |         0 |         0 |         0 |         0 |           0 |           0 |           0 |           0 |           0 |           0 |           0 |           0 |           0 |           0 |           0 |           0 |           0 |           0 |           0 |           0 |           0 |           0 |           0 |           0 |           0 |           0 |           0 |           0 |           0 |           0 |   4238.4798 |           0 |           0 |
|    Memory data volume [GBytes]    | 140783.1292 |         0 |         0 |         0 |         0 |         0 |         0 |         0 |         0 |         0 |           0 |           0 |           0 |           0 |           0 |           0 |           0 |           0 |           0 |           0 |           0 |           0 |           0 |           0 |           0 |           0 |           0 |           0 |           0 |           0 |           0 |           0 |           0 |           0 |           0 |           0 |   5285.4776 |           0 |           0 |
|       Operational intensity       |      0.0144 |         0 |         0 |         0 |         0 |         0 |         0 |         0 |         0 |         0 |           0 |           0 |           0 |           0 |           0 |           0 |           0 |           0 |           0 |           0 |           0 |           0 |           0 |           0 |           0 |           0 |           0 |           0 |           0 |           0 |           0 |           0 |           0 |           0 |           0 |           0 |      0.3847 |           0 |           0 |
+-----------------------------------+-------------+-----------+-----------+-----------+-----------+-----------+-----------+-----------+-----------+-----------+-------------+-------------+-------------+-------------+-------------+-------------+-------------+-------------+-------------+-------------+-------------+-------------+-------------+-------------+-------------+-------------+-------------+-------------+-------------+-------------+-------------+-------------+-------------+-------------+-------------+-------------+-------------+-------------+-------------+

+----------------------------------------+-------------+-----------+-------------+------------+-----------+-----------+-----------+
|                 Metric                 |     Sum     |    Min    |     Max     |     Avg    |  %ile 25  |  %ile 50  |  %ile 75  |
+----------------------------------------+-------------+-----------+-------------+------------+-----------+-----------+-----------+
|        Runtime (RDTSC) [s] STAT        |  48638.4120 | 1247.0220 |   1247.5040 |  1247.1388 | 1247.0400 | 1247.0930 | 1247.2250 |
|        Runtime unhalted [s] STAT       |  48413.1048 | 1240.5225 |   1243.1627 |  1241.3617 | 1241.0625 | 1241.3481 | 1241.5696 |
|            Clock [MHz] STAT            |  93375.1946 | 2393.7884 |   2394.3148 |  2394.2358 | 2394.1949 | 2394.3085 | 2394.3112 |
|                CPI STAT                |     24.1596 |    0.4032 |      0.8491 |     0.6195 |    0.5018 |    0.5081 |    0.7790 |
|             Energy [J] STAT            | 425309.5458 |         0 | 292100.2303 | 10905.3730 |         0 |         0 |         0 |
|             Power [W] STAT             |    341.0588 |         0 |    234.2369 |     8.7451 |         0 |         0 |         0 |
|          Energy DRAM [J] STAT          |  37684.7751 |         0 |  27302.3045 |   966.2763 |         0 |         0 |         0 |
|           Power DRAM [W] STAT          |     30.2197 |         0 |     21.8939 |     0.7749 |         0 |         0 |         0 |
|            DP [MFLOP/s] STAT           |  63498.2167 | 1599.8343 |   1630.9554 |  1628.1594 | 1630.3702 | 1630.4969 | 1630.6446 |
|          AVX DP [MFLOP/s] STAT         |  11379.7996 |  279.3102 |    293.1396 |   291.7897 |  292.7962 |  292.8190 |  292.8455 |
|          Packed [MUOPS/s] STAT         |   1422.4750 |   34.9138 |     36.6425 |    36.4737 |   36.5995 |   36.6024 |   36.6057 |
|          Scalar [MUOPS/s] STAT         |  52118.4171 | 1320.5241 |   1337.8227 |  1336.3697 | 1337.5740 | 1337.6779 | 1337.7991 |
|  Memory read bandwidth [MBytes/s] STAT |  77643.8988 |         0 |  75060.0898 |  1990.8692 |         0 |         0 |         0 |
|  Memory read data volume [GBytes] STAT |  96824.1754 |         0 |  93602.1087 |  2482.6712 |         0 |         0 |         0 |
| Memory write bandwidth [MBytes/s] STAT |  39489.4128 |         0 |  37834.7420 |  1012.5490 |         0 |         0 |         0 |
| Memory write data volume [GBytes] STAT |  49244.4313 |         0 |  47181.0204 |  1262.6777 |         0 |         0 |         0 |
|    Memory bandwidth [MBytes/s] STAT    | 117133.3116 |         0 | 112894.8318 |  3003.4182 |         0 |         0 |         0 |
|    Memory data volume [GBytes] STAT    | 146068.6068 |         0 | 140783.1292 |  3745.3489 |         0 |         0 |         0 |
|       Operational intensity STAT       |      0.3991 |         0 |      0.3847 |     0.0102 |         0 |         0 |         0 |
+----------------------------------------+-------------+-----------+-------------+------------+-----------+-----------+-----------+

