WARN: Cannot extract OpenMP vendor from executable or commandline, assuming no OpenMP
 nx_glob, nz_glob:                  3000                  1250
 dx,dz:    8.00000000000000        8.00000000000000     
 dt:   2.666666666666666E-002
Group: 1
+------------------------------------------+---------+----------------+----------------+----------------+----------------+----------------+----------------+----------------+----------------+----------------+----------------+----------------+----------------+----------------+----------------+----------------+----------------+----------------+----------------+----------------+----------------+----------------+----------------+----------------+----------------+----------------+----------------+----------------+----------------+----------------+----------------+----------------+----------------+----------------+----------------+----------------+
|                   Event                  | Counter |    f0608:0:0   |    f0608:1:1   |    f0608:2:2   |    f0608:3:3   |    f0608:4:4   |    f0608:5:5   |    f0608:6:6   |    f0608:7:7   |    f0608:8:8   |    f0608:9:9   |   f0608:10:10  |   f0608:11:11  |   f0608:12:12  |   f0608:13:13  |   f0608:14:14  |   f0608:15:15  |   f0608:16:16  |   f0608:17:17  |   f0608:18:18  |   f0608:19:19  |   f0608:20:20  |   f0608:21:21  |   f0608:22:22  |   f0608:23:23  |   f0608:24:24  |   f0608:25:25  |   f0608:26:26  |   f0608:27:27  |   f0608:28:28  |   f0608:29:29  |   f0608:30:30  |   f0608:31:31  |   f0608:32:32  |   f0608:33:33  |   f0608:34:34  |
+------------------------------------------+---------+----------------+----------------+----------------+----------------+----------------+----------------+----------------+----------------+----------------+----------------+----------------+----------------+----------------+----------------+----------------+----------------+----------------+----------------+----------------+----------------+----------------+----------------+----------------+----------------+----------------+----------------+----------------+----------------+----------------+----------------+----------------+----------------+----------------+----------------+----------------+
|             INSTR_RETIRED_ANY            |  FIXC0  |  5182530879771 |  4893256280718 |  4406825442995 |  4260910710914 |  4082380956458 |  4286089906834 |  3875018280526 |  3969619043492 |  3885526559211 |  3873821588209 |  3908555630718 |  3883781556920 |  3943708760916 |  3957412114935 |  3882513514891 |  4029433156527 |  4207736352613 |  4505394433082 |  6721306265175 |  6817462389910 |  6737314126227 |  6495796051383 |  6651948335973 |  6679954857562 |  6734151497432 |  6738409858600 |  6735604893143 |  6720827556414 |  6757486214443 |  6760788044087 |  6663842198388 |  6627646190752 |  6685493344879 |  6720183498232 |  6606105279210 |
|           CPU_CLK_UNHALTED_CORE          |  FIXC1  |  3317644713237 |  3319802451093 |  3319383898615 |  3318677006357 |  3318641483112 |  3318774129083 |  3317968119080 |  3318987644140 |  3318651815701 |  3319368200180 |  3319870155811 |  3319557890535 |  3319042135497 |  3318743981605 |  3319497456979 |  3319780075908 |  3319875269861 |  3319221750913 |  3321428642714 |  3320025255573 |  3320527324301 |  3319436269640 |  3320180807174 |  3320745848427 |  3320318282606 |  3320463370237 |  3320182745096 |  3320237421558 |  3320687002955 |  3320833074452 |  3320748261416 |  3320640586808 |  3320970814829 |  3320654589050 |  3320950591035 |
|           CPU_CLK_UNHALTED_REF           |  FIXC2  |  3317648910336 |  3319802706048 |  3319384419456 |  3318678824544 |  3318643532160 |  3318777016416 |  3317969782272 |  3318989925312 |  3318651630240 |  3319370186112 |  3319870797792 |  3319559824224 |  3319044635904 |  3318743736480 |  3319498755168 |  3319783312032 |  3319879213728 |  3319224986688 |  3321429678336 |  3320026315680 |  3320528710560 |  3319437100032 |  3320181707136 |  3320746999488 |  3320317124928 |  3320464585344 |  3320183317920 |  3320236213344 |  3320687843520 |  3320835191424 |  3320748002976 |  3320639834592 |  3320971376160 |  3320656578048 |  3320950300800 |
|               TOPDOWN_SLOTS              |  FIXC3  | 16588223566185 | 16599012255465 | 16596919493075 | 16593385031785 | 16593207415560 | 16593870645415 | 16589840595400 | 16594938220700 | 16593259078505 | 16596841000900 | 16599350779055 | 16597789452675 | 16595210677485 | 16593719908025 | 16597487284895 | 16598900379540 | 16599376349305 | 16596108754565 | 16607143213570 | 16600126277865 | 16602636621505 | 16597181348200 | 16600904035870 | 16603729242135 | 16601591413030 | 16602316851185 | 16600913725480 | 16601187107790 | 16603435014775 | 16604165372260 | 16603741307080 | 16603202934040 | 16604854074145 | 16603272945250 | 16604752955175 |
|              PWR_PKG_ENERGY              |   PWR0  |    319542.4588 |              0 |              0 |              0 |              0 |              0 |              0 |              0 |              0 |              0 |              0 |              0 |              0 |              0 |              0 |              0 |              0 |              0 |              0 |              0 |              0 |              0 |              0 |              0 |              0 |              0 |              0 |              0 |              0 |              0 |              0 |              0 |              0 |              0 |              0 |
|              PWR_DRAM_ENERGY             |   PWR3  |     29906.3269 |              0 |              0 |              0 |              0 |              0 |              0 |              0 |              0 |              0 |              0 |              0 |              0 |              0 |              0 |              0 |              0 |              0 |              0 |              0 |              0 |              0 |              0 |              0 |              0 |              0 |              0 |              0 |              0 |              0 |              0 |              0 |              0 |              0 |              0 |
| FP_ARITH_INST_RETIRED_128B_PACKED_DOUBLE |   PMC0  |              0 |              0 |              0 |              0 |              0 |              0 |              0 |              0 |              0 |              0 |              0 |              0 |              0 |              0 |              0 |              0 |              0 |              0 |              0 |              0 |              0 |              0 |              0 |              0 |              0 |              0 |              0 |              0 |              0 |              0 |              0 |              0 |              0 |              0 |              0 |
|    FP_ARITH_INST_RETIRED_SCALAR_DOUBLE   |   PMC1  |  1862037032680 |  1840509509746 |  1862036424508 |  1862036413390 |  1862036381736 |  1840509519224 |  1862036392740 |  1862036385534 |  1840509486146 |  1862036359868 |  1862036368512 |  1862036401328 |  1840509500576 |  1862036388866 |  1862036395689 |  1840509497756 |  1862036365408 |  1862036370562 |  1862036356910 |  1840509470102 |  1862036328788 |  1862036345816 |  1840509445072 |  1862036339946 |  1862036308988 |  1862036336748 |  1840509437860 |  1862036310620 |  1862036314726 |  1840509437388 |  1862036306438 |  1862036312762 |  1862036299632 |  1840509383672 |  1862036308040 |
| FP_ARITH_INST_RETIRED_256B_PACKED_DOUBLE |   PMC2  |              0 |              0 |              0 |              0 |              0 |              0 |              0 |              0 |              0 |              0 |              0 |              0 |              0 |              0 |              0 |              0 |              0 |              0 |              0 |              0 |              0 |              0 |              0 |              0 |              0 |              0 |              0 |              0 |              0 |              0 |              0 |              0 |              0 |              0 |              0 |
| FP_ARITH_INST_RETIRED_512B_PACKED_DOUBLE |   PMC3  |    46537985763 |    47842751250 |    46492691250 |    46492691250 |    46492691250 |    47842751250 |    46492691250 |    46492691250 |    47842751250 |    46492691250 |    46492691250 |    46492691250 |    47842751250 |    46492691250 |    46492691250 |    47842751250 |    46492691250 |    46492691250 |    46492691250 |    47842751250 |    46492691250 |    46492691250 |    47842751250 |    46492691250 |    46492691250 |    46492691250 |    47842751250 |    46492691250 |    46492691250 |    47842751250 |    46492691250 |    46492691250 |    46492691250 |    47842751250 |    46492691250 |
|               CAS_COUNT_RD               | MBOX0C0 |   201720829464 |              0 |              0 |              0 |              0 |              0 |              0 |              0 |              0 |              0 |              0 |              0 |              0 |              0 |              0 |              0 |              0 |              0 |              0 |              0 |              0 |              0 |              0 |              0 |              0 |              0 |              0 |              0 |              0 |              0 |              0 |              0 |              0 |              0 |              0 |
|               CAS_COUNT_WR               | MBOX0C1 |   102222992420 |              0 |              0 |              0 |              0 |              0 |              0 |              0 |              0 |              0 |              0 |              0 |              0 |              0 |              0 |              0 |              0 |              0 |              0 |              0 |              0 |              0 |              0 |              0 |              0 |              0 |              0 |              0 |              0 |              0 |              0 |              0 |              0 |              0 |              0 |
|               CAS_COUNT_RD               | MBOX1C0 |   201683610707 |              0 |              0 |              0 |              0 |              0 |              0 |              0 |              0 |              0 |              0 |              0 |              0 |              0 |              0 |              0 |              0 |              0 |              0 |              0 |              0 |              0 |              0 |              0 |              0 |              0 |              0 |              0 |              0 |              0 |              0 |              0 |              0 |              0 |              0 |
|               CAS_COUNT_WR               | MBOX1C1 |   102228030182 |              0 |              0 |              0 |              0 |              0 |              0 |              0 |              0 |              0 |              0 |              0 |              0 |              0 |              0 |              0 |              0 |              0 |              0 |              0 |              0 |              0 |              0 |              0 |              0 |              0 |              0 |              0 |              0 |              0 |              0 |              0 |              0 |              0 |              0 |
|               CAS_COUNT_RD               | MBOX2C0 |   201694774478 |              0 |              0 |              0 |              0 |              0 |              0 |              0 |              0 |              0 |              0 |              0 |              0 |              0 |              0 |              0 |              0 |              0 |              0 |              0 |              0 |              0 |              0 |              0 |              0 |              0 |              0 |              0 |              0 |              0 |              0 |              0 |              0 |              0 |              0 |
|               CAS_COUNT_WR               | MBOX2C1 |   102224318164 |              0 |              0 |              0 |              0 |              0 |              0 |              0 |              0 |              0 |              0 |              0 |              0 |              0 |              0 |              0 |              0 |              0 |              0 |              0 |              0 |              0 |              0 |              0 |              0 |              0 |              0 |              0 |              0 |              0 |              0 |              0 |              0 |              0 |              0 |
|               CAS_COUNT_RD               | MBOX3C0 |   201738165657 |              0 |              0 |              0 |              0 |              0 |              0 |              0 |              0 |              0 |              0 |              0 |              0 |              0 |              0 |              0 |              0 |              0 |              0 |              0 |              0 |              0 |              0 |              0 |              0 |              0 |              0 |              0 |              0 |              0 |              0 |              0 |              0 |              0 |              0 |
|               CAS_COUNT_WR               | MBOX3C1 |   102221378575 |              0 |              0 |              0 |              0 |              0 |              0 |              0 |              0 |              0 |              0 |              0 |              0 |              0 |              0 |              0 |              0 |              0 |              0 |              0 |              0 |              0 |              0 |              0 |              0 |              0 |              0 |              0 |              0 |              0 |              0 |              0 |              0 |              0 |              0 |
|               CAS_COUNT_RD               | MBOX4C0 |   193180597515 |              0 |              0 |              0 |              0 |              0 |              0 |              0 |              0 |              0 |              0 |              0 |              0 |              0 |              0 |              0 |              0 |              0 |              0 |              0 |              0 |              0 |              0 |              0 |              0 |              0 |              0 |              0 |              0 |              0 |              0 |              0 |              0 |              0 |              0 |
|               CAS_COUNT_WR               | MBOX4C1 |    96482247100 |              0 |              0 |              0 |              0 |              0 |              0 |              0 |              0 |              0 |              0 |              0 |              0 |              0 |              0 |              0 |              0 |              0 |              0 |              0 |              0 |              0 |              0 |              0 |              0 |              0 |              0 |              0 |              0 |              0 |              0 |              0 |              0 |              0 |              0 |
|               CAS_COUNT_RD               | MBOX5C0 |   193196770493 |              0 |              0 |              0 |              0 |              0 |              0 |              0 |              0 |              0 |              0 |              0 |              0 |              0 |              0 |              0 |              0 |              0 |              0 |              0 |              0 |              0 |              0 |              0 |              0 |              0 |              0 |              0 |              0 |              0 |              0 |              0 |              0 |              0 |              0 |
|               CAS_COUNT_WR               | MBOX5C1 |    96482315487 |              0 |              0 |              0 |              0 |              0 |              0 |              0 |              0 |              0 |              0 |              0 |              0 |              0 |              0 |              0 |              0 |              0 |              0 |              0 |              0 |              0 |              0 |              0 |              0 |              0 |              0 |              0 |              0 |              0 |              0 |              0 |              0 |              0 |              0 |
|               CAS_COUNT_RD               | MBOX6C0 |   193229926336 |              0 |              0 |              0 |              0 |              0 |              0 |              0 |              0 |              0 |              0 |              0 |              0 |              0 |              0 |              0 |              0 |              0 |              0 |              0 |              0 |              0 |              0 |              0 |              0 |              0 |              0 |              0 |              0 |              0 |              0 |              0 |              0 |              0 |              0 |
|               CAS_COUNT_WR               | MBOX6C1 |    96490266479 |              0 |              0 |              0 |              0 |              0 |              0 |              0 |              0 |              0 |              0 |              0 |              0 |              0 |              0 |              0 |              0 |              0 |              0 |              0 |              0 |              0 |              0 |              0 |              0 |              0 |              0 |              0 |              0 |              0 |              0 |              0 |              0 |              0 |              0 |
|               CAS_COUNT_RD               | MBOX7C0 |   193168645254 |              0 |              0 |              0 |              0 |              0 |              0 |              0 |              0 |              0 |              0 |              0 |              0 |              0 |              0 |              0 |              0 |              0 |              0 |              0 |              0 |              0 |              0 |              0 |              0 |              0 |              0 |              0 |              0 |              0 |              0 |              0 |              0 |              0 |              0 |
|               CAS_COUNT_WR               | MBOX7C1 |    96475459765 |              0 |              0 |              0 |              0 |              0 |              0 |              0 |              0 |              0 |              0 |              0 |              0 |              0 |              0 |              0 |              0 |              0 |              0 |              0 |              0 |              0 |              0 |              0 |              0 |              0 |              0 |              0 |              0 |              0 |              0 |              0 |              0 |              0 |              0 |
+------------------------------------------+---------+----------------+----------------+----------------+----------------+----------------+----------------+----------------+----------------+----------------+----------------+----------------+----------------+----------------+----------------+----------------+----------------+----------------+----------------+----------------+----------------+----------------+----------------+----------------+----------------+----------------+----------------+----------------+----------------+----------------+----------------+----------------+----------------+----------------+----------------+----------------+

+-----------------------------------------------+---------+-----------------+----------------+----------------+--------------+
|                     Event                     | Counter |       Sum       |       Min      |       Max      |      Avg     |
+-----------------------------------------------+---------+-----------------+----------------+----------------+--------------+
|             INSTR_RETIRED_ANY STAT            |  FIXC0  | 188888835771540 |  3873821588209 |  6817462389910 | 5.396824e+12 |
|           CPU_CLK_UNHALTED_CORE STAT          |  FIXC1  | 116192519065578 |  3317644713237 |  3321428642714 | 3.319786e+12 |
|           CPU_CLK_UNHALTED_REF STAT           |  FIXC2  | 116192563075200 |  3317648910336 |  3321429678336 | 3.319788e+12 |
|               TOPDOWN_SLOTS STAT              |  FIXC3  | 580962595327890 | 16588223566185 | 16607143213570 |      nil     |
|              PWR_PKG_ENERGY STAT              |   PWR0  |     319542.4588 |              0 |    319542.4588 |    9129.7845 |
|              PWR_DRAM_ENERGY STAT             |   PWR3  |      29906.3269 |              0 |     29906.3269 |     854.4665 |
| FP_ARITH_INST_RETIRED_128B_PACKED_DOUBLE STAT |   PMC0  |               0 |              0 |              0 |            0 |
|    FP_ARITH_INST_RETIRED_SCALAR_DOUBLE STAT   |   PMC1  |  64956004237777 |  1840509383672 |  1862037032680 | 1.855886e+12 |
| FP_ARITH_INST_RETIRED_256B_PACKED_DOUBLE STAT |   PMC2  |               0 |              0 |              0 |            0 |
| FP_ARITH_INST_RETIRED_512B_PACKED_DOUBLE STAT |   PMC3  |   1640790088263 |    46492691250 |    47842751250 | 4.687972e+10 |
|               CAS_COUNT_RD STAT               | MBOX0C0 |    201720829464 |              0 |   201720829464 | 5.763452e+09 |
|               CAS_COUNT_WR STAT               | MBOX0C1 |    102222992420 |              0 |   102222992420 | 2.920657e+09 |
|               CAS_COUNT_RD STAT               | MBOX1C0 |    201683610707 |              0 |   201683610707 | 5.762389e+09 |
|               CAS_COUNT_WR STAT               | MBOX1C1 |    102228030182 |              0 |   102228030182 | 2.920801e+09 |
|               CAS_COUNT_RD STAT               | MBOX2C0 |    201694774478 |              0 |   201694774478 | 5.762708e+09 |
|               CAS_COUNT_WR STAT               | MBOX2C1 |    102224318164 |              0 |   102224318164 | 2.920695e+09 |
|               CAS_COUNT_RD STAT               | MBOX3C0 |    201738165657 |              0 |   201738165657 | 5.763948e+09 |
|               CAS_COUNT_WR STAT               | MBOX3C1 |    102221378575 |              0 |   102221378575 | 2.920611e+09 |
|               CAS_COUNT_RD STAT               | MBOX4C0 |    193180597515 |              0 |   193180597515 | 5.519446e+09 |
|               CAS_COUNT_WR STAT               | MBOX4C1 |     96482247100 |              0 |    96482247100 | 2.756636e+09 |
|               CAS_COUNT_RD STAT               | MBOX5C0 |    193196770493 |              0 |   193196770493 | 5.519908e+09 |
|               CAS_COUNT_WR STAT               | MBOX5C1 |     96482315487 |              0 |    96482315487 | 2.756638e+09 |
|               CAS_COUNT_RD STAT               | MBOX6C0 |    193229926336 |              0 |   193229926336 | 5.520855e+09 |
|               CAS_COUNT_WR STAT               | MBOX6C1 |     96490266479 |              0 |    96490266479 | 2.756865e+09 |
|               CAS_COUNT_RD STAT               | MBOX7C0 |    193168645254 |              0 |   193168645254 | 5.519104e+09 |
|               CAS_COUNT_WR STAT               | MBOX7C1 |     96475459765 |              0 |    96475459765 | 2.756442e+09 |
+-----------------------------------------------+---------+-----------------+----------------+----------------+--------------+

+-----------------------------------+-------------+-----------+-----------+-----------+-----------+-----------+-----------+-----------+-----------+-----------+-------------+-------------+-------------+-------------+-------------+-------------+-------------+-------------+-------------+-------------+-------------+-------------+-------------+-------------+-------------+-------------+-------------+-------------+-------------+-------------+-------------+-------------+-------------+-------------+-------------+
|               Metric              |  f0608:0:0  | f0608:1:1 | f0608:2:2 | f0608:3:3 | f0608:4:4 | f0608:5:5 | f0608:6:6 | f0608:7:7 | f0608:8:8 | f0608:9:9 | f0608:10:10 | f0608:11:11 | f0608:12:12 | f0608:13:13 | f0608:14:14 | f0608:15:15 | f0608:16:16 | f0608:17:17 | f0608:18:18 | f0608:19:19 | f0608:20:20 | f0608:21:21 | f0608:22:22 | f0608:23:23 | f0608:24:24 | f0608:25:25 | f0608:26:26 | f0608:27:27 | f0608:28:28 | f0608:29:29 | f0608:30:30 | f0608:31:31 | f0608:32:32 | f0608:33:33 | f0608:34:34 |
+-----------------------------------+-------------+-----------+-----------+-----------+-----------+-----------+-----------+-----------+-----------+-----------+-------------+-------------+-------------+-------------+-------------+-------------+-------------+-------------+-------------+-------------+-------------+-------------+-------------+-------------+-------------+-------------+-------------+-------------+-------------+-------------+-------------+-------------+-------------+-------------+-------------+
|        Runtime (RDTSC) [s]        |   1392.0630 | 1391.9990 | 1391.8770 | 1391.8690 | 1391.9450 | 1392.3430 | 1391.9870 | 1392.1940 | 1392.3300 | 1392.0750 |   1391.8670 |   1392.3120 |   1392.0930 |   1392.0930 |   1391.8800 |   1391.8760 |   1391.8900 |   1392.0990 |   1392.0660 |   1392.0810 |   1391.8710 |   1392.1090 |   1391.9240 |   1391.8640 |   1391.8470 |   1391.9800 |   1392.2860 |   1391.8590 |   1392.2120 |   1392.0250 |   1392.0470 |   1391.8560 |   1391.9030 |   1391.8630 |   1391.8710 |
|        Runtime unhalted [s]       |   1385.7871 | 1386.6142 | 1386.3627 | 1386.0651 | 1386.0517 | 1386.3682 | 1385.8803 | 1386.3912 | 1386.5220 | 1386.4598 |   1386.5652 |   1386.8805 |   1386.2340 |   1386.0964 |   1386.4085 |   1386.5374 |   1386.5908 |   1386.3091 |   1387.2186 |   1386.6696 |   1386.8402 |   1386.5814 |   1386.6934 |   1386.9306 |   1386.7534 |   1386.8105 |   1387.1136 |   1386.7213 |   1387.2395 |   1386.9673 |   1387.1167 |   1386.8867 |   1387.0240 |   1386.8922 |   1387.0145 |
|            Clock [MHz]            |   2394.0477 | 2394.1786 | 2394.3110 | 2394.3140 | 2394.3114 | 2393.8600 | 2394.1219 | 2393.9746 | 2393.5083 | 2394.1308 |   2394.3119 |   2393.5414 |   2394.2852 |   2394.3098 |   2394.3132 |   2394.2931 |   2394.2689 |   2394.2845 |   2394.3074 |   2394.2432 |   2394.3105 |   2393.9708 |   2394.3143 |   2394.3122 |   2394.3114 |   2394.3156 |   2393.5907 |   2394.3084 |   2393.7367 |   2394.3109 |   2393.9937 |   2394.3133 |   2394.3134 |   2394.3119 |   2394.3159 |
|                CPI                |      0.6402 |    0.6784 |    0.7532 |    0.7789 |    0.8129 |    0.7743 |    0.8562 |    0.8361 |    0.8541 |    0.8569 |      0.8494 |      0.8547 |      0.8416 |      0.8386 |      0.8550 |      0.8239 |      0.7890 |      0.7367 |      0.4942 |      0.4870 |      0.4929 |      0.5110 |      0.4991 |      0.4971 |      0.4931 |      0.4928 |      0.4929 |      0.4940 |      0.4914 |      0.4912 |      0.4983 |      0.5010 |      0.4967 |      0.4941 |      0.5027 |
|             Energy [J]            | 319542.4588 |         0 |         0 |         0 |         0 |         0 |         0 |         0 |         0 |         0 |           0 |           0 |           0 |           0 |           0 |           0 |           0 |           0 |           0 |           0 |           0 |           0 |           0 |           0 |           0 |           0 |           0 |           0 |           0 |           0 |           0 |           0 |           0 |           0 |           0 |
|             Power [W]             |    229.5460 |         0 |         0 |         0 |         0 |         0 |         0 |         0 |         0 |         0 |           0 |           0 |           0 |           0 |           0 |           0 |           0 |           0 |           0 |           0 |           0 |           0 |           0 |           0 |           0 |           0 |           0 |           0 |           0 |           0 |           0 |           0 |           0 |           0 |           0 |
|          Energy DRAM [J]          |  29906.3269 |         0 |         0 |         0 |         0 |         0 |         0 |         0 |         0 |         0 |           0 |           0 |           0 |           0 |           0 |           0 |           0 |           0 |           0 |           0 |           0 |           0 |           0 |           0 |           0 |           0 |           0 |           0 |           0 |           0 |           0 |           0 |           0 |           0 |           0 |
|           Power DRAM [W]          |     21.4835 |         0 |         0 |         0 |         0 |         0 |         0 |         0 |         0 |         0 |           0 |           0 |           0 |           0 |           0 |           0 |           0 |           0 |           0 |           0 |           0 |           0 |           0 |           0 |           0 |           0 |           0 |           0 |           0 |           0 |           0 |           0 |           0 |           0 |           0 |
|            DP [MFLOP/s]           |   1605.0573 | 1597.1646 | 1605.0110 | 1605.0203 | 1604.9326 | 1596.7700 | 1604.8842 | 1604.6456 | 1596.7849 | 1604.7827 |   1605.0225 |   1604.5096 |   1597.0567 |   1604.7620 |   1605.0076 |   1597.3057 |   1604.9960 |   1604.7551 |   1604.7931 |   1597.0705 |   1605.0179 |   1604.7435 |   1597.2506 |   1605.0260 |   1605.0456 |   1604.8922 |   1596.8353 |   1605.0317 |   1604.6248 |   1597.1347 |   1604.8149 |   1605.0352 |   1604.9810 |   1597.3206 |   1605.0179 |
|          AVX DP [MFLOP/s]         |    267.4476 |  274.9585 |  267.2230 |  267.2245 |  267.2099 |  274.8906 |  267.2019 |  267.1621 |  274.8932 |  267.1850 |    267.2249 |    267.1395 |    274.9400 |    267.1815 |    267.2224 |    274.9828 |    267.2205 |    267.1804 |    267.1867 |    274.9423 |    267.2241 |    267.1785 |    274.9734 |    267.2255 |    267.2287 |    267.2032 |    274.9019 |    267.2264 |    267.1587 |    274.9534 |    267.1904 |    267.2270 |    267.2180 |    274.9854 |    267.2241 |
|          Packed [MUOPS/s]         |     33.4309 |   34.3698 |   33.4029 |   33.4031 |   33.4012 |   34.3613 |   33.4002 |   33.3953 |   34.3616 |   33.3981 |     33.4031 |     33.3924 |     34.3675 |     33.3977 |     33.4028 |     34.3729 |     33.4026 |     33.3975 |     33.3983 |     34.3678 |     33.4030 |     33.3973 |     34.3717 |     33.4032 |     33.4036 |     33.4004 |     34.3627 |     33.4033 |     33.3948 |     34.3692 |     33.3988 |     33.4034 |     33.4022 |     34.3732 |     33.4030 |
|          Scalar [MUOPS/s]         |   1337.6097 | 1322.2061 | 1337.7881 | 1337.7957 | 1337.7227 | 1321.8794 | 1337.6823 | 1337.4834 | 1321.8917 | 1337.5977 |   1337.7976 |   1337.3701 |   1322.1168 |   1337.5805 |   1337.7852 |   1322.3229 |   1337.7755 |   1337.5747 |   1337.6064 |   1322.1281 |   1337.7938 |   1337.5651 |   1322.2773 |   1337.8005 |   1337.8168 |   1337.6890 |   1321.9335 |   1337.8053 |   1337.4661 |   1322.1813 |   1337.6246 |   1337.8082 |   1337.7630 |   1322.3352 |   1337.7937 |
|  Memory read bandwidth [MBytes/s] |  72622.6130 |         0 |         0 |         0 |         0 |         0 |         0 |         0 |         0 |         0 |           0 |           0 |           0 |           0 |           0 |           0 |           0 |           0 |           0 |           0 |           0 |           0 |           0 |           0 |           0 |           0 |           0 |           0 |           0 |           0 |           0 |           0 |           0 |           0 |           0 |
|  Memory read data volume [GBytes] | 101095.2525 |         0 |         0 |         0 |         0 |         0 |         0 |         0 |         0 |         0 |           0 |           0 |           0 |           0 |           0 |           0 |           0 |           0 |           0 |           0 |           0 |           0 |           0 |           0 |           0 |           0 |           0 |           0 |           0 |           0 |           0 |           0 |           0 |           0 |           0 |
| Memory write bandwidth [MBytes/s] |  36542.1166 |         0 |         0 |         0 |         0 |         0 |         0 |         0 |         0 |         0 |           0 |           0 |           0 |           0 |           0 |           0 |           0 |           0 |           0 |           0 |           0 |           0 |           0 |           0 |           0 |           0 |           0 |           0 |           0 |           0 |           0 |           0 |           0 |           0 |           0 |
| Memory write data volume [GBytes] |  50868.9285 |         0 |         0 |         0 |         0 |         0 |         0 |         0 |         0 |         0 |           0 |           0 |           0 |           0 |           0 |           0 |           0 |           0 |           0 |           0 |           0 |           0 |           0 |           0 |           0 |           0 |           0 |           0 |           0 |           0 |           0 |           0 |           0 |           0 |           0 |
|    Memory bandwidth [MBytes/s]    | 109164.7296 |         0 |         0 |         0 |         0 |         0 |         0 |         0 |         0 |         0 |           0 |           0 |           0 |           0 |           0 |           0 |           0 |           0 |           0 |           0 |           0 |           0 |           0 |           0 |           0 |           0 |           0 |           0 |           0 |           0 |           0 |           0 |           0 |           0 |           0 |
|    Memory data volume [GBytes]    | 151964.1810 |         0 |         0 |         0 |         0 |         0 |         0 |         0 |         0 |         0 |           0 |           0 |           0 |           0 |           0 |           0 |           0 |           0 |           0 |           0 |           0 |           0 |           0 |           0 |           0 |           0 |           0 |           0 |           0 |           0 |           0 |           0 |           0 |           0 |           0 |
|       Operational intensity       |      0.0147 |         0 |         0 |         0 |         0 |         0 |         0 |         0 |         0 |         0 |           0 |           0 |           0 |           0 |           0 |           0 |           0 |           0 |           0 |           0 |           0 |           0 |           0 |           0 |           0 |           0 |           0 |           0 |           0 |           0 |           0 |           0 |           0 |           0 |           0 |
+-----------------------------------+-------------+-----------+-----------+-----------+-----------+-----------+-----------+-----------+-----------+-----------+-------------+-------------+-------------+-------------+-------------+-------------+-------------+-------------+-------------+-------------+-------------+-------------+-------------+-------------+-------------+-------------+-------------+-------------+-------------+-------------+-------------+-------------+-------------+-------------+-------------+

+----------------------------------------+-------------+-----------+-------------+-----------+-----------+-----------+-----------+
|                 Metric                 |     Sum     |    Min    |     Max     |    Avg    |  %ile 25  |  %ile 50  |  %ile 75  |
+----------------------------------------+-------------+-----------+-------------+-----------+-----------+-----------+-----------+
|        Runtime (RDTSC) [s] STAT        |  48720.4560 | 1391.8470 |   1392.3430 | 1392.0130 | 1391.8710 | 1391.9870 | 1392.0930 |
|        Runtime unhalted [s] STAT       |  48531.5977 | 1385.7871 |   1387.2395 | 1386.6171 | 1386.3682 | 1386.6142 | 1386.8867 |
|            Clock [MHz] STAT            |  83795.6466 | 2393.5083 |   2394.3159 | 2394.1613 | 2394.0477 | 2394.3074 | 2394.3119 |
|                CPI STAT                |     22.8596 |    0.4870 |      0.8569 |    0.6531 |    0.4941 |    0.6402 |    0.8239 |
|             Energy [J] STAT            | 319542.4588 |         0 | 319542.4588 | 9129.7845 |         0 |         0 |         0 |
|             Power [W] STAT             |    229.5460 |         0 |    229.5460 |    6.5585 |         0 |         0 |         0 |
|          Energy DRAM [J] STAT          |  29906.3269 |         0 |  29906.3269 |  854.4665 |         0 |         0 |         0 |
|           Power DRAM [W] STAT          |     21.4835 |         0 |     21.4835 |    0.6138 |         0 |         0 |         0 |
|            DP [MFLOP/s] STAT           |  56093.1039 | 1596.7700 |   1605.0573 | 1602.6601 | 1597.3057 | 1604.7931 | 1605.0110 |
|          AVX DP [MFLOP/s] STAT         |   9429.7360 |  267.1395 |    274.9854 |  269.4210 |  267.1904 |  267.2241 |  274.8906 |
|          Packed [MUOPS/s] STAT         |   1178.7168 |   33.3924 |     34.3732 |   33.6776 |   33.3988 |   33.4030 |   34.3613 |
|          Scalar [MUOPS/s] STAT         |  46663.3680 | 1321.8794 |   1337.8168 | 1333.2391 | 1322.3229 | 1337.6064 | 1337.7852 |
|  Memory read bandwidth [MBytes/s] STAT |  72622.6130 |         0 |  72622.6130 | 2074.9318 |         0 |         0 |         0 |
|  Memory read data volume [GBytes] STAT | 101095.2525 |         0 | 101095.2525 | 2888.4358 |         0 |         0 |         0 |
| Memory write bandwidth [MBytes/s] STAT |  36542.1166 |         0 |  36542.1166 | 1044.0605 |         0 |         0 |         0 |
| Memory write data volume [GBytes] STAT |  50868.9285 |         0 |  50868.9285 | 1453.3980 |         0 |         0 |         0 |
|    Memory bandwidth [MBytes/s] STAT    | 109164.7296 |         0 | 109164.7296 | 3118.9923 |         0 |         0 |         0 |
|    Memory data volume [GBytes] STAT    | 151964.1810 |         0 | 151964.1810 | 4341.8337 |         0 |         0 |         0 |
|       Operational intensity STAT       |      0.0147 |         0 |      0.0147 |    0.0004 |         0 |         0 |         0 |
+----------------------------------------+-------------+-----------+-------------+-----------+-----------+-----------+-----------+

