WARN: Cannot extract OpenMP vendor from executable or commandline, assuming no OpenMP
 nx_glob, nz_glob:                  3000                  1250
 dx,dz:    8.00000000000000        8.00000000000000     
 dt:   2.666666666666666E-002
Group: 1
+------------------------------------------+---------+----------------+----------------+----------------+----------------+----------------+----------------+----------------+----------------+----------------+----------------+----------------+----------------+----------------+----------------+----------------+----------------+----------------+----------------+----------------+----------------+----------------+----------------+----------------+----------------+----------------+----------------+
|                   Event                  | Counter |    f0608:0:0   |    f0608:1:1   |    f0608:2:2   |    f0608:3:3   |    f0608:4:4   |    f0608:5:5   |    f0608:6:6   |    f0608:7:7   |    f0608:8:8   |    f0608:9:9   |   f0608:10:10  |   f0608:11:11  |   f0608:12:12  |   f0608:13:13  |   f0608:14:14  |   f0608:15:15  |   f0608:16:16  |   f0608:17:17  |   f0608:18:18  |   f0608:19:19  |   f0608:20:20  |   f0608:21:21  |   f0608:22:22  |   f0608:23:23  |   f0608:24:24  |   f0608:25:25  |
+------------------------------------------+---------+----------------+----------------+----------------+----------------+----------------+----------------+----------------+----------------+----------------+----------------+----------------+----------------+----------------+----------------+----------------+----------------+----------------+----------------+----------------+----------------+----------------+----------------+----------------+----------------+----------------+----------------+
|             INSTR_RETIRED_ANY            |  FIXC0  |  5305718666064 |  5525906256681 |  5164374961789 |  5261021252973 |  5135040986787 |  5223062949875 |  5515065266562 |  5302791959893 |  5564114966104 |  6247487332220 |  6323826071610 |  6904768984448 |  6854346626986 |  6094156545098 |  5647340631124 |  5458805947480 |  5397874635009 |  5128298093869 |  9581015864774 |  9912658411293 |  9708753628763 |  9574371374874 |  9599682911889 |  9715636754086 |  9772446878792 |  9715171298226 |
|           CPU_CLK_UNHALTED_CORE          |  FIXC1  |  4359235357098 |  4361056931760 |  4361612474265 |  4360498646187 |  4360317571298 |  4359731223217 |  4359771607395 |  4359736980232 |  4360083536305 |  4360600070140 |  4360233478366 |  4361507937313 |  4360344047626 |  4361082085935 |  4360303253007 |  4361989484787 |  4361356502598 |  4362202514847 |  4364585427796 |  4363947994624 |  4362720782569 |  4364501254199 |  4364609673463 |  4364655408276 |  4364040270061 |  4364711270671 |
|           CPU_CLK_UNHALTED_REF           |  FIXC2  |  4359236962464 |  4361057224896 |  4361611614624 |  4360499879712 |  4360319211168 |  4359733959360 |  4359773141088 |  4359739038528 |  4360082362656 |  4360598912928 |  4360235281728 |  4361508988032 |  4360343424672 |  4361082978336 |  4360303198464 |  4361991921600 |  4361362472832 |  4362205752960 |  4364585296320 |  4363948991232 |  4362723046656 |  4364501126688 |  4364611158432 |  4364653172064 |  4364038419744 |  4364711325408 |
|               TOPDOWN_SLOTS              |  FIXC3  | 21796176785490 | 21805284658800 | 21808062371325 | 21802493230935 | 21801587856490 | 21798656116085 | 21798858036975 | 21798684901160 | 21800417681525 | 21803000350700 | 21801167391830 | 21807539686565 | 21801720238130 | 21805410429675 | 21801516265035 | 21809947423935 | 21806782512990 | 21811012574235 | 21822927138980 | 21819739973120 | 21813603912845 | 21822506270995 | 21823048367315 | 21823277041380 | 21820201350305 | 21823556353355 |
|              PWR_PKG_ENERGY              |   PWR0  |    356518.7128 |              0 |              0 |              0 |              0 |              0 |              0 |              0 |              0 |              0 |              0 |              0 |              0 |              0 |              0 |              0 |              0 |              0 |              0 |              0 |              0 |              0 |              0 |              0 |              0 |              0 |
|              PWR_DRAM_ENERGY             |   PWR3  |     33510.1088 |              0 |              0 |              0 |              0 |              0 |              0 |              0 |              0 |              0 |              0 |              0 |              0 |              0 |              0 |              0 |              0 |              0 |              0 |              0 |              0 |              0 |              0 |              0 |              0 |              0 |
| FP_ARITH_INST_RETIRED_128B_PACKED_DOUBLE |   PMC0  |              0 |              0 |              0 |              0 |              0 |              0 |              0 |              0 |              0 |              0 |              0 |              0 |              0 |              0 |              0 |              0 |              0 |              0 |              0 |              0 |              0 |              0 |              0 |              0 |              0 |              0 |
|    FP_ARITH_INST_RETIRED_SCALAR_DOUBLE   |   PMC1  |  2486316626647 |  2507842886054 |  2486316004728 |  2507842887890 |  2486315997604 |  2486315984844 |  2507842913779 |  2486315989284 |  2486315989494 |  2507842868938 |  2486315976549 |  2507842848048 |  2486315963904 |  2486315956418 |  2507842867388 |  2486315953250 |  2507842838304 |  2486315943546 |  2486315943364 |  2507842813996 |  2486315930426 |  2486315929128 |  2507842814070 |  2486315928732 |  2507842824068 |  2486315924770 |
| FP_ARITH_INST_RETIRED_256B_PACKED_DOUBLE |   PMC2  |              0 |              0 |              0 |              0 |              0 |              0 |              0 |              0 |              0 |              0 |              0 |              0 |              0 |              0 |              0 |              0 |              0 |              0 |              0 |              0 |              0 |              0 |              0 |              0 |              0 |              0 |
| FP_ARITH_INST_RETIRED_512B_PACKED_DOUBLE |   PMC3  |    58646268885 |    55183702500 |    58600974372 |    55183702500 |    58600974372 |    58600974372 |    55183702500 |    58600974372 |    58600974372 |    55183702500 |    58600974372 |    55183702500 |    58600974372 |    58600974372 |    55183702500 |    58600974372 |    55183702500 |    58600974372 |    58600974372 |    55183702500 |    58600974372 |    58600974372 |    55183702500 |    58600974372 |    55183702500 |    58600974372 |
|               CAS_COUNT_RD               | MBOX0C0 |   269247336469 |              0 |              0 |              0 |              0 |              0 |              0 |              0 |              0 |              0 |              0 |              0 |              0 |              0 |              0 |              0 |              0 |              0 |              0 |              0 |              0 |              0 |              0 |              0 |              0 |              0 |
|               CAS_COUNT_WR               | MBOX0C1 |   136331773738 |              0 |              0 |              0 |              0 |              0 |              0 |              0 |              0 |              0 |              0 |              0 |              0 |              0 |              0 |              0 |              0 |              0 |              0 |              0 |              0 |              0 |              0 |              0 |              0 |              0 |
|               CAS_COUNT_RD               | MBOX1C0 |   269162171184 |              0 |              0 |              0 |              0 |              0 |              0 |              0 |              0 |              0 |              0 |              0 |              0 |              0 |              0 |              0 |              0 |              0 |              0 |              0 |              0 |              0 |              0 |              0 |              0 |              0 |
|               CAS_COUNT_WR               | MBOX1C1 |   136304780320 |              0 |              0 |              0 |              0 |              0 |              0 |              0 |              0 |              0 |              0 |              0 |              0 |              0 |              0 |              0 |              0 |              0 |              0 |              0 |              0 |              0 |              0 |              0 |              0 |              0 |
|               CAS_COUNT_RD               | MBOX2C0 |   269195498812 |              0 |              0 |              0 |              0 |              0 |              0 |              0 |              0 |              0 |              0 |              0 |              0 |              0 |              0 |              0 |              0 |              0 |              0 |              0 |              0 |              0 |              0 |              0 |              0 |              0 |
|               CAS_COUNT_WR               | MBOX2C1 |   136327978814 |              0 |              0 |              0 |              0 |              0 |              0 |              0 |              0 |              0 |              0 |              0 |              0 |              0 |              0 |              0 |              0 |              0 |              0 |              0 |              0 |              0 |              0 |              0 |              0 |              0 |
|               CAS_COUNT_RD               | MBOX3C0 |   269266465966 |              0 |              0 |              0 |              0 |              0 |              0 |              0 |              0 |              0 |              0 |              0 |              0 |              0 |              0 |              0 |              0 |              0 |              0 |              0 |              0 |              0 |              0 |              0 |              0 |              0 |
|               CAS_COUNT_WR               | MBOX3C1 |   136333475344 |              0 |              0 |              0 |              0 |              0 |              0 |              0 |              0 |              0 |              0 |              0 |              0 |              0 |              0 |              0 |              0 |              0 |              0 |              0 |              0 |              0 |              0 |              0 |              0 |              0 |
|               CAS_COUNT_RD               | MBOX4C0 |   114026297810 |              0 |              0 |              0 |              0 |              0 |              0 |              0 |              0 |              0 |              0 |              0 |              0 |              0 |              0 |              0 |              0 |              0 |              0 |              0 |              0 |              0 |              0 |              0 |              0 |              0 |
|               CAS_COUNT_WR               | MBOX4C1 |    59207856365 |              0 |              0 |              0 |              0 |              0 |              0 |              0 |              0 |              0 |              0 |              0 |              0 |              0 |              0 |              0 |              0 |              0 |              0 |              0 |              0 |              0 |              0 |              0 |              0 |              0 |
|               CAS_COUNT_RD               | MBOX5C0 |   113988813486 |              0 |              0 |              0 |              0 |              0 |              0 |              0 |              0 |              0 |              0 |              0 |              0 |              0 |              0 |              0 |              0 |              0 |              0 |              0 |              0 |              0 |              0 |              0 |              0 |              0 |
|               CAS_COUNT_WR               | MBOX5C1 |    59199546709 |              0 |              0 |              0 |              0 |              0 |              0 |              0 |              0 |              0 |              0 |              0 |              0 |              0 |              0 |              0 |              0 |              0 |              0 |              0 |              0 |              0 |              0 |              0 |              0 |              0 |
|               CAS_COUNT_RD               | MBOX6C0 |   114029588382 |              0 |              0 |              0 |              0 |              0 |              0 |              0 |              0 |              0 |              0 |              0 |              0 |              0 |              0 |              0 |              0 |              0 |              0 |              0 |              0 |              0 |              0 |              0 |              0 |              0 |
|               CAS_COUNT_WR               | MBOX6C1 |    59209705154 |              0 |              0 |              0 |              0 |              0 |              0 |              0 |              0 |              0 |              0 |              0 |              0 |              0 |              0 |              0 |              0 |              0 |              0 |              0 |              0 |              0 |              0 |              0 |              0 |              0 |
|               CAS_COUNT_RD               | MBOX7C0 |   114011411616 |              0 |              0 |              0 |              0 |              0 |              0 |              0 |              0 |              0 |              0 |              0 |              0 |              0 |              0 |              0 |              0 |              0 |              0 |              0 |              0 |              0 |              0 |              0 |              0 |              0 |
|               CAS_COUNT_WR               | MBOX7C1 |    59200780264 |              0 |              0 |              0 |              0 |              0 |              0 |              0 |              0 |              0 |              0 |              0 |              0 |              0 |              0 |              0 |              0 |              0 |              0 |              0 |              0 |              0 |              0 |              0 |              0 |              0 |
+------------------------------------------+---------+----------------+----------------+----------------+----------------+----------------+----------------+----------------+----------------+----------------+----------------+----------------+----------------+----------------+----------------+----------------+----------------+----------------+----------------+----------------+----------------+----------------+----------------+----------------+----------------+----------------+----------------+

+-----------------------------------------------+---------+-----------------+----------------+----------------+---------------+
|                     Event                     | Counter |       Sum       |       Min      |       Max      |      Avg      |
+-----------------------------------------------+---------+-----------------+----------------+----------------+---------------+
|             INSTR_RETIRED_ANY STAT            |  FIXC0  | 179633739257269 |  5128298093869 |  9912658411293 |  6.908990e+12 |
|           CPU_CLK_UNHALTED_CORE STAT          |  FIXC1  | 113405435784035 |  4359235357098 |  4364711270671 |  4.361748e+12 |
|           CPU_CLK_UNHALTED_REF STAT           |  FIXC2  | 113405458862592 |  4359236962464 |  4364711325408 | 4361748417792 |
|               TOPDOWN_SLOTS STAT              |  FIXC3  | 567027178920175 | 21796176785490 | 21823556353355 |      nil      |
|              PWR_PKG_ENERGY STAT              |   PWR0  |     356518.7128 |              0 |    356518.7128 |    13712.2582 |
|              PWR_DRAM_ENERGY STAT             |   PWR3  |      33510.1088 |              0 |     33510.1088 |     1288.8503 |
| FP_ARITH_INST_RETIRED_128B_PACKED_DOUBLE STAT |   PMC0  |               0 |              0 |              0 |             0 |
|    FP_ARITH_INST_RETIRED_SCALAR_DOUBLE STAT   |   PMC1  |  64859484605223 |  2486315924770 |  2507842913779 |  2.494596e+12 |
| FP_ARITH_INST_RETIRED_256B_PACKED_DOUBLE STAT |   PMC2  |               0 |              0 |              0 |             0 |
| FP_ARITH_INST_RETIRED_512B_PACKED_DOUBLE STAT |   PMC3  |   1489497909465 |    55183702500 |    58646268885 |  5.728838e+10 |
|               CAS_COUNT_RD STAT               | MBOX0C0 |    269247336469 |              0 |   269247336469 |  1.035567e+10 |
|               CAS_COUNT_WR STAT               | MBOX0C1 |    136331773738 |              0 |   136331773738 |  5.243530e+09 |
|               CAS_COUNT_RD STAT               | MBOX1C0 |    269162171184 |              0 |   269162171184 |  1.035239e+10 |
|               CAS_COUNT_WR STAT               | MBOX1C1 |    136304780320 |              0 |   136304780320 |  5.242492e+09 |
|               CAS_COUNT_RD STAT               | MBOX2C0 |    269195498812 |              0 |   269195498812 |  1.035367e+10 |
|               CAS_COUNT_WR STAT               | MBOX2C1 |    136327978814 |              0 |   136327978814 |  5.243384e+09 |
|               CAS_COUNT_RD STAT               | MBOX3C0 |    269266465966 |              0 |   269266465966 |  1.035640e+10 |
|               CAS_COUNT_WR STAT               | MBOX3C1 |    136333475344 |              0 |   136333475344 |  5.243595e+09 |
|               CAS_COUNT_RD STAT               | MBOX4C0 |    114026297810 |              0 |   114026297810 |  4.385627e+09 |
|               CAS_COUNT_WR STAT               | MBOX4C1 |     59207856365 |              0 |    59207856365 |  2.277225e+09 |
|               CAS_COUNT_RD STAT               | MBOX5C0 |    113988813486 |              0 |   113988813486 |  4.384185e+09 |
|               CAS_COUNT_WR STAT               | MBOX5C1 |     59199546709 |              0 |    59199546709 |  2.276906e+09 |
|               CAS_COUNT_RD STAT               | MBOX6C0 |    114029588382 |              0 |   114029588382 |  4.385753e+09 |
|               CAS_COUNT_WR STAT               | MBOX6C1 |     59209705154 |              0 |    59209705154 |  2.277296e+09 |
|               CAS_COUNT_RD STAT               | MBOX7C0 |    114011411616 |              0 |   114011411616 |  4.385054e+09 |
|               CAS_COUNT_WR STAT               | MBOX7C1 |     59200780264 |              0 |    59200780264 |  2.276953e+09 |
+-----------------------------------------------+---------+-----------------+----------------+----------------+---------------+

+-----------------------------------+-------------+-----------+-----------+-----------+-----------+-----------+-----------+-----------+-----------+-----------+-------------+-------------+-------------+-------------+-------------+-------------+-------------+-------------+-------------+-------------+-------------+-------------+-------------+-------------+-------------+-------------+
|               Metric              |  f0608:0:0  | f0608:1:1 | f0608:2:2 | f0608:3:3 | f0608:4:4 | f0608:5:5 | f0608:6:6 | f0608:7:7 | f0608:8:8 | f0608:9:9 | f0608:10:10 | f0608:11:11 | f0608:12:12 | f0608:13:13 | f0608:14:14 | f0608:15:15 | f0608:16:16 | f0608:17:17 | f0608:18:18 | f0608:19:19 | f0608:20:20 | f0608:21:21 | f0608:22:22 | f0608:23:23 | f0608:24:24 | f0608:25:25 |
+-----------------------------------+-------------+-----------+-----------+-----------+-----------+-----------+-----------+-----------+-----------+-----------+-------------+-------------+-------------+-------------+-------------+-------------+-------------+-------------+-------------+-------------+-------------+-------------+-------------+-------------+-------------+-------------+
|        Runtime (RDTSC) [s]        |   1828.1940 | 1828.2130 | 1828.1460 | 1828.2110 | 1828.1110 | 1828.1470 | 1828.2480 | 1828.3280 | 1828.1210 | 1828.2830 |   1828.1100 |   1828.1310 |   1828.2870 |   1828.2120 |   1828.1120 |   1828.1310 |   1828.2050 |   1828.2180 |   1828.1050 |   1828.1060 |   1828.1350 |   1828.4150 |   1828.2050 |   1828.1180 |   1828.1080 |   1828.1080 |
|        Runtime unhalted [s]       |   1820.7312 | 1821.4222 | 1821.6776 | 1821.1902 | 1821.1127 | 1820.8661 | 1820.9686 | 1821.0029 | 1821.0175 | 1821.3450 |   1821.0751 |   1821.6105 |   1821.2389 |   1821.4334 |   1821.1065 |   1821.8148 |   1821.5845 |   1821.9057 |   1822.8970 |   1822.6284 |   1822.1169 |   1823.1443 |   1822.9080 |   1822.9269 |   1822.6686 |   1822.9496 |
|            Clock [MHz]            |   2394.2215 | 2394.3140 | 2394.2839 | 2394.3120 | 2394.3142 | 2394.3159 | 2394.2039 | 2394.1394 | 2394.3123 | 2394.1654 |   2394.3173 |   2394.3137 |   2394.1640 |   2394.3128 |   2394.3154 |   2394.3087 |   2394.2620 |   2394.3058 |   2394.3127 |   2394.3152 |   2394.3132 |   2393.9418 |   2394.3107 |   2394.3131 |   2394.3146 |   2394.3126 |
|                CPI                |      0.8216 |    0.7892 |    0.8446 |    0.8288 |    0.8491 |    0.8347 |    0.7905 |    0.8222 |    0.7836 |    0.6980 |      0.6895 |      0.6317 |      0.6361 |      0.7156 |      0.7721 |      0.7991 |      0.8080 |      0.8506 |      0.4555 |      0.4402 |      0.4494 |      0.4559 |      0.4547 |      0.4492 |      0.4466 |      0.4493 |
|             Energy [J]            | 356518.7128 |         0 |         0 |         0 |         0 |         0 |         0 |         0 |         0 |         0 |           0 |           0 |           0 |           0 |           0 |           0 |           0 |           0 |           0 |           0 |           0 |           0 |           0 |           0 |           0 |           0 |
|             Power [W]             |    195.0114 |         0 |         0 |         0 |         0 |         0 |         0 |         0 |         0 |         0 |           0 |           0 |           0 |           0 |           0 |           0 |           0 |           0 |           0 |           0 |           0 |           0 |           0 |           0 |           0 |           0 |
|          Energy DRAM [J]          |  33510.1088 |         0 |         0 |         0 |         0 |         0 |         0 |         0 |         0 |         0 |           0 |           0 |           0 |           0 |           0 |           0 |           0 |           0 |           0 |           0 |           0 |           0 |           0 |           0 |           0 |           0 |
|           Power DRAM [W]          |     18.3296 |         0 |         0 |         0 |         0 |         0 |         0 |         0 |         0 |         0 |           0 |           0 |           0 |           0 |           0 |           0 |           0 |           0 |           0 |           0 |           0 |           0 |           0 |           0 |           0 |           0 |
|            DP [MFLOP/s]           |   1616.6155 | 1613.2215 | 1616.4594 | 1613.2233 | 1616.4904 | 1616.4585 | 1613.1906 | 1616.2985 | 1616.4815 | 1613.1597 |   1616.4912 |   1613.2938 |   1616.3347 |   1616.4010 |   1613.3106 |   1616.4726 |   1613.2285 |   1616.3957 |   1616.4956 |   1613.3159 |   1616.4691 |   1616.2215 |   1613.2285 |   1616.4841 |   1613.3141 |   1616.4930 |
|          AVX DP [MFLOP/s]         |    256.6304 |  241.4760 |  256.4389 |  241.4763 |  256.4438 |  256.4388 |  241.4714 |  256.4134 |  256.4424 |  241.4668 |    256.4440 |    241.4869 |    256.4191 |    256.4297 |    241.4894 |    256.4410 |    241.4771 |    256.4288 |    256.4447 |    241.4902 |    256.4405 |    256.4012 |    241.4771 |    256.4429 |    241.4899 |    256.4443 |
|          Packed [MUOPS/s]         |     32.0788 |   30.1845 |   32.0549 |   30.1845 |   32.0555 |   32.0548 |   30.1839 |   32.0517 |   32.0553 |   30.1833 |     32.0555 |     30.1859 |     32.0524 |     32.0537 |     30.1862 |     32.0551 |     30.1846 |     32.0536 |     32.0556 |     30.1863 |     32.0551 |     32.0501 |     30.1846 |     32.0554 |     30.1862 |     32.0555 |
|          Scalar [MUOPS/s]         |   1359.9851 | 1371.7455 | 1360.0205 | 1371.7470 | 1360.0465 | 1360.0197 | 1371.7192 | 1359.8851 | 1360.0391 | 1371.6929 |   1360.0472 |   1371.8070 |   1359.9156 |   1359.9714 |   1371.8212 |   1360.0316 |   1371.7514 |   1359.9669 |   1360.0510 |   1371.8257 |   1360.0286 |   1359.8204 |   1371.7514 |   1360.0413 |   1371.8242 |   1360.0487 |
|  Memory read bandwidth [MBytes/s] |  53663.5419 |         0 |         0 |         0 |         0 |         0 |         0 |         0 |         0 |         0 |           0 |           0 |           0 |           0 |           0 |           0 |           0 |           0 |           0 |           0 |           0 |           0 |           0 |           0 |           0 |           0 |
|  Memory read data volume [GBytes] |  98107.3654 |         0 |         0 |         0 |         0 |         0 |         0 |         0 |         0 |         0 |           0 |           0 |           0 |           0 |           0 |           0 |           0 |           0 |           0 |           0 |           0 |           0 |           0 |           0 |           0 |           0 |
| Memory write bandwidth [MBytes/s] |  27379.7077 |         0 |         0 |         0 |         0 |         0 |         0 |         0 |         0 |         0 |           0 |           0 |           0 |           0 |           0 |           0 |           0 |           0 |           0 |           0 |           0 |           0 |           0 |           0 |           0 |           0 |
| Memory write data volume [GBytes] |  50055.4174 |         0 |         0 |         0 |         0 |         0 |         0 |         0 |         0 |         0 |           0 |           0 |           0 |           0 |           0 |           0 |           0 |           0 |           0 |           0 |           0 |           0 |           0 |           0 |           0 |           0 |
|    Memory bandwidth [MBytes/s]    |  81043.2496 |         0 |         0 |         0 |         0 |         0 |         0 |         0 |         0 |         0 |           0 |           0 |           0 |           0 |           0 |           0 |           0 |           0 |           0 |           0 |           0 |           0 |           0 |           0 |           0 |           0 |
|    Memory data volume [GBytes]    | 148162.7827 |         0 |         0 |         0 |         0 |         0 |         0 |         0 |         0 |         0 |           0 |           0 |           0 |           0 |           0 |           0 |           0 |           0 |           0 |           0 |           0 |           0 |           0 |           0 |           0 |           0 |
|       Operational intensity       |      0.0199 |         0 |         0 |         0 |         0 |         0 |         0 |         0 |         0 |         0 |           0 |           0 |           0 |           0 |           0 |           0 |           0 |           0 |           0 |           0 |           0 |           0 |           0 |           0 |           0 |           0 |
+-----------------------------------+-------------+-----------+-----------+-----------+-----------+-----------+-----------+-----------+-----------+-----------+-------------+-------------+-------------+-------------+-------------+-------------+-------------+-------------+-------------+-------------+-------------+-------------+-------------+-------------+-------------+-------------+

+----------------------------------------+-------------+-----------+-------------+------------+-----------+-----------+-----------+
|                 Metric                 |     Sum     |    Min    |     Max     |     Avg    |  %ile 25  |  %ile 50  |  %ile 75  |
+----------------------------------------+-------------+-----------+-------------+------------+-----------+-----------+-----------+
|        Runtime (RDTSC) [s] STAT        |  47532.7080 | 1828.1050 |   1828.4150 |  1828.1811 | 1828.1120 | 1828.1460 | 1828.2130 |
|        Runtime unhalted [s] STAT       |  47365.3431 | 1820.7312 |   1823.1443 |  1821.7440 | 1821.1065 | 1821.4334 | 1822.6284 |
|            Clock [MHz] STAT            |  62251.0161 | 2393.9418 |   2394.3173 |  2394.2698 | 2394.2620 | 2394.3123 | 2394.3140 |
|                CPI STAT                |     17.5658 |    0.4402 |      0.8506 |     0.6756 |    0.4555 |    0.7156 |    0.8216 |
|             Energy [J] STAT            | 356518.7128 |         0 | 356518.7128 | 13712.2582 |         0 |         0 |         0 |
|             Power [W] STAT             |    195.0114 |         0 |    195.0114 |     7.5004 |         0 |         0 |         0 |
|          Energy DRAM [J] STAT          |  33510.1088 |         0 |  33510.1088 |  1288.8503 |         0 |         0 |         0 |
|           Power DRAM [W] STAT          |     18.3296 |         0 |     18.3296 |     0.7050 |         0 |         0 |         0 |
|            DP [MFLOP/s] STAT           |  41995.5488 | 1613.1597 |   1616.6155 |  1615.2134 | 1613.2938 | 1616.3347 | 1616.4815 |
|          AVX DP [MFLOP/s] STAT         |   6517.9450 |  241.4668 |    256.6304 |   250.6902 |  241.4869 |  256.4191 |  256.4424 |
|          Packed [MUOPS/s] STAT         |    814.7430 |   30.1833 |     32.0788 |    31.3363 |   30.1859 |   32.0524 |   32.0553 |
|          Scalar [MUOPS/s] STAT         |  35477.6042 | 1359.8204 |   1371.8257 |  1364.5232 | 1360.0197 | 1360.0465 | 1371.7470 |
|  Memory read bandwidth [MBytes/s] STAT |  53663.5419 |         0 |  53663.5419 |  2063.9824 |         0 |         0 |         0 |
|  Memory read data volume [GBytes] STAT |  98107.3654 |         0 |  98107.3654 |  3773.3602 |         0 |         0 |         0 |
| Memory write bandwidth [MBytes/s] STAT |  27379.7077 |         0 |  27379.7077 |  1053.0657 |         0 |         0 |         0 |
| Memory write data volume [GBytes] STAT |  50055.4174 |         0 |  50055.4174 |  1925.2084 |         0 |         0 |         0 |
|    Memory bandwidth [MBytes/s] STAT    |  81043.2496 |         0 |  81043.2496 |  3117.0481 |         0 |         0 |         0 |
|    Memory data volume [GBytes] STAT    | 148162.7827 |         0 | 148162.7827 |  5698.5686 |         0 |         0 |         0 |
|       Operational intensity STAT       |      0.0199 |         0 |      0.0199 |     0.0008 |         0 |         0 |         0 |
+----------------------------------------+-------------+-----------+-------------+------------+-----------+-----------+-----------+

