WARN: Cannot extract OpenMP vendor from executable or commandline, assuming no OpenMP
 nx_glob, nz_glob:                  3000                  1250
 dx,dz:    8.00000000000000        8.00000000000000     
 dt:   2.666666666666666E-002
Group: 1
+------------------------------------------+---------+----------------+----------------+----------------+----------------+----------------+----------------+----------------+----------------+----------------+----------------+----------------+----------------+----------------+----------------+----------------+----------------+----------------+----------------+----------------+----------------+
|                   Event                  | Counter |    f0608:0:0   |    f0608:1:1   |    f0608:2:2   |    f0608:3:3   |    f0608:4:4   |    f0608:5:5   |    f0608:6:6   |    f0608:7:7   |    f0608:8:8   |    f0608:9:9   |   f0608:10:10  |   f0608:11:11  |   f0608:12:12  |   f0608:13:13  |   f0608:14:14  |   f0608:15:15  |   f0608:16:16  |   f0608:17:17  |   f0608:18:18  |   f0608:19:19  |
+------------------------------------------+---------+----------------+----------------+----------------+----------------+----------------+----------------+----------------+----------------+----------------+----------------+----------------+----------------+----------------+----------------+----------------+----------------+----------------+----------------+----------------+----------------+
|             INSTR_RETIRED_ANY            |  FIXC0  |  6622627062889 |  6852071665764 |  6636150953958 |  6767242220992 |  6624791556386 |  6735430672614 |  7135110606805 |  7381273036166 |  8448585498159 |  8011550934162 |  7335629828628 |  6988679141311 |  6883702296380 |  7080363008752 |  7516668353516 |  6777374829306 |  6869620644933 |  6745206953454 | 13083658847657 | 13031826024949 |
|           CPU_CLK_UNHALTED_CORE          |  FIXC1  |  5633939717935 |  5636038953522 |  5636885931294 |  5635763965547 |  5635531940753 |  5635824918982 |  5636146080410 |  5635952792037 |  5637583081057 |  5635377675642 |  5636742793442 |  5635586148021 |  5633955723441 |  5634329544069 |  5633936236669 |  5634275732609 |  5639433402888 |  5639849100152 |  5644780297555 |  5643876718907 |
|           CPU_CLK_UNHALTED_REF           |  FIXC2  |  5633941209024 |  5636039327040 |  5636886586944 |  5635768208352 |  5635535768832 |  5635825234272 |  5636147527488 |  5635955226720 |  5637581180352 |  5635374182400 |  5636743448160 |  5635589902848 |  5633957360640 |  5634329913408 |  5633935994976 |  5634279511584 |  5639439865344 |  5639851781568 |  5644775296896 |  5643879733824 |
|               TOPDOWN_SLOTS              |  FIXC3  | 28169698589675 | 28180194767610 | 28184429656470 | 28178819827735 | 28177659703765 | 28179124594910 | 28180730402050 | 28179763960185 | 28187915405285 | 28176888378210 | 28183713967210 | 28177930740105 | 28169778617205 | 28171647720345 | 28169681183345 | 28171378663045 | 28197167014440 | 28199245500760 | 28223901487775 | 28219383594535 |
|              PWR_PKG_ENERGY              |   PWR0  |    398466.5019 |              0 |              0 |              0 |              0 |              0 |              0 |              0 |              0 |              0 |              0 |              0 |              0 |              0 |              0 |              0 |              0 |              0 |              0 |              0 |
|              PWR_DRAM_ENERGY             |   PWR3  |     35878.0316 |              0 |              0 |              0 |              0 |              0 |              0 |              0 |              0 |              0 |              0 |              0 |              0 |              0 |              0 |              0 |              0 |              0 |              0 |              0 |
| FP_ARITH_INST_RETIRED_128B_PACKED_DOUBLE |   PMC0  |              0 |              0 |              0 |              0 |              0 |              0 |              0 |              0 |              0 |              0 |              0 |              0 |              0 |              0 |              0 |              0 |              0 |              0 |              0 |              0 |
|    FP_ARITH_INST_RETIRED_SCALAR_DOUBLE   |   PMC1  |  3239757544606 |  3239756914466 |  3239756909680 |  3239756914440 |  3239756914466 |  3239756907644 |  3239756914536 |  3239756914852 |  3239756902194 |  3239756899864 |  3239756895426 |  3239756894050 |  3239756894232 |  3239756891600 |  3239756898680 |  3239756895756 |  3239756893596 |  3239756881384 |  3239756901462 |  3239756888426 |
| FP_ARITH_INST_RETIRED_256B_PACKED_DOUBLE |   PMC2  |              0 |              0 |              0 |              0 |              0 |              0 |              0 |              0 |              0 |              0 |              0 |              0 |              0 |              0 |              0 |              0 |              0 |              0 |              0 |              0 |
| FP_ARITH_INST_RETIRED_512B_PACKED_DOUBLE |   PMC3  |    69489005763 |    69443711250 |    69443711250 |    69443711250 |    69443711250 |    69443711250 |    69443711250 |    69443711250 |    69443711250 |    69443711250 |    69443711250 |    69443711250 |    69443711250 |    69443711250 |    69443711250 |    69443711250 |    69443711250 |    69443711250 |    69443711250 |    69443711250 |
|               CAS_COUNT_RD               | MBOX0C0 |   339700257001 |              0 |              0 |              0 |              0 |              0 |              0 |              0 |              0 |              0 |              0 |              0 |              0 |              0 |              0 |              0 |              0 |              0 |              0 |              0 |
|               CAS_COUNT_WR               | MBOX0C1 |   176012604440 |              0 |              0 |              0 |              0 |              0 |              0 |              0 |              0 |              0 |              0 |              0 |              0 |              0 |              0 |              0 |              0 |              0 |              0 |              0 |
|               CAS_COUNT_RD               | MBOX1C0 |   339605642474 |              0 |              0 |              0 |              0 |              0 |              0 |              0 |              0 |              0 |              0 |              0 |              0 |              0 |              0 |              0 |              0 |              0 |              0 |              0 |
|               CAS_COUNT_WR               | MBOX1C1 |   175986871356 |              0 |              0 |              0 |              0 |              0 |              0 |              0 |              0 |              0 |              0 |              0 |              0 |              0 |              0 |              0 |              0 |              0 |              0 |              0 |
|               CAS_COUNT_RD               | MBOX2C0 |   339622638607 |              0 |              0 |              0 |              0 |              0 |              0 |              0 |              0 |              0 |              0 |              0 |              0 |              0 |              0 |              0 |              0 |              0 |              0 |              0 |
|               CAS_COUNT_WR               | MBOX2C1 |   176003518805 |              0 |              0 |              0 |              0 |              0 |              0 |              0 |              0 |              0 |              0 |              0 |              0 |              0 |              0 |              0 |              0 |              0 |              0 |              0 |
|               CAS_COUNT_RD               | MBOX3C0 |   339715374712 |              0 |              0 |              0 |              0 |              0 |              0 |              0 |              0 |              0 |              0 |              0 |              0 |              0 |              0 |              0 |              0 |              0 |              0 |              0 |
|               CAS_COUNT_WR               | MBOX3C1 |   176015752822 |              0 |              0 |              0 |              0 |              0 |              0 |              0 |              0 |              0 |              0 |              0 |              0 |              0 |              0 |              0 |              0 |              0 |              0 |              0 |
|               CAS_COUNT_RD               | MBOX4C0 |    21379180587 |              0 |              0 |              0 |              0 |              0 |              0 |              0 |              0 |              0 |              0 |              0 |              0 |              0 |              0 |              0 |              0 |              0 |              0 |              0 |
|               CAS_COUNT_WR               | MBOX4C1 |    12154762167 |              0 |              0 |              0 |              0 |              0 |              0 |              0 |              0 |              0 |              0 |              0 |              0 |              0 |              0 |              0 |              0 |              0 |              0 |              0 |
|               CAS_COUNT_RD               | MBOX5C0 |    21371005832 |              0 |              0 |              0 |              0 |              0 |              0 |              0 |              0 |              0 |              0 |              0 |              0 |              0 |              0 |              0 |              0 |              0 |              0 |              0 |
|               CAS_COUNT_WR               | MBOX5C1 |    12151832889 |              0 |              0 |              0 |              0 |              0 |              0 |              0 |              0 |              0 |              0 |              0 |              0 |              0 |              0 |              0 |              0 |              0 |              0 |              0 |
|               CAS_COUNT_RD               | MBOX6C0 |    21383993645 |              0 |              0 |              0 |              0 |              0 |              0 |              0 |              0 |              0 |              0 |              0 |              0 |              0 |              0 |              0 |              0 |              0 |              0 |              0 |
|               CAS_COUNT_WR               | MBOX6C1 |    12157547655 |              0 |              0 |              0 |              0 |              0 |              0 |              0 |              0 |              0 |              0 |              0 |              0 |              0 |              0 |              0 |              0 |              0 |              0 |              0 |
|               CAS_COUNT_RD               | MBOX7C0 |    21379043256 |              0 |              0 |              0 |              0 |              0 |              0 |              0 |              0 |              0 |              0 |              0 |              0 |              0 |              0 |              0 |              0 |              0 |              0 |              0 |
|               CAS_COUNT_WR               | MBOX7C1 |    12155252339 |              0 |              0 |              0 |              0 |              0 |              0 |              0 |              0 |              0 |              0 |              0 |              0 |              0 |              0 |              0 |              0 |              0 |              0 |              0 |
+------------------------------------------+---------+----------------+----------------+----------------+----------------+----------------+----------------+----------------+----------------+----------------+----------------+----------------+----------------+----------------+----------------+----------------+----------------+----------------+----------------+----------------+----------------+

+-----------------------------------------------+---------+-----------------+----------------+----------------+----------------+
|                     Event                     | Counter |       Sum       |       Min      |       Max      |       Avg      |
+-----------------------------------------------+---------+-----------------+----------------+----------------+----------------+
|             INSTR_RETIRED_ANY STAT            |  FIXC0  | 153527564136781 |  6622627062889 | 13083658847657 |       nil      |
|           CPU_CLK_UNHALTED_CORE STAT          |  FIXC1  | 112735810754932 |  5633936236669 |  5644780297555 |   5.636791e+12 |
|           CPU_CLK_UNHALTED_REF STAT           |  FIXC2  | 112735837260672 |  5633935994976 |  5644775296896 |   5.636792e+12 |
|               TOPDOWN_SLOTS STAT              |  FIXC3  | 563679053774660 | 28169681183345 | 28223901487775 | 28183952688733 |
|              PWR_PKG_ENERGY STAT              |   PWR0  |     398466.5019 |              0 |    398466.5019 |     19923.3251 |
|              PWR_DRAM_ENERGY STAT             |   PWR3  |      35878.0316 |              0 |     35878.0316 |      1793.9016 |
| FP_ARITH_INST_RETIRED_128B_PACKED_DOUBLE STAT |   PMC0  |               0 |              0 |              0 |              0 |
|    FP_ARITH_INST_RETIRED_SCALAR_DOUBLE STAT   |   PMC1  |  64795138671360 |  3239756881384 |  3239757544606 |  3239756933568 |
| FP_ARITH_INST_RETIRED_256B_PACKED_DOUBLE STAT |   PMC2  |               0 |              0 |              0 |              0 |
| FP_ARITH_INST_RETIRED_512B_PACKED_DOUBLE STAT |   PMC3  |   1388919519513 |    69443711250 |    69489005763 |   6.944598e+10 |
|               CAS_COUNT_RD STAT               | MBOX0C0 |    339700257001 |              0 |   339700257001 |   1.698501e+10 |
|               CAS_COUNT_WR STAT               | MBOX0C1 |    176012604440 |              0 |   176012604440 |     8800630222 |
|               CAS_COUNT_RD STAT               | MBOX1C0 |    339605642474 |              0 |   339605642474 |   1.698028e+10 |
|               CAS_COUNT_WR STAT               | MBOX1C1 |    175986871356 |              0 |   175986871356 |   8.799344e+09 |
|               CAS_COUNT_RD STAT               | MBOX2C0 |    339622638607 |              0 |   339622638607 |   1.698113e+10 |
|               CAS_COUNT_WR STAT               | MBOX2C1 |    176003518805 |              0 |   176003518805 |   8.800176e+09 |
|               CAS_COUNT_RD STAT               | MBOX3C0 |    339715374712 |              0 |   339715374712 |   1.698577e+10 |
|               CAS_COUNT_WR STAT               | MBOX3C1 |    176015752822 |              0 |   176015752822 |   8.800788e+09 |
|               CAS_COUNT_RD STAT               | MBOX4C0 |     21379180587 |              0 |    21379180587 |   1.068959e+09 |
|               CAS_COUNT_WR STAT               | MBOX4C1 |     12154762167 |              0 |    12154762167 |   6.077381e+08 |
|               CAS_COUNT_RD STAT               | MBOX5C0 |     21371005832 |              0 |    21371005832 |   1.068550e+09 |
|               CAS_COUNT_WR STAT               | MBOX5C1 |     12151832889 |              0 |    12151832889 |   6.075916e+08 |
|               CAS_COUNT_RD STAT               | MBOX6C0 |     21383993645 |              0 |    21383993645 |   1.069200e+09 |
|               CAS_COUNT_WR STAT               | MBOX6C1 |     12157547655 |              0 |    12157547655 |   6.078774e+08 |
|               CAS_COUNT_RD STAT               | MBOX7C0 |     21379043256 |              0 |    21379043256 |   1.068952e+09 |
|               CAS_COUNT_WR STAT               | MBOX7C1 |     12155252339 |              0 |    12155252339 |   6.077626e+08 |
+-----------------------------------------------+---------+-----------------+----------------+----------------+----------------+

+-----------------------------------+-------------+-----------+-----------+-----------+-----------+-----------+-----------+-----------+-----------+-----------+-------------+-------------+-------------+-------------+-------------+-------------+-------------+-------------+-------------+-------------+
|               Metric              |  f0608:0:0  | f0608:1:1 | f0608:2:2 | f0608:3:3 | f0608:4:4 | f0608:5:5 | f0608:6:6 | f0608:7:7 | f0608:8:8 | f0608:9:9 | f0608:10:10 | f0608:11:11 | f0608:12:12 | f0608:13:13 | f0608:14:14 | f0608:15:15 | f0608:16:16 | f0608:17:17 | f0608:18:18 | f0608:19:19 |
+-----------------------------------+-------------+-----------+-----------+-----------+-----------+-----------+-----------+-----------+-----------+-----------+-------------+-------------+-------------+-------------+-------------+-------------+-------------+-------------+-------------+-------------+
|        Runtime (RDTSC) [s]        |   2363.7940 | 2363.8260 | 2363.7810 | 2363.7510 | 2363.8390 | 2363.8560 | 2363.8220 | 2363.7630 | 2363.8430 | 2363.8540 |   2363.7990 |   2364.0020 |   2363.7500 |   2363.9190 |   2363.8040 |   2363.7680 |   2363.7980 |   2363.8030 |   2364.1480 |   2363.9240 |
|        Runtime unhalted [s]       |   2353.0482 | 2353.9237 | 2354.3011 | 2353.8108 | 2353.7172 | 2353.8470 | 2353.9706 | 2353.8904 | 2354.5859 | 2353.7557 |   2354.2237 |   2353.9840 |   2353.0557 |   2353.3366 |   2353.0492 |   2353.1861 |   2355.3470 |   2355.5176 |   2357.9259 |   2357.3436 |
|            Clock [MHz]            |   2394.3148 | 2394.3166 | 2394.2925 | 2394.3130 | 2394.3098 | 2394.3037 | 2394.3139 | 2394.3129 | 2394.3000 | 2394.2081 |   2394.3103 |   2394.0614 |   2394.3140 |   2394.1876 |   2394.3131 |   2394.3164 |   2394.3083 |   2394.3130 |   2393.9621 |   2394.1668 |
|                CPI                |      0.8507 |    0.8225 |    0.8494 |    0.8328 |    0.8507 |    0.8367 |    0.7899 |    0.7635 |    0.6673 |    0.7034 |      0.7684 |      0.8064 |      0.8184 |      0.7958 |      0.7495 |      0.8313 |      0.8209 |      0.8361 |      0.4314 |      0.4331 |
|             Energy [J]            | 398466.5019 |         0 |         0 |         0 |         0 |         0 |         0 |         0 |         0 |         0 |           0 |           0 |           0 |           0 |           0 |           0 |           0 |           0 |           0 |           0 |
|             Power [W]             |    168.5707 |         0 |         0 |         0 |         0 |         0 |         0 |         0 |         0 |         0 |           0 |           0 |           0 |           0 |           0 |           0 |           0 |           0 |           0 |           0 |
|          Energy DRAM [J]          |  35878.0316 |         0 |         0 |         0 |         0 |         0 |         0 |         0 |         0 |         0 |           0 |           0 |           0 |           0 |           0 |           0 |           0 |           0 |           0 |           0 |
|           Power DRAM [W]          |     15.1782 |         0 |         0 |         0 |         0 |         0 |         0 |         0 |         0 |         0 |           0 |           0 |           0 |           0 |           0 |           0 |           0 |           0 |           0 |           0 |
|            DP [MFLOP/s]           |   1605.7531 | 1605.5778 | 1605.6084 | 1605.6288 | 1605.5690 | 1605.5574 | 1605.5805 | 1605.6206 | 1605.5663 | 1605.5588 |   1605.5962 |   1605.4583 |   1605.6294 |   1605.5146 |   1605.5928 |   1605.6172 |   1605.5968 |   1605.5934 |   1605.3591 |   1605.5113 |
|          AVX DP [MFLOP/s]         |    235.1779 |  235.0214 |  235.0259 |  235.0289 |  235.0201 |  235.0184 |  235.0218 |  235.0277 |  235.0197 |  235.0186 |    235.0241 |    235.0039 |    235.0290 |    235.0122 |    235.0236 |    235.0272 |    235.0242 |    235.0237 |    234.9894 |    235.0117 |
|          Packed [MUOPS/s]         |     29.3972 |   29.3777 |   29.3782 |   29.3786 |   29.3775 |   29.3773 |   29.3777 |   29.3785 |   29.3775 |   29.3773 |     29.3780 |     29.3755 |     29.3786 |     29.3765 |     29.3779 |     29.3784 |     29.3780 |     29.3780 |     29.3737 |     29.3765 |
|          Scalar [MUOPS/s]         |   1370.5752 | 1370.5564 | 1370.5825 | 1370.5999 | 1370.5489 | 1370.5390 | 1370.5587 | 1370.5930 | 1370.5466 | 1370.5402 |   1370.5721 |   1370.4544 |   1370.6005 |   1370.5025 |   1370.5692 |   1370.5900 |   1370.5727 |   1370.5697 |   1370.3697 |   1370.4996 |
|  Memory read bandwidth [MBytes/s] |  39100.7240 |         0 |         0 |         0 |         0 |         0 |         0 |         0 |         0 |         0 |           0 |           0 |           0 |           0 |           0 |           0 |           0 |           0 |           0 |           0 |
|  Memory read data volume [GBytes] |  92426.0567 |         0 |         0 |         0 |         0 |         0 |         0 |         0 |         0 |         0 |           0 |           0 |           0 |           0 |           0 |           0 |           0 |           0 |           0 |           0 |
| Memory write bandwidth [MBytes/s] |  20377.7660 |         0 |         0 |         0 |         0 |         0 |         0 |         0 |         0 |         0 |           0 |           0 |           0 |           0 |           0 |           0 |           0 |           0 |           0 |           0 |
| Memory write data volume [GBytes] |  48168.8411 |         0 |         0 |         0 |         0 |         0 |         0 |         0 |         0 |         0 |           0 |           0 |           0 |           0 |           0 |           0 |           0 |           0 |           0 |           0 |
|    Memory bandwidth [MBytes/s]    |  59478.4900 |         0 |         0 |         0 |         0 |         0 |         0 |         0 |         0 |         0 |           0 |           0 |           0 |           0 |           0 |           0 |           0 |           0 |           0 |           0 |
|    Memory data volume [GBytes]    | 140594.8978 |         0 |         0 |         0 |         0 |         0 |         0 |         0 |         0 |         0 |           0 |           0 |           0 |           0 |           0 |           0 |           0 |           0 |           0 |           0 |
|       Operational intensity       |      0.0270 |         0 |         0 |         0 |         0 |         0 |         0 |         0 |         0 |         0 |           0 |           0 |           0 |           0 |           0 |           0 |           0 |           0 |           0 |           0 |
+-----------------------------------+-------------+-----------+-----------+-----------+-----------+-----------+-----------+-----------+-----------+-----------+-------------+-------------+-------------+-------------+-------------+-------------+-------------+-------------+-------------+-------------+

+----------------------------------------+-------------+-----------+-------------+------------+-----------+-----------+-----------+
|                 Metric                 |     Sum     |    Min    |     Max     |     Avg    |  %ile 25  |  %ile 50  |  %ile 75  |
+----------------------------------------+-------------+-----------+-------------+------------+-----------+-----------+-----------+
|        Runtime (RDTSC) [s] STAT        |  47276.8440 | 2363.7500 |   2364.1480 |  2363.8422 | 2363.7810 | 2363.8040 | 2363.8540 |
|        Runtime unhalted [s] STAT       |  47085.8200 | 2353.0482 |   2357.9259 |  2354.2910 | 2353.3366 | 2353.8904 | 2354.3011 |
|            Clock [MHz] STAT            |  47885.2383 | 2393.9621 |   2394.3166 |  2394.2619 | 2394.2081 | 2394.3098 | 2394.3131 |
|                CPI STAT                |     15.2582 |    0.4314 |      0.8507 |     0.7629 |    0.7495 |    0.8064 |    0.8328 |
|             Energy [J] STAT            | 398466.5019 |         0 | 398466.5019 | 19923.3251 |         0 |         0 |         0 |
|             Power [W] STAT             |    168.5707 |         0 |    168.5707 |     8.4285 |         0 |         0 |         0 |
|          Energy DRAM [J] STAT          |  35878.0316 |         0 |  35878.0316 |  1793.9016 |         0 |         0 |         0 |
|           Power DRAM [W] STAT          |     15.1782 |         0 |     15.1782 |     0.7589 |         0 |         0 |         0 |
|            DP [MFLOP/s] STAT           |  32111.4898 | 1605.3591 |   1605.7531 |  1605.5745 | 1605.5574 | 1605.5805 | 1605.6084 |
|          AVX DP [MFLOP/s] STAT         |   4700.5494 |  234.9894 |    235.1779 |   235.0275 |  235.0184 |  235.0218 |  235.0259 |
|          Packed [MUOPS/s] STAT         |    587.5686 |   29.3737 |     29.3972 |    29.3784 |   29.3773 |   29.3777 |   29.3782 |
|          Scalar [MUOPS/s] STAT         |  27410.9408 | 1370.3697 |   1370.6005 |  1370.5470 | 1370.5390 | 1370.5587 | 1370.5752 |
|  Memory read bandwidth [MBytes/s] STAT |  39100.7240 |         0 |  39100.7240 |  1955.0362 |         0 |         0 |         0 |
|  Memory read data volume [GBytes] STAT |  92426.0567 |         0 |  92426.0567 |  4621.3028 |         0 |         0 |         0 |
| Memory write bandwidth [MBytes/s] STAT |  20377.7660 |         0 |  20377.7660 |  1018.8883 |         0 |         0 |         0 |
| Memory write data volume [GBytes] STAT |  48168.8411 |         0 |  48168.8411 |  2408.4421 |         0 |         0 |         0 |
|    Memory bandwidth [MBytes/s] STAT    |  59478.4900 |         0 |  59478.4900 |  2973.9245 |         0 |         0 |         0 |
|    Memory data volume [GBytes] STAT    | 140594.8978 |         0 | 140594.8978 |  7029.7449 |         0 |         0 |         0 |
|       Operational intensity STAT       |      0.0270 |         0 |      0.0270 |     0.0014 |         0 |         0 |         0 |
+----------------------------------------+-------------+-----------+-------------+------------+-----------+-----------+-----------+

