WARN: Cannot extract OpenMP vendor from executable or commandline, assuming no OpenMP
 nx_glob, nz_glob:                  3000                  1250
 dx,dz:    8.00000000000000        8.00000000000000     
 dt:   2.666666666666666E-002
Group: 1
+------------------------------------------+---------+----------------+----------------+----------------+----------------+----------------+----------------+----------------+----------------+----------------+----------------+----------------+----------------+----------------+----------------+----------------+----------------+----------------+----------------+----------------+----------------+----------------+----------------+----------------+----------------+
|                   Event                  | Counter |    f0608:0:0   |    f0608:1:1   |    f0608:2:2   |    f0608:3:3   |    f0608:4:4   |    f0608:5:5   |    f0608:6:6   |    f0608:7:7   |    f0608:8:8   |    f0608:9:9   |   f0608:10:10  |   f0608:11:11  |   f0608:12:12  |   f0608:13:13  |   f0608:14:14  |   f0608:15:15  |   f0608:16:16  |   f0608:17:17  |   f0608:18:18  |   f0608:19:19  |   f0608:20:20  |   f0608:21:21  |   f0608:22:22  |   f0608:23:23  |
+------------------------------------------+---------+----------------+----------------+----------------+----------------+----------------+----------------+----------------+----------------+----------------+----------------+----------------+----------------+----------------+----------------+----------------+----------------+----------------+----------------+----------------+----------------+----------------+----------------+----------------+----------------+
|             INSTR_RETIRED_ANY            |  FIXC0  |  6408726317698 |  5611856189288 |  5561634936676 |  5577737080604 |  5667208556717 |  5767770680982 |  5559326532970 |  5736884740562 |  5699887683610 |  5585713403113 |  6290932807696 |  5590928617247 |  5569384265149 |  5686984892088 |  5619478564585 |  6329775710648 |  5974327540572 |  7140837329000 | 11046123318513 | 10948983558152 | 10881877056098 | 10958220297539 | 10939824511807 | 11148766759732 |
|           CPU_CLK_UNHALTED_CORE          |  FIXC1  |  4845260961799 |  4847074429981 |  4847775823523 |  4845839943853 |  4845950096492 |  4846289362569 |  4846093666109 |  4846591641408 |  4846043058319 |  4845971289674 |  4846236942303 |  4846519826884 |  4847020339963 |  4846047885996 |  4846681406779 |  4847815660430 |  4847811906035 |  4848619247881 |  4851418333629 |  4850646151061 |  4851689271272 |  4851762468111 |  4851260062508 |  4850217142760 |
|           CPU_CLK_UNHALTED_REF           |  FIXC2  |  4845259765248 |  4847073068256 |  4847774164032 |  4845840740160 |  4845949932096 |  4846289091744 |  4846094550912 |  4846591985184 |  4846040499840 |  4845969148896 |  4846236865728 |  4846520930976 |  4847020159680 |  4846047562464 |  4846679091168 |  4847818365216 |  4847814406176 |  4848618942048 |  4851415101600 |  4850643585408 |  4851685574016 |  4851757140960 |  4851257934432 |  4850213525760 |
|               TOPDOWN_SLOTS              |  FIXC3  | 24226304808995 | 24235372149905 | 24238879117615 | 24229199719265 | 24229750482460 | 24231446812845 | 24230468330545 | 24232958207040 | 24230215291595 | 24229856448370 | 24231184711515 | 24232599134420 | 24235101699815 | 24230239429980 | 24233407033895 | 24239078302150 | 24239059530175 | 24243096239405 | 24257091668145 | 24253230755305 | 24258446356360 | 24258812340555 | 24256300312540 | 24251085713800 |
|              PWR_PKG_ENERGY              |   PWR0  |    375436.2501 |              0 |              0 |              0 |              0 |              0 |              0 |              0 |              0 |              0 |              0 |              0 |              0 |              0 |              0 |              0 |              0 |              0 |              0 |              0 |              0 |              0 |              0 |              0 |
|              PWR_DRAM_ENERGY             |   PWR3  |     34967.6264 |              0 |              0 |              0 |              0 |              0 |              0 |              0 |              0 |              0 |              0 |              0 |              0 |              0 |              0 |              0 |              0 |              0 |              0 |              0 |              0 |              0 |              0 |              0 |
| FP_ARITH_INST_RETIRED_128B_PACKED_DOUBLE |   PMC0  |              0 |              0 |              0 |              0 |              0 |              0 |              0 |              0 |              0 |              0 |              0 |              0 |              0 |              0 |              0 |              0 |              0 |              0 |              0 |              0 |              0 |              0 |              0 |              0 |
|    FP_ARITH_INST_RETIRED_SCALAR_DOUBLE   |   PMC1  |  2701585465205 |  2701584838897 |  2701584851085 |  2701584825259 |  2701584848295 |  2701584815103 |  2701584870532 |  2701584830375 |  2701584810365 |  2701584825321 |  2701584825811 |  2701584813687 |  2701584820365 |  2701584812709 |  2701584800217 |  2701584802889 |  2701584796479 |  2701584805085 |  2701584812613 |  2701584798481 |  2701584781777 |  2701584793459 |  2701584789117 |  2701584778965 |
| FP_ARITH_INST_RETIRED_256B_PACKED_DOUBLE |   PMC2  |              0 |              0 |              0 |              0 |              0 |              0 |              0 |              0 |              0 |              0 |              0 |              0 |              0 |              0 |              0 |              0 |              0 |              0 |              0 |              0 |              0 |              0 |              0 |              0 |
| FP_ARITH_INST_RETIRED_512B_PACKED_DOUBLE |   PMC3  |    62907463263 |    62862168750 |    62862168750 |    62862168750 |    62862168750 |    62862168750 |    62862168750 |    62862168750 |    62862168750 |    62862168750 |    62862168750 |    62862168750 |    62862168750 |    62862168750 |    62862168750 |    62862168750 |    62862168750 |    62862168750 |    62862168750 |    62862168750 |    62862168750 |    62862168750 |    62862168750 |    62862168750 |
|               CAS_COUNT_RD               | MBOX0C0 |   287930756020 |              0 |              0 |              0 |              0 |              0 |              0 |              0 |              0 |              0 |              0 |              0 |              0 |              0 |              0 |              0 |              0 |              0 |              0 |              0 |              0 |              0 |              0 |              0 |
|               CAS_COUNT_WR               | MBOX0C1 |   147419373489 |              0 |              0 |              0 |              0 |              0 |              0 |              0 |              0 |              0 |              0 |              0 |              0 |              0 |              0 |              0 |              0 |              0 |              0 |              0 |              0 |              0 |              0 |              0 |
|               CAS_COUNT_RD               | MBOX1C0 |   287912570485 |              0 |              0 |              0 |              0 |              0 |              0 |              0 |              0 |              0 |              0 |              0 |              0 |              0 |              0 |              0 |              0 |              0 |              0 |              0 |              0 |              0 |              0 |              0 |
|               CAS_COUNT_WR               | MBOX1C1 |   147420434593 |              0 |              0 |              0 |              0 |              0 |              0 |              0 |              0 |              0 |              0 |              0 |              0 |              0 |              0 |              0 |              0 |              0 |              0 |              0 |              0 |              0 |              0 |              0 |
|               CAS_COUNT_RD               | MBOX2C0 |   287936344652 |              0 |              0 |              0 |              0 |              0 |              0 |              0 |              0 |              0 |              0 |              0 |              0 |              0 |              0 |              0 |              0 |              0 |              0 |              0 |              0 |              0 |              0 |              0 |
|               CAS_COUNT_WR               | MBOX2C1 |   147418492922 |              0 |              0 |              0 |              0 |              0 |              0 |              0 |              0 |              0 |              0 |              0 |              0 |              0 |              0 |              0 |              0 |              0 |              0 |              0 |              0 |              0 |              0 |              0 |
|               CAS_COUNT_RD               | MBOX3C0 |   287964836131 |              0 |              0 |              0 |              0 |              0 |              0 |              0 |              0 |              0 |              0 |              0 |              0 |              0 |              0 |              0 |              0 |              0 |              0 |              0 |              0 |              0 |              0 |              0 |
|               CAS_COUNT_WR               | MBOX3C1 |   147413768691 |              0 |              0 |              0 |              0 |              0 |              0 |              0 |              0 |              0 |              0 |              0 |              0 |              0 |              0 |              0 |              0 |              0 |              0 |              0 |              0 |              0 |              0 |              0 |
|               CAS_COUNT_RD               | MBOX4C0 |    90343842636 |              0 |              0 |              0 |              0 |              0 |              0 |              0 |              0 |              0 |              0 |              0 |              0 |              0 |              0 |              0 |              0 |              0 |              0 |              0 |              0 |              0 |              0 |              0 |
|               CAS_COUNT_WR               | MBOX4C1 |    47352348851 |              0 |              0 |              0 |              0 |              0 |              0 |              0 |              0 |              0 |              0 |              0 |              0 |              0 |              0 |              0 |              0 |              0 |              0 |              0 |              0 |              0 |              0 |              0 |
|               CAS_COUNT_RD               | MBOX5C0 |    90371041264 |              0 |              0 |              0 |              0 |              0 |              0 |              0 |              0 |              0 |              0 |              0 |              0 |              0 |              0 |              0 |              0 |              0 |              0 |              0 |              0 |              0 |              0 |              0 |
|               CAS_COUNT_WR               | MBOX5C1 |    47346051992 |              0 |              0 |              0 |              0 |              0 |              0 |              0 |              0 |              0 |              0 |              0 |              0 |              0 |              0 |              0 |              0 |              0 |              0 |              0 |              0 |              0 |              0 |              0 |
|               CAS_COUNT_RD               | MBOX6C0 |    90369900346 |              0 |              0 |              0 |              0 |              0 |              0 |              0 |              0 |              0 |              0 |              0 |              0 |              0 |              0 |              0 |              0 |              0 |              0 |              0 |              0 |              0 |              0 |              0 |
|               CAS_COUNT_WR               | MBOX6C1 |    47354340977 |              0 |              0 |              0 |              0 |              0 |              0 |              0 |              0 |              0 |              0 |              0 |              0 |              0 |              0 |              0 |              0 |              0 |              0 |              0 |              0 |              0 |              0 |              0 |
|               CAS_COUNT_RD               | MBOX7C0 |    90363820739 |              0 |              0 |              0 |              0 |              0 |              0 |              0 |              0 |              0 |              0 |              0 |              0 |              0 |              0 |              0 |              0 |              0 |              0 |              0 |              0 |              0 |              0 |              0 |
|               CAS_COUNT_WR               | MBOX7C1 |    47353673869 |              0 |              0 |              0 |              0 |              0 |              0 |              0 |              0 |              0 |              0 |              0 |              0 |              0 |              0 |              0 |              0 |              0 |              0 |              0 |              0 |              0 |              0 |              0 |
+------------------------------------------+---------+----------------+----------------+----------------+----------------+----------------+----------------+----------------+----------------+----------------+----------------+----------------+----------------+----------------+----------------+----------------+----------------+----------------+----------------+----------------+----------------+----------------+----------------+----------------+----------------+

+-----------------------------------------------+---------+-----------------+----------------+----------------+---------------+
|                     Event                     | Counter |       Sum       |       Min      |       Max      |      Avg      |
+-----------------------------------------------+---------+-----------------+----------------+----------------+---------------+
|             INSTR_RETIRED_ANY STAT            |  FIXC0  | 171303191351046 |  5559326532970 | 11148766759732 |  7.137633e+12 |
|           CPU_CLK_UNHALTED_CORE STAT          |  FIXC1  | 116346636919339 |  4845260961799 |  4851762468111 |  4.847777e+12 |
|           CPU_CLK_UNHALTED_REF STAT           |  FIXC2  | 116346612132000 |  4845259765248 |  4851757140960 | 4847775505500 |
|               TOPDOWN_SLOTS STAT              |  FIXC3  | 581733184596695 | 24226304808995 | 24258812340555 |      nil      |
|              PWR_PKG_ENERGY STAT              |   PWR0  |     375436.2501 |              0 |    375436.2501 |    15643.1771 |
|              PWR_DRAM_ENERGY STAT             |   PWR3  |      34967.6264 |              0 |     34967.6264 |     1456.9844 |
| FP_ARITH_INST_RETIRED_128B_PACKED_DOUBLE STAT |   PMC0  |               0 |              0 |              0 |             0 |
|    FP_ARITH_INST_RETIRED_SCALAR_DOUBLE STAT   |   PMC1  |  64838036212091 |  2701584778965 |  2701585465205 |  2.701585e+12 |
| FP_ARITH_INST_RETIRED_256B_PACKED_DOUBLE STAT |   PMC2  |               0 |              0 |              0 |             0 |
| FP_ARITH_INST_RETIRED_512B_PACKED_DOUBLE STAT |   PMC3  |   1508737344513 |    62862168750 |    62907463263 |  6.286406e+10 |
|               CAS_COUNT_RD STAT               | MBOX0C0 |    287930756020 |              0 |   287930756020 |  1.199711e+10 |
|               CAS_COUNT_WR STAT               | MBOX0C1 |    147419373489 |              0 |   147419373489 |  6.142474e+09 |
|               CAS_COUNT_RD STAT               | MBOX1C0 |    287912570485 |              0 |   287912570485 |  1.199636e+10 |
|               CAS_COUNT_WR STAT               | MBOX1C1 |    147420434593 |              0 |   147420434593 |  6.142518e+09 |
|               CAS_COUNT_RD STAT               | MBOX2C0 |    287936344652 |              0 |   287936344652 |  1.199735e+10 |
|               CAS_COUNT_WR STAT               | MBOX2C1 |    147418492922 |              0 |   147418492922 |  6.142437e+09 |
|               CAS_COUNT_RD STAT               | MBOX3C0 |    287964836131 |              0 |   287964836131 |  1.199853e+10 |
|               CAS_COUNT_WR STAT               | MBOX3C1 |    147413768691 |              0 |   147413768691 |  6.142240e+09 |
|               CAS_COUNT_RD STAT               | MBOX4C0 |     90343842636 |              0 |    90343842636 |  3.764327e+09 |
|               CAS_COUNT_WR STAT               | MBOX4C1 |     47352348851 |              0 |    47352348851 |  1.973015e+09 |
|               CAS_COUNT_RD STAT               | MBOX5C0 |     90371041264 |              0 |    90371041264 |  3.765460e+09 |
|               CAS_COUNT_WR STAT               | MBOX5C1 |     47346051992 |              0 |    47346051992 |  1.972752e+09 |
|               CAS_COUNT_RD STAT               | MBOX6C0 |     90369900346 |              0 |    90369900346 |  3.765413e+09 |
|               CAS_COUNT_WR STAT               | MBOX6C1 |     47354340977 |              0 |    47354340977 |  1.973098e+09 |
|               CAS_COUNT_RD STAT               | MBOX7C0 |     90363820739 |              0 |    90363820739 |  3.765159e+09 |
|               CAS_COUNT_WR STAT               | MBOX7C1 |     47353673869 |              0 |    47353673869 |  1.973070e+09 |
+-----------------------------------------------+---------+-----------------+----------------+----------------+---------------+

+-----------------------------------+-------------+-----------+-----------+-----------+-----------+-----------+-----------+-----------+-----------+-----------+-------------+-------------+-------------+-------------+-------------+-------------+-------------+-------------+-------------+-------------+-------------+-------------+-------------+-------------+
|               Metric              |  f0608:0:0  | f0608:1:1 | f0608:2:2 | f0608:3:3 | f0608:4:4 | f0608:5:5 | f0608:6:6 | f0608:7:7 | f0608:8:8 | f0608:9:9 | f0608:10:10 | f0608:11:11 | f0608:12:12 | f0608:13:13 | f0608:14:14 | f0608:15:15 | f0608:16:16 | f0608:17:17 | f0608:18:18 | f0608:19:19 | f0608:20:20 | f0608:21:21 | f0608:22:22 | f0608:23:23 |
+-----------------------------------+-------------+-----------+-----------+-----------+-----------+-----------+-----------+-----------+-----------+-----------+-------------+-------------+-------------+-------------+-------------+-------------+-------------+-------------+-------------+-------------+-------------+-------------+-------------+-------------+
|        Runtime (RDTSC) [s]        |   2031.7850 | 2031.7740 | 2031.7680 | 2031.7680 | 2031.7980 | 2031.7780 | 2032.2340 | 2031.7960 | 2031.7680 | 2031.9180 |   2031.8010 |   2031.7520 |   2031.8870 |   2031.8990 |   2031.8180 |   2031.8400 |   2031.7610 |   2032.0940 |   2031.7600 |   2031.7530 |   2031.7600 |   2031.7780 |   2031.7530 |   2031.7590 |
|        Runtime unhalted [s]       |   2023.6725 | 2024.4128 | 2024.6998 | 2023.8964 | 2023.9401 | 2024.0822 | 2024.4493 | 2024.2054 | 2023.9872 | 2024.0362 |   2024.0633 |   2024.1762 |   2024.4489 |   2024.0832 |   2024.2460 |   2024.7256 |   2024.7207 |   2025.3884 |   2026.2381 |   2025.9016 |   2026.3382 |   2026.3705 |   2026.1599 |   2025.7200 |
|            Clock [MHz]            |   2394.2916 | 2394.3120 | 2394.3192 | 2394.3119 | 2394.3150 | 2394.3146 | 2393.7832 | 2394.3179 | 2394.3064 | 2394.2128 |   2394.3110 |   2394.3167 |   2394.2420 |   2394.1942 |   2394.3156 |   2394.3062 |   2394.3102 |   2393.9209 |   2394.2998 |   2394.3161 |   2394.3155 |   2394.3143 |   2394.3136 |   2394.3194 |
|                CPI                |      0.7560 |    0.8637 |    0.8716 |    0.8688 |    0.8551 |    0.8402 |    0.8717 |    0.8448 |    0.8502 |    0.8676 |      0.7704 |      0.8669 |      0.8703 |      0.8521 |      0.8625 |      0.7659 |      0.8114 |      0.6790 |      0.4392 |      0.4430 |      0.4459 |      0.4428 |      0.4434 |      0.4350 |
|             Energy [J]            | 375436.2501 |         0 |         0 |         0 |         0 |         0 |         0 |         0 |         0 |         0 |           0 |           0 |           0 |           0 |           0 |           0 |           0 |           0 |           0 |           0 |           0 |           0 |           0 |           0 |
|             Power [W]             |    184.7815 |         0 |         0 |         0 |         0 |         0 |         0 |         0 |         0 |         0 |           0 |           0 |           0 |           0 |           0 |           0 |           0 |           0 |           0 |           0 |           0 |           0 |           0 |           0 |
|          Energy DRAM [J]          |  34967.6264 |         0 |         0 |         0 |         0 |         0 |         0 |         0 |         0 |         0 |           0 |           0 |           0 |           0 |           0 |           0 |           0 |           0 |           0 |           0 |           0 |           0 |           0 |           0 |
|           Power DRAM [W]          |     17.2103 |         0 |         0 |         0 |         0 |         0 |         0 |         0 |         0 |         0 |           0 |           0 |           0 |           0 |           0 |           0 |           0 |           0 |           0 |           0 |           0 |           0 |           0 |           0 |
|            DP [MFLOP/s]           |   1577.3545 | 1577.1844 | 1577.1890 | 1577.1890 | 1577.1657 | 1577.1812 | 1576.8274 | 1577.1673 | 1577.1890 | 1577.0726 |   1577.1634 |   1577.2014 |   1577.0966 |   1577.0873 |   1577.1502 |   1577.1331 |   1577.1944 |   1576.9360 |   1577.1952 |   1577.2006 |   1577.1952 |   1577.1812 |   1577.2006 |   1577.1960 |
|          AVX DP [MFLOP/s]         |    247.6934 |  247.5164 |  247.5171 |  247.5171 |  247.5135 |  247.5159 |  247.4604 |  247.5137 |  247.5171 |  247.4988 |    247.5131 |    247.5191 |    247.5026 |    247.5012 |    247.5110 |    247.5083 |    247.5180 |    247.4774 |    247.5181 |    247.5189 |    247.5181 |    247.5159 |    247.5189 |    247.5182 |
|          Packed [MUOPS/s]         |     30.9617 |   30.9395 |   30.9396 |   30.9396 |   30.9392 |   30.9395 |   30.9325 |   30.9392 |   30.9396 |   30.9374 |     30.9391 |     30.9399 |     30.9378 |     30.9376 |     30.9389 |     30.9385 |     30.9397 |     30.9347 |     30.9398 |     30.9399 |     30.9398 |     30.9395 |     30.9399 |     30.9398 |
|          Scalar [MUOPS/s]         |   1329.6611 | 1329.6680 | 1329.6719 | 1329.6719 | 1329.6523 | 1329.6654 | 1329.3670 | 1329.6536 | 1329.6719 | 1329.5737 |   1329.6503 |   1329.6824 |   1329.5940 |   1329.5862 |   1329.6392 |   1329.6248 |   1329.6765 |   1329.4586 |   1329.6771 |   1329.6817 |   1329.6771 |   1329.6653 |   1329.6817 |   1329.6778 |
|  Memory read bandwidth [MBytes/s] |  47664.6688 |         0 |         0 |         0 |         0 |         0 |         0 |         0 |         0 |         0 |           0 |           0 |           0 |           0 |           0 |           0 |           0 |           0 |           0 |           0 |           0 |           0 |           0 |           0 |
|  Memory read data volume [GBytes] |  96844.3592 |         0 |         0 |         0 |         0 |         0 |         0 |         0 |         0 |         0 |           0 |           0 |           0 |           0 |           0 |           0 |           0 |           0 |           0 |           0 |           0 |           0 |           0 |           0 |
| Memory write bandwidth [MBytes/s] |  24540.5016 |         0 |         0 |         0 |         0 |         0 |         0 |         0 |         0 |         0 |           0 |           0 |           0 |           0 |           0 |           0 |           0 |           0 |           0 |           0 |           0 |           0 |           0 |           0 |
| Memory write data volume [GBytes] |  49861.0231 |         0 |         0 |         0 |         0 |         0 |         0 |         0 |         0 |         0 |           0 |           0 |           0 |           0 |           0 |           0 |           0 |           0 |           0 |           0 |           0 |           0 |           0 |           0 |
|    Memory bandwidth [MBytes/s]    |  72205.1705 |         0 |         0 |         0 |         0 |         0 |         0 |         0 |         0 |         0 |           0 |           0 |           0 |           0 |           0 |           0 |           0 |           0 |           0 |           0 |           0 |           0 |           0 |           0 |
|    Memory data volume [GBytes]    | 146705.3823 |         0 |         0 |         0 |         0 |         0 |         0 |         0 |         0 |         0 |           0 |           0 |           0 |           0 |           0 |           0 |           0 |           0 |           0 |           0 |           0 |           0 |           0 |           0 |
|       Operational intensity       |      0.0218 |         0 |         0 |         0 |         0 |         0 |         0 |         0 |         0 |         0 |           0 |           0 |           0 |           0 |           0 |           0 |           0 |           0 |           0 |           0 |           0 |           0 |           0 |           0 |
+-----------------------------------+-------------+-----------+-----------+-----------+-----------+-----------+-----------+-----------+-----------+-----------+-------------+-------------+-------------+-------------+-------------+-------------+-------------+-------------+-------------+-------------+-------------+-------------+-------------+-------------+

+----------------------------------------+-------------+-----------+-------------+------------+-----------+-----------+-----------+
|                 Metric                 |     Sum     |    Min    |     Max     |     Avg    |  %ile 25  |  %ile 50  |  %ile 75  |
+----------------------------------------+-------------+-----------+-------------+------------+-----------+-----------+-----------+
|        Runtime (RDTSC) [s] STAT        |  48763.8020 | 2031.7520 |   2032.2340 |  2031.8251 | 2031.7600 | 2031.7780 | 2031.8180 |
|        Runtime unhalted [s] STAT       |  48593.9625 | 2023.6725 |   2026.3705 |  2024.7484 | 2024.0633 | 2024.4128 | 2025.3884 |
|            Clock [MHz] STAT            |  57462.2801 | 2393.7832 |   2394.3194 |  2394.2617 | 2394.2916 | 2394.3119 | 2394.3155 |
|                CPI STAT                |     17.6175 |    0.4350 |      0.8717 |     0.7341 |    0.4459 |    0.8402 |    0.8637 |
|             Energy [J] STAT            | 375436.2501 |         0 | 375436.2501 | 15643.1771 |         0 |         0 |         0 |
|             Power [W] STAT             |    184.7815 |         0 |    184.7815 |     7.6992 |         0 |         0 |         0 |
|          Energy DRAM [J] STAT          |  34967.6264 |         0 |  34967.6264 |  1456.9844 |         0 |         0 |         0 |
|           Power DRAM [W] STAT          |     17.2103 |         0 |     17.2103 |     0.7171 |         0 |         0 |         0 |
|            DP [MFLOP/s] STAT           |  37851.6513 | 1576.8274 |   1577.3545 |  1577.1521 | 1577.1331 | 1577.1812 | 1577.1952 |
|          AVX DP [MFLOP/s] STAT         |   5940.4222 |  247.4604 |    247.6934 |   247.5176 |  247.5083 |  247.5159 |  247.5181 |
|          Packed [MUOPS/s] STAT         |    742.5527 |   30.9325 |     30.9617 |    30.9397 |   30.9385 |   30.9395 |   30.9398 |
|          Scalar [MUOPS/s] STAT         |  31911.2295 | 1329.3670 |   1329.6824 |  1329.6346 | 1329.6248 | 1329.6653 | 1329.6765 |
|  Memory read bandwidth [MBytes/s] STAT |  47664.6688 |         0 |  47664.6688 |  1986.0279 |         0 |         0 |         0 |
|  Memory read data volume [GBytes] STAT |  96844.3592 |         0 |  96844.3592 |  4035.1816 |         0 |         0 |         0 |
| Memory write bandwidth [MBytes/s] STAT |  24540.5016 |         0 |  24540.5016 |  1022.5209 |         0 |         0 |         0 |
| Memory write data volume [GBytes] STAT |  49861.0231 |         0 |  49861.0231 |  2077.5426 |         0 |         0 |         0 |
|    Memory bandwidth [MBytes/s] STAT    |  72205.1705 |         0 |  72205.1705 |  3008.5488 |         0 |         0 |         0 |
|    Memory data volume [GBytes] STAT    | 146705.3823 |         0 | 146705.3823 |  6112.7243 |         0 |         0 |         0 |
|       Operational intensity STAT       |      0.0218 |         0 |      0.0218 |     0.0009 |         0 |         0 |         0 |
+----------------------------------------+-------------+-----------+-------------+------------+-----------+-----------+-----------+

