WARN: Cannot extract OpenMP vendor from executable or commandline, assuming no OpenMP
 nx_glob, nz_glob:                  3000                  1250
 dx,dz:    8.00000000000000        8.00000000000000     
 dt:   2.666666666666666E-002
Group: 1
+------------------------------------------+---------+----------------+----------------+----------------+----------------+----------------+----------------+----------------+----------------+----------------+----------------+----------------+----------------+----------------+----------------+----------------+----------------+----------------+----------------+----------------+----------------+----------------+----------------+----------------+----------------+----------------+----------------+----------------+----------------+----------------+----------------+----------------+----------------+----------------+----------------+
|                   Event                  | Counter |    f0608:0:0   |    f0608:1:1   |    f0608:2:2   |    f0608:3:3   |    f0608:4:4   |    f0608:5:5   |    f0608:6:6   |    f0608:7:7   |    f0608:8:8   |    f0608:9:9   |   f0608:10:10  |   f0608:11:11  |   f0608:12:12  |   f0608:13:13  |   f0608:14:14  |   f0608:15:15  |   f0608:16:16  |   f0608:17:17  |   f0608:18:18  |   f0608:19:19  |   f0608:20:20  |   f0608:21:21  |   f0608:22:22  |   f0608:23:23  |   f0608:24:24  |   f0608:25:25  |   f0608:26:26  |   f0608:27:27  |   f0608:28:28  |   f0608:29:29  |   f0608:30:30  |   f0608:31:31  |   f0608:32:32  |   f0608:33:33  |
+------------------------------------------+---------+----------------+----------------+----------------+----------------+----------------+----------------+----------------+----------------+----------------+----------------+----------------+----------------+----------------+----------------+----------------+----------------+----------------+----------------+----------------+----------------+----------------+----------------+----------------+----------------+----------------+----------------+----------------+----------------+----------------+----------------+----------------+----------------+----------------+----------------+
|             INSTR_RETIRED_ANY            |  FIXC0  |  4977909723920 |  4247866454937 |  4029962727367 |  4006842537786 |  4193917061572 |  4013283902856 |  4014955181979 |  4041199871598 |  4209910364113 |  4126971301400 |  4039884611218 |  4378110208160 |  4308069660649 |  4038907150023 |  4012742051284 |  4034984299888 |  4094671309302 |  4054965756246 |  7242113673703 |  7278266241500 |  7338714830034 |  7175484546872 |  7209737227423 |  7255711810983 |  7338459060815 |  7313145361944 |  7243344476997 |  7269673284848 |  7333000289480 |  7292763506564 |  7167203817780 |  7235517282018 |  7246608110011 |  7211961463122 |
|           CPU_CLK_UNHALTED_CORE          |  FIXC1  |  3446040062758 |  3447770913026 |  3447885049037 |  3446793183647 |  3447273083868 |  3447103074491 |  3446489865427 |  3447406971817 |  3447571744377 |  3446705626978 |  3447275706057 |  3447947144169 |  3447788131942 |  3446928444404 |  3447502514269 |  3447515362482 |  3446703667884 |  3444710751123 |  3449081252800 |  3447858288270 |  3448623749711 |  3448469950965 |  3448648669052 |  3448690662156 |  3447986699564 |  3448265928640 |  3447771115082 |  3448100300054 |  3448597760944 |  3448480699542 |  3448500600167 |  3448247897552 |  3448732492618 |  3448357680601 |
|           CPU_CLK_UNHALTED_REF           |  FIXC2  |  3446041035168 |  3447771406464 |  3447883613472 |  3446793521376 |  3447273333504 |  3447103106496 |  3446490976704 |  3447406089120 |  3447571008384 |  3446704966656 |  3447276490944 |  3447947704896 |  3447789859392 |  3446929166400 |  3447502446720 |  3447516846336 |  3446707204128 |  3444712977696 |  3449078093856 |  3447857529984 |  3448622789856 |  3448468808736 |  3448650109920 |  3448686941280 |  3447984200832 |  3448266900480 |  3447770837760 |  3448098811008 |  3448598203104 |  3448479446208 |  3448497045312 |  3448247528544 |  3448732274688 |  3448357673184 |
|               TOPDOWN_SLOTS              |  FIXC3  | 17230200313790 | 17238854565130 | 17239425245185 | 17233965918235 | 17236365419340 | 17235515372455 | 17232449327135 | 17237034859085 | 17237858721885 | 17233528134890 | 17236378530285 | 17239735720845 | 17238940659710 | 17234642222020 | 17237512571345 | 17237576812410 | 17233518339420 | 17223553755615 | 17245406264000 | 17239291441350 | 17243118748555 | 17242349754825 | 17243243345260 | 17243453310780 | 17239933497820 | 17241329643200 | 17238855575410 | 17240501500270 | 17242988804720 | 17242403497710 | 17242503000835 | 17241239487760 | 17243662463090 | 17241788403005 |
|              PWR_PKG_ENERGY              |   PWR0  |    325595.6158 |              0 |              0 |              0 |              0 |              0 |              0 |              0 |              0 |              0 |              0 |              0 |              0 |              0 |              0 |              0 |              0 |              0 |              0 |              0 |              0 |              0 |              0 |              0 |              0 |              0 |              0 |              0 |              0 |              0 |              0 |              0 |              0 |              0 |
|              PWR_DRAM_ENERGY             |   PWR3  |     30444.8076 |              0 |              0 |              0 |              0 |              0 |              0 |              0 |              0 |              0 |              0 |              0 |              0 |              0 |              0 |              0 |              0 |              0 |              0 |              0 |              0 |              0 |              0 |              0 |              0 |              0 |              0 |              0 |              0 |              0 |              0 |              0 |              0 |              0 |
| FP_ARITH_INST_RETIRED_128B_PACKED_DOUBLE |   PMC0  |              0 |              0 |              0 |              0 |              0 |              0 |              0 |              0 |              0 |              0 |              0 |              0 |              0 |              0 |              0 |              0 |              0 |              0 |              0 |              0 |              0 |              0 |              0 |              0 |              0 |              0 |              0 |              0 |              0 |              0 |              0 |              0 |              0 |              0 |
|    FP_ARITH_INST_RETIRED_SCALAR_DOUBLE   |   PMC1  |  1905090795631 |  1905090208992 |  1926617059854 |  1905090171642 |  1905090161090 |  1905090157388 |  1926617041858 |  1905090189074 |  1905090163396 |  1905090151653 |  1926617070980 |  1905090148004 |  1905090155138 |  1905090146654 |  1926617037028 |  1905090168690 |  1905090135388 |  1905090157680 |  1905090126716 |  1926616977190 |  1905090123300 |  1905090079918 |  1905090102804 |  1926616969744 |  1905090104620 |  1905090087940 |  1905090060280 |  1926616937304 |  1905090082182 |  1905090061470 |  1905090034210 |  1926616942478 |  1905090069640 |  1905090058068 |
| FP_ARITH_INST_RETIRED_256B_PACKED_DOUBLE |   PMC2  |              0 |              0 |              0 |              0 |              0 |              0 |              0 |              0 |              0 |              0 |              0 |              0 |              0 |              0 |              0 |              0 |              0 |              0 |              0 |              0 |              0 |              0 |              0 |              0 |              0 |              0 |              0 |              0 |              0 |              0 |              0 |              0 |              0 |              0 |
| FP_ARITH_INST_RETIRED_512B_PACKED_DOUBLE |   PMC3  |    50672544513 |    50627250000 |    49952220000 |    50627250000 |    50627250000 |    50627250000 |    49952220000 |    50627250000 |    50627250000 |    50627250000 |    49952220000 |    50627250000 |    50627250000 |    50627250000 |    49952220000 |    50627250000 |    50627250000 |    50627250000 |    50627250000 |    49952220000 |    50627250000 |    50627250000 |    50627250000 |    49952220000 |    50627250000 |    50627250000 |    50627250000 |    49952220000 |    50627250000 |    50627250000 |    50627250000 |    49952220000 |    50627250000 |    50627250000 |
|               CAS_COUNT_RD               | MBOX0C0 |   206224504160 |              0 |              0 |              0 |              0 |              0 |              0 |              0 |              0 |              0 |              0 |              0 |              0 |              0 |              0 |              0 |              0 |              0 |              0 |              0 |              0 |              0 |              0 |              0 |              0 |              0 |              0 |              0 |              0 |              0 |              0 |              0 |              0 |              0 |
|               CAS_COUNT_WR               | MBOX0C1 |   105160324982 |              0 |              0 |              0 |              0 |              0 |              0 |              0 |              0 |              0 |              0 |              0 |              0 |              0 |              0 |              0 |              0 |              0 |              0 |              0 |              0 |              0 |              0 |              0 |              0 |              0 |              0 |              0 |              0 |              0 |              0 |              0 |              0 |              0 |
|               CAS_COUNT_RD               | MBOX1C0 |   206137549400 |              0 |              0 |              0 |              0 |              0 |              0 |              0 |              0 |              0 |              0 |              0 |              0 |              0 |              0 |              0 |              0 |              0 |              0 |              0 |              0 |              0 |              0 |              0 |              0 |              0 |              0 |              0 |              0 |              0 |              0 |              0 |              0 |              0 |
|               CAS_COUNT_WR               | MBOX1C1 |   105151309015 |              0 |              0 |              0 |              0 |              0 |              0 |              0 |              0 |              0 |              0 |              0 |              0 |              0 |              0 |              0 |              0 |              0 |              0 |              0 |              0 |              0 |              0 |              0 |              0 |              0 |              0 |              0 |              0 |              0 |              0 |              0 |              0 |              0 |
|               CAS_COUNT_RD               | MBOX2C0 |   206184172411 |              0 |              0 |              0 |              0 |              0 |              0 |              0 |              0 |              0 |              0 |              0 |              0 |              0 |              0 |              0 |              0 |              0 |              0 |              0 |              0 |              0 |              0 |              0 |              0 |              0 |              0 |              0 |              0 |              0 |              0 |              0 |              0 |              0 |
|               CAS_COUNT_WR               | MBOX2C1 |   105153750861 |              0 |              0 |              0 |              0 |              0 |              0 |              0 |              0 |              0 |              0 |              0 |              0 |              0 |              0 |              0 |              0 |              0 |              0 |              0 |              0 |              0 |              0 |              0 |              0 |              0 |              0 |              0 |              0 |              0 |              0 |              0 |              0 |              0 |
|               CAS_COUNT_RD               | MBOX3C0 |   206226855947 |              0 |              0 |              0 |              0 |              0 |              0 |              0 |              0 |              0 |              0 |              0 |              0 |              0 |              0 |              0 |              0 |              0 |              0 |              0 |              0 |              0 |              0 |              0 |              0 |              0 |              0 |              0 |              0 |              0 |              0 |              0 |              0 |              0 |
|               CAS_COUNT_WR               | MBOX3C1 |   105165646684 |              0 |              0 |              0 |              0 |              0 |              0 |              0 |              0 |              0 |              0 |              0 |              0 |              0 |              0 |              0 |              0 |              0 |              0 |              0 |              0 |              0 |              0 |              0 |              0 |              0 |              0 |              0 |              0 |              0 |              0 |              0 |              0 |              0 |
|               CAS_COUNT_RD               | MBOX4C0 |   185857743719 |              0 |              0 |              0 |              0 |              0 |              0 |              0 |              0 |              0 |              0 |              0 |              0 |              0 |              0 |              0 |              0 |              0 |              0 |              0 |              0 |              0 |              0 |              0 |              0 |              0 |              0 |              0 |              0 |              0 |              0 |              0 |              0 |              0 |
|               CAS_COUNT_WR               | MBOX4C1 |    93332801371 |              0 |              0 |              0 |              0 |              0 |              0 |              0 |              0 |              0 |              0 |              0 |              0 |              0 |              0 |              0 |              0 |              0 |              0 |              0 |              0 |              0 |              0 |              0 |              0 |              0 |              0 |              0 |              0 |              0 |              0 |              0 |              0 |              0 |
|               CAS_COUNT_RD               | MBOX5C0 |   185875238518 |              0 |              0 |              0 |              0 |              0 |              0 |              0 |              0 |              0 |              0 |              0 |              0 |              0 |              0 |              0 |              0 |              0 |              0 |              0 |              0 |              0 |              0 |              0 |              0 |              0 |              0 |              0 |              0 |              0 |              0 |              0 |              0 |              0 |
|               CAS_COUNT_WR               | MBOX5C1 |    93332351724 |              0 |              0 |              0 |              0 |              0 |              0 |              0 |              0 |              0 |              0 |              0 |              0 |              0 |              0 |              0 |              0 |              0 |              0 |              0 |              0 |              0 |              0 |              0 |              0 |              0 |              0 |              0 |              0 |              0 |              0 |              0 |              0 |              0 |
|               CAS_COUNT_RD               | MBOX6C0 |   185883114646 |              0 |              0 |              0 |              0 |              0 |              0 |              0 |              0 |              0 |              0 |              0 |              0 |              0 |              0 |              0 |              0 |              0 |              0 |              0 |              0 |              0 |              0 |              0 |              0 |              0 |              0 |              0 |              0 |              0 |              0 |              0 |              0 |              0 |
|               CAS_COUNT_WR               | MBOX6C1 |    93336022173 |              0 |              0 |              0 |              0 |              0 |              0 |              0 |              0 |              0 |              0 |              0 |              0 |              0 |              0 |              0 |              0 |              0 |              0 |              0 |              0 |              0 |              0 |              0 |              0 |              0 |              0 |              0 |              0 |              0 |              0 |              0 |              0 |              0 |
|               CAS_COUNT_RD               | MBOX7C0 |   185850526472 |              0 |              0 |              0 |              0 |              0 |              0 |              0 |              0 |              0 |              0 |              0 |              0 |              0 |              0 |              0 |              0 |              0 |              0 |              0 |              0 |              0 |              0 |              0 |              0 |              0 |              0 |              0 |              0 |              0 |              0 |              0 |              0 |              0 |
|               CAS_COUNT_WR               | MBOX7C1 |    93331742715 |              0 |              0 |              0 |              0 |              0 |              0 |              0 |              0 |              0 |              0 |              0 |              0 |              0 |              0 |              0 |              0 |              0 |              0 |              0 |              0 |              0 |              0 |              0 |              0 |              0 |              0 |              0 |              0 |              0 |              0 |              0 |              0 |              0 |
+------------------------------------------+---------+----------------+----------------+----------------+----------------+----------------+----------------+----------------+----------------+----------------+----------------+----------------+----------------+----------------+----------------+----------------+----------------+----------------+----------------+----------------+----------------+----------------+----------------+----------------+----------------+----------------+----------------+----------------+----------------+----------------+----------------+----------------+----------------+----------------+----------------+

+-----------------------------------------------+---------+-----------------+----------------+----------------+---------------+
|                     Event                     | Counter |       Sum       |       Min      |       Max      |      Avg      |
+-----------------------------------------------+---------+-----------------+----------------+----------------+---------------+
|             INSTR_RETIRED_ANY STAT            |  FIXC0  | 190976859158392 |  4006842537786 |  7338714830034 |  5.616966e+12 |
|           CPU_CLK_UNHALTED_CORE STAT          |  FIXC1  | 117221825045474 |  3444710751123 |  3449081252800 |  3.447701e+12 |
|           CPU_CLK_UNHALTED_REF STAT           |  FIXC2  | 117221818948608 |  3444712977696 |  3449078093856 | 3447700557312 |
|               TOPDOWN_SLOTS STAT              |  FIXC3  | 586109125227370 | 17223553755615 | 17245406264000 |      nil      |
|              PWR_PKG_ENERGY STAT              |   PWR0  |     325595.6158 |              0 |    325595.6158 |     9576.3416 |
|              PWR_DRAM_ENERGY STAT             |   PWR3  |      30444.8076 |              0 |     30444.8076 |      895.4355 |
| FP_ARITH_INST_RETIRED_128B_PACKED_DOUBLE STAT |   PMC0  |               0 |              0 |              0 |             0 |
|    FP_ARITH_INST_RETIRED_SCALAR_DOUBLE STAT   |   PMC1  |  64945279938004 |  1905090034210 |  1926617070980 |  1.910155e+12 |
| FP_ARITH_INST_RETIRED_256B_PACKED_DOUBLE STAT |   PMC2  |               0 |              0 |              0 |             0 |
| FP_ARITH_INST_RETIRED_512B_PACKED_DOUBLE STAT |   PMC3  |   1715971554513 |    49952220000 |    50672544513 |  5.046975e+10 |
|               CAS_COUNT_RD STAT               | MBOX0C0 |    206224504160 |              0 |   206224504160 |  6.065427e+09 |
|               CAS_COUNT_WR STAT               | MBOX0C1 |    105160324982 |              0 |   105160324982 |  3.092951e+09 |
|               CAS_COUNT_RD STAT               | MBOX1C0 |    206137549400 |              0 |   206137549400 |    6062869100 |
|               CAS_COUNT_WR STAT               | MBOX1C1 |    105151309015 |              0 |   105151309015 |  3.092686e+09 |
|               CAS_COUNT_RD STAT               | MBOX2C0 |    206184172411 |              0 |   206184172411 |  6.064240e+09 |
|               CAS_COUNT_WR STAT               | MBOX2C1 |    105153750861 |              0 |   105153750861 |  3.092757e+09 |
|               CAS_COUNT_RD STAT               | MBOX3C0 |    206226855947 |              0 |   206226855947 |  6.065496e+09 |
|               CAS_COUNT_WR STAT               | MBOX3C1 |    105165646684 |              0 |   105165646684 |  3.093107e+09 |
|               CAS_COUNT_RD STAT               | MBOX4C0 |    185857743719 |              0 |   185857743719 |  5.466404e+09 |
|               CAS_COUNT_WR STAT               | MBOX4C1 |     93332801371 |              0 |    93332801371 |  2.745082e+09 |
|               CAS_COUNT_RD STAT               | MBOX5C0 |    185875238518 |              0 |   185875238518 |  5.466919e+09 |
|               CAS_COUNT_WR STAT               | MBOX5C1 |     93332351724 |              0 |    93332351724 |  2.745069e+09 |
|               CAS_COUNT_RD STAT               | MBOX6C0 |    185883114646 |              0 |   185883114646 |  5.467150e+09 |
|               CAS_COUNT_WR STAT               | MBOX6C1 |     93336022173 |              0 |    93336022173 |  2.745177e+09 |
|               CAS_COUNT_RD STAT               | MBOX7C0 |    185850526472 |              0 |   185850526472 |  5.466192e+09 |
|               CAS_COUNT_WR STAT               | MBOX7C1 |     93331742715 |              0 |    93331742715 |  2.745051e+09 |
+-----------------------------------------------+---------+-----------------+----------------+----------------+---------------+

+-----------------------------------+-------------+-----------+-----------+-----------+-----------+-----------+-----------+-----------+-----------+-----------+-------------+-------------+-------------+-------------+-------------+-------------+-------------+-------------+-------------+-------------+-------------+-------------+-------------+-------------+-------------+-------------+-------------+-------------+-------------+-------------+-------------+-------------+-------------+-------------+
|               Metric              |  f0608:0:0  | f0608:1:1 | f0608:2:2 | f0608:3:3 | f0608:4:4 | f0608:5:5 | f0608:6:6 | f0608:7:7 | f0608:8:8 | f0608:9:9 | f0608:10:10 | f0608:11:11 | f0608:12:12 | f0608:13:13 | f0608:14:14 | f0608:15:15 | f0608:16:16 | f0608:17:17 | f0608:18:18 | f0608:19:19 | f0608:20:20 | f0608:21:21 | f0608:22:22 | f0608:23:23 | f0608:24:24 | f0608:25:25 | f0608:26:26 | f0608:27:27 | f0608:28:28 | f0608:29:29 | f0608:30:30 | f0608:31:31 | f0608:32:32 | f0608:33:33 |
+-----------------------------------+-------------+-----------+-----------+-----------+-----------+-----------+-----------+-----------+-----------+-----------+-------------+-------------+-------------+-------------+-------------+-------------+-------------+-------------+-------------+-------------+-------------+-------------+-------------+-------------+-------------+-------------+-------------+-------------+-------------+-------------+-------------+-------------+-------------+-------------+
|        Runtime (RDTSC) [s]        |   1445.4480 | 1445.4720 | 1445.3460 | 1445.3480 | 1445.5450 | 1445.3620 | 1445.3360 | 1445.3390 | 1445.4550 | 1445.3380 |   1445.3940 |   1445.5920 |   1445.4990 |   1445.3630 |   1445.3730 |   1445.3780 |   1445.3990 |   1445.3380 |   1445.3360 |   1445.3240 |   1445.3340 |   1445.3350 |   1445.4110 |   1445.3360 |   1445.7300 |   1445.4700 |   1445.3300 |   1445.3230 |   1445.4610 |   1445.3940 |   1445.3610 |   1445.3330 |   1445.3930 |   1445.3390 |
|        Runtime unhalted [s]       |   1439.2732 | 1439.9817 | 1440.0304 | 1439.5763 | 1439.8288 | 1439.7055 | 1439.4496 | 1439.8325 | 1439.9019 | 1439.5399 |   1439.7748 |   1440.2007 |   1439.9923 |   1439.6384 |   1439.8731 |   1439.8766 |   1439.5375 |   1438.7099 |   1440.5303 |   1440.0212 |   1440.3423 |   1440.2778 |   1440.3523 |   1440.3680 |   1440.4798 |   1440.2913 |   1439.9841 |   1440.1217 |   1440.3300 |   1440.2812 |   1440.2910 |   1440.1812 |   1440.3875 |   1440.2289 |
|            Clock [MHz]            |   2394.2912 | 2394.3154 | 2394.3151 | 2394.3107 | 2394.2241 | 2394.3112 | 2394.3102 | 2394.3117 | 2394.3107 | 2394.3111 |   2394.3153 |   2394.0737 |   2394.3088 |   2394.3011 |   2394.3100 |   2394.3120 |   2394.3107 |   2394.3037 |   2394.3158 |   2394.3113 |   2394.3090 |   2394.3096 |   2394.3081 |   2394.3148 |   2393.6394 |   2394.1441 |   2394.3122 |   2394.3128 |   2394.3105 |   2394.3115 |   2394.3107 |   2394.3156 |   2394.3089 |   2394.3123 |
|                CPI                |      0.6923 |    0.8116 |    0.8556 |    0.8602 |    0.8220 |    0.8589 |    0.8584 |    0.8531 |    0.8189 |    0.8352 |      0.8533 |      0.7875 |      0.8003 |      0.8534 |      0.8591 |      0.8544 |      0.8418 |      0.8495 |      0.4763 |      0.4737 |      0.4699 |      0.4806 |      0.4783 |      0.4753 |      0.4699 |      0.4715 |      0.4760 |      0.4743 |      0.4703 |      0.4729 |      0.4812 |      0.4766 |      0.4759 |      0.4781 |
|             Energy [J]            | 325595.6158 |         0 |         0 |         0 |         0 |         0 |         0 |         0 |         0 |         0 |           0 |           0 |           0 |           0 |           0 |           0 |           0 |           0 |           0 |           0 |           0 |           0 |           0 |           0 |           0 |           0 |           0 |           0 |           0 |           0 |           0 |           0 |           0 |           0 |
|             Power [W]             |    225.2558 |         0 |         0 |         0 |         0 |         0 |         0 |         0 |         0 |         0 |           0 |           0 |           0 |           0 |           0 |           0 |           0 |           0 |           0 |           0 |           0 |           0 |           0 |           0 |           0 |           0 |           0 |           0 |           0 |           0 |           0 |           0 |           0 |           0 |
|          Energy DRAM [J]          |  30444.8076 |         0 |         0 |         0 |         0 |         0 |         0 |         0 |         0 |         0 |           0 |           0 |           0 |           0 |           0 |           0 |           0 |           0 |           0 |           0 |           0 |           0 |           0 |           0 |           0 |           0 |           0 |           0 |           0 |           0 |           0 |           0 |           0 |           0 |
|           Power DRAM [W]          |     21.0625 |         0 |         0 |         0 |         0 |         0 |         0 |         0 |         0 |         0 |           0 |           0 |           0 |           0 |           0 |           0 |           0 |           0 |           0 |           0 |           0 |           0 |           0 |           0 |           0 |           0 |           0 |           0 |           0 |           0 |           0 |           0 |           0 |           0 |
|            DP [MFLOP/s]           |   1598.4464 | 1598.1688 | 1609.4657 | 1598.3059 | 1598.0880 | 1598.2904 | 1609.4768 | 1598.3158 | 1598.1875 | 1598.3169 |   1609.4123 |   1598.0361 |   1598.1389 |   1598.2893 |   1609.4356 |   1598.2727 |   1598.2494 |   1598.3169 |   1598.3191 |   1609.4901 |   1598.3213 |   1598.3202 |   1598.2361 |   1609.4768 |   1597.8835 |   1598.1709 |   1598.3257 |   1609.4912 |   1598.1808 |   1598.2549 |   1598.2914 |   1609.4801 |   1598.2560 |   1598.3157 |
|          AVX DP [MFLOP/s]         |    280.4531 |  280.1977 |  276.4859 |  280.2218 |  280.1836 |  280.2191 |  276.4878 |  280.2235 |  280.2010 |  280.2237 |    276.4767 |    280.1745 |    280.1925 |    280.2189 |    276.4807 |    280.2160 |    280.2119 |    280.2237 |    280.2241 |    276.4901 |    280.2245 |    280.2243 |    280.2096 |    276.4878 |    280.1477 |    280.1981 |    280.2253 |    276.4903 |    280.1999 |    280.2129 |    280.2193 |    276.4884 |    280.2131 |    280.2235 |
|          Packed [MUOPS/s]         |     35.0566 |   35.0247 |   34.5607 |   35.0277 |   35.0229 |   35.0274 |   34.5610 |   35.0279 |   35.0251 |   35.0280 |     34.5596 |     35.0218 |     35.0241 |     35.0274 |     34.5601 |     35.0270 |     35.0265 |     35.0280 |     35.0280 |     34.5613 |     35.0281 |     35.0280 |     35.0262 |     34.5610 |     35.0185 |     35.0248 |     35.0282 |     34.5613 |     35.0250 |     35.0266 |     35.0274 |     34.5610 |     35.0266 |     35.0279 |
|          Scalar [MUOPS/s]         |   1317.9933 | 1317.9710 | 1332.9798 | 1318.0841 | 1317.9044 | 1318.0713 | 1332.9890 | 1318.0923 | 1317.9865 | 1318.0932 |   1332.9356 |   1317.8616 |   1317.9464 |   1318.0704 |   1332.9549 |   1318.0567 |   1318.0375 |   1318.0932 |   1318.0950 |   1333.0001 |   1318.0968 |   1318.0959 |   1318.0266 |   1332.9890 |   1317.7357 |   1317.9728 |   1318.1004 |   1333.0010 |   1317.9810 |   1318.0420 |   1318.0721 |   1332.9917 |   1318.0430 |   1318.0922 |
|  Memory read bandwidth [MBytes/s] |  69436.8397 |         0 |         0 |         0 |         0 |         0 |         0 |         0 |         0 |         0 |           0 |           0 |           0 |           0 |           0 |           0 |           0 |           0 |           0 |           0 |           0 |           0 |           0 |           0 |           0 |           0 |           0 |           0 |           0 |           0 |           0 |           0 |           0 |           0 |
|  Memory read data volume [GBytes] | 100367.3411 |         0 |         0 |         0 |         0 |         0 |         0 |         0 |         0 |         0 |           0 |           0 |           0 |           0 |           0 |           0 |           0 |           0 |           0 |           0 |           0 |           0 |           0 |           0 |           0 |           0 |           0 |           0 |           0 |           0 |           0 |           0 |           0 |           0 |
| Memory write bandwidth [MBytes/s] |  35154.2863 |         0 |         0 |         0 |         0 |         0 |         0 |         0 |         0 |         0 |           0 |           0 |           0 |           0 |           0 |           0 |           0 |           0 |           0 |           0 |           0 |           0 |           0 |           0 |           0 |           0 |           0 |           0 |           0 |           0 |           0 |           0 |           0 |           0 |
| Memory write data volume [GBytes] |  50813.6928 |         0 |         0 |         0 |         0 |         0 |         0 |         0 |         0 |         0 |           0 |           0 |           0 |           0 |           0 |           0 |           0 |           0 |           0 |           0 |           0 |           0 |           0 |           0 |           0 |           0 |           0 |           0 |           0 |           0 |           0 |           0 |           0 |           0 |
|    Memory bandwidth [MBytes/s]    | 104591.1260 |         0 |         0 |         0 |         0 |         0 |         0 |         0 |         0 |         0 |           0 |           0 |           0 |           0 |           0 |           0 |           0 |           0 |           0 |           0 |           0 |           0 |           0 |           0 |           0 |           0 |           0 |           0 |           0 |           0 |           0 |           0 |           0 |           0 |
|    Memory data volume [GBytes]    | 151181.0339 |         0 |         0 |         0 |         0 |         0 |         0 |         0 |         0 |         0 |           0 |           0 |           0 |           0 |           0 |           0 |           0 |           0 |           0 |           0 |           0 |           0 |           0 |           0 |           0 |           0 |           0 |           0 |           0 |           0 |           0 |           0 |           0 |           0 |
|       Operational intensity       |      0.0153 |         0 |         0 |         0 |         0 |         0 |         0 |         0 |         0 |         0 |           0 |           0 |           0 |           0 |           0 |           0 |           0 |           0 |           0 |           0 |           0 |           0 |           0 |           0 |           0 |           0 |           0 |           0 |           0 |           0 |           0 |           0 |           0 |           0 |
+-----------------------------------+-------------+-----------+-----------+-----------+-----------+-----------+-----------+-----------+-----------+-----------+-------------+-------------+-------------+-------------+-------------+-------------+-------------+-------------+-------------+-------------+-------------+-------------+-------------+-------------+-------------+-------------+-------------+-------------+-------------+-------------+-------------+-------------+-------------+-------------+

+----------------------------------------+-------------+-----------+-------------+-----------+-----------+-----------+-----------+
|                 Metric                 |     Sum     |    Min    |     Max     |    Avg    |  %ile 25  |  %ile 50  |  %ile 75  |
+----------------------------------------+-------------+-----------+-------------+-----------+-----------+-----------+-----------+
|        Runtime (RDTSC) [s] STAT        |  49143.5350 | 1445.3230 |   1445.7300 | 1445.3981 | 1445.3360 | 1445.3620 | 1445.4480 |
|        Runtime unhalted [s] STAT       |  48959.1917 | 1438.7099 |   1440.5303 | 1439.9762 | 1439.7748 | 1439.9923 | 1440.2910 |
|            Clock [MHz] STAT            |  81405.3933 | 2393.6394 |   2394.3158 | 2394.2763 | 2394.3088 | 2394.3107 | 2394.3122 |
|                CPI STAT                |     22.5663 |    0.4699 |      0.8602 |    0.6637 |    0.4759 |    0.6923 |    0.8531 |
|             Energy [J] STAT            | 325595.6158 |         0 | 325595.6158 | 9576.3416 |         0 |         0 |         0 |
|             Power [W] STAT             |    225.2558 |         0 |    225.2558 |    6.6252 |         0 |         0 |         0 |
|          Energy DRAM [J] STAT          |  30444.8076 |         0 |  30444.8076 |  895.4355 |         0 |         0 |         0 |
|           Power DRAM [W] STAT          |     21.0625 |         0 |     21.0625 |    0.6195 |         0 |         0 |         0 |
|            DP [MFLOP/s] STAT           |  54430.0272 | 1597.8835 |   1609.4912 | 1600.8832 | 1598.2361 | 1598.3059 | 1598.4464 |
|          AVX DP [MFLOP/s] STAT         |   9497.5710 |  276.4767 |    280.4531 |  279.3403 |  280.1477 |  280.2096 |  280.2235 |
|          Packed [MUOPS/s] STAT         |   1187.1964 |   34.5596 |     35.0566 |   34.9175 |   35.0185 |   35.0262 |   35.0279 |
|          Scalar [MUOPS/s] STAT         |  44932.4565 | 1317.7357 |   1333.0010 | 1321.5428 | 1317.9933 | 1318.0721 | 1318.1004 |
|  Memory read bandwidth [MBytes/s] STAT |  69436.8397 |         0 |  69436.8397 | 2042.2600 |         0 |         0 |         0 |
|  Memory read data volume [GBytes] STAT | 100367.3411 |         0 | 100367.3411 | 2951.9806 |         0 |         0 |         0 |
| Memory write bandwidth [MBytes/s] STAT |  35154.2863 |         0 |  35154.2863 | 1033.9496 |         0 |         0 |         0 |
| Memory write data volume [GBytes] STAT |  50813.6928 |         0 |  50813.6928 | 1494.5204 |         0 |         0 |         0 |
|    Memory bandwidth [MBytes/s] STAT    | 104591.1260 |         0 | 104591.1260 | 3076.2096 |         0 |         0 |         0 |
|    Memory data volume [GBytes] STAT    | 151181.0339 |         0 | 151181.0339 | 4446.5010 |         0 |         0 |         0 |
|       Operational intensity STAT       |      0.0153 |         0 |      0.0153 |    0.0004 |         0 |         0 |         0 |
+----------------------------------------+-------------+-----------+-------------+-----------+-----------+-----------+-----------+

