WARN: Cannot extract OpenMP vendor from executable or commandline, assuming no OpenMP
 nx_glob, nz_glob:                  3000                  1250
 dx,dz:    8.00000000000000        8.00000000000000     
 dt:   2.666666666666666E-002
Group: 1
+------------------------------------------+---------+----------------+----------------+----------------+----------------+----------------+----------------+----------------+----------------+----------------+----------------+----------------+----------------+----------------+----------------+----------------+----------------+----------------+----------------+----------------+----------------+----------------+----------------+----------------+----------------+----------------+----------------+----------------+----------------+----------------+----------------+----------------+----------------+----------------+----------------+----------------+----------------+----------------+----------------+----------------+----------------+----------------+----------------+----------------+----------------+----------------+----------------+----------------+
|                   Event                  | Counter |    f0608:0:0   |    f0608:1:1   |    f0608:2:2   |    f0608:3:3   |    f0608:4:4   |    f0608:5:5   |    f0608:6:6   |    f0608:7:7   |    f0608:8:8   |    f0608:9:9   |   f0608:10:10  |   f0608:11:11  |   f0608:12:12  |   f0608:13:13  |   f0608:14:14  |   f0608:15:15  |   f0608:16:16  |   f0608:17:17  |   f0608:18:18  |   f0608:19:19  |   f0608:20:20  |   f0608:21:21  |   f0608:22:22  |   f0608:23:23  |   f0608:24:24  |   f0608:25:25  |   f0608:26:26  |   f0608:27:27  |   f0608:28:28  |   f0608:29:29  |   f0608:30:30  |   f0608:31:31  |   f0608:32:32  |   f0608:33:33  |   f0608:34:34  |   f0608:35:35  |   f0608:36:36  |   f0608:37:37  |   f0608:38:38  |   f0608:39:39  |   f0608:40:40  |   f0608:41:41  |   f0608:42:42  |   f0608:43:43  |   f0608:44:44  |   f0608:45:45  |   f0608:46:46  |
+------------------------------------------+---------+----------------+----------------+----------------+----------------+----------------+----------------+----------------+----------------+----------------+----------------+----------------+----------------+----------------+----------------+----------------+----------------+----------------+----------------+----------------+----------------+----------------+----------------+----------------+----------------+----------------+----------------+----------------+----------------+----------------+----------------+----------------+----------------+----------------+----------------+----------------+----------------+----------------+----------------+----------------+----------------+----------------+----------------+----------------+----------------+----------------+----------------+----------------+
|             INSTR_RETIRED_ANY            |  FIXC0  |  2952890363398 |  2985614796945 |  3225520601279 |  3146084618139 |  2999258962463 |  2991945653847 |  2962738054846 |  2978299579319 |  3615895585386 |  3524547954639 |  3147914977860 |  3046631247317 |  2982929580381 |  3080326984521 |  3377951582396 |  3104884513547 |  3124114195610 |  3098143864758 |  5115219381020 |  4978593533967 |  5133936359363 |  5222651161860 |  5078919393032 |  5115491470466 |  5161217387040 |  5216781306243 |  5163290165077 |  5083475765456 |  5234009260661 |  5117464308609 |  5039896818951 |  5084150646278 |  5193764294321 |  5017338121039 |  4940310851639 |  5011130777677 |  5897861455358 |  5963238912691 |  6006750948160 |  5940180425789 |  5991402868272 |  5938464930619 |  5973137146453 |  5997420114435 |  5952697227198 |  5983447605960 |  5914383104022 |
|           CPU_CLK_UNHALTED_CORE          |  FIXC1  |  2515210466609 |  2517363865197 |  2517789429616 |  2517221718158 |  2517691996211 |  2517578404256 |  2517689878470 |  2518123949741 |  2517808853367 |  2517639096023 |  2518008435048 |  2517956330662 |  2517602072309 |  2517551081639 |  2517786855196 |  2517538293153 |  2517768213042 |  2517830725648 |  2518940359209 |  2517620121376 |  2518440925349 |  2518076209197 |  2517840065992 |  2518081040417 |  2517624927701 |  2518135446936 |  2517906257339 |  2517967432586 |  2518014312192 |  2517101570748 |  2518041145158 |  2517821819723 |  2518079521477 |  2517866144362 |  2518056861759 |  2518071237878 |  2519296034903 |  2519368757046 |  2519498649912 |  2519058960010 |  2519416288791 |  2519482174759 |  2519549237339 |  2519730607403 |  2519521946520 |  2519609054561 |  2519383192711 |
|           CPU_CLK_UNHALTED_REF           |  FIXC2  |  2515211142048 |  2517364382496 |  2517788758656 |  2517222034656 |  2517692029536 |  2517579216384 |  2517691143744 |  2518124715648 |  2517807995232 |  2517638369664 |  2518008727872 |  2517956366400 |  2517603232800 |  2517550932768 |  2517786293856 |  2517539666784 |  2517769987584 |  2517831998304 |  2518939381824 |  2517620382720 |  2518441115328 |  2518076150880 |  2517839865216 |  2518079534400 |  2517623072640 |  2518135526016 |  2517904887456 |  2517965912064 |  2518014278208 |  2517101010144 |  2518040391552 |  2517820684896 |  2518079747040 |  2517865911456 |  2518055698848 |  2518069851360 |  2519296542240 |  2519366389536 |  2519497125792 |  2519054608032 |  2519414686464 |  2519479437408 |  2519549903712 |  2519729591040 |  2519522895840 |  2519608010880 |  2519381808192 |
|               TOPDOWN_SLOTS              |  FIXC3  | 12576052333045 | 12586819325985 | 12588947148080 | 12586108590790 | 12588459981055 | 12587892021280 | 12588449392350 | 12590619748705 | 12589044266835 | 12588195480115 | 12590042175240 | 12589781653310 | 12588010361545 | 12587755408195 | 12588934275980 | 12587691465765 | 12588841065210 | 12589153628240 | 12594701796045 | 12588100606880 | 12592204626745 | 12590381045985 | 12589200329960 | 12590405202085 | 12588124638505 | 12590677234680 | 12589531286695 | 12589837162930 | 12590071560960 | 12585507853740 | 12590205725790 | 12589109098615 | 12590397607385 | 12589330721810 | 12590284308795 | 12590356189390 | 12596480174515 | 12596843785230 | 12597493249560 | 12595294800050 | 12597081443955 | 12597410873795 | 12597746186695 | 12598653037015 | 12597609732600 | 12598045272805 | 12596915963555 |
|              PWR_PKG_ENERGY              |   PWR0  |    245928.6089 |              0 |              0 |              0 |              0 |              0 |              0 |              0 |              0 |              0 |              0 |              0 |              0 |              0 |              0 |              0 |              0 |              0 |              0 |              0 |              0 |              0 |              0 |              0 |              0 |              0 |              0 |              0 |              0 |              0 |              0 |              0 |              0 |              0 |              0 |              0 |    151044.2022 |              0 |              0 |              0 |              0 |              0 |              0 |              0 |              0 |              0 |              0 |
|              PWR_DRAM_ENERGY             |   PWR3  |     22889.8255 |              0 |              0 |              0 |              0 |              0 |              0 |              0 |              0 |              0 |              0 |              0 |              0 |              0 |              0 |              0 |              0 |              0 |              0 |              0 |              0 |              0 |              0 |              0 |              0 |              0 |              0 |              0 |              0 |              0 |              0 |              0 |              0 |              0 |              0 |              0 |     12745.7462 |              0 |              0 |              0 |              0 |              0 |              0 |              0 |              0 |              0 |              0 |
| FP_ARITH_INST_RETIRED_128B_PACKED_DOUBLE |   PMC0  |              0 |              0 |              0 |              0 |              0 |              0 |              0 |              0 |              0 |              0 |              0 |              0 |              0 |              0 |              0 |              0 |              0 |              0 |              0 |              0 |              0 |              0 |              0 |              0 |              0 |              0 |              0 |              0 |              0 |              0 |              0 |              0 |              0 |              0 |              0 |              0 |              0 |              0 |              0 |              0 |              0 |              0 |              0 |              0 |              0 |              0 |              0 |
|    FP_ARITH_INST_RETIRED_SCALAR_DOUBLE   |   PMC1  |  1388445698410 |  1388445074391 |  1366918256667 |  1388445157354 |  1388445053337 |  1388445113303 |  1388445046299 |  1388445045619 |  1366918216109 |  1388445040869 |  1388445057031 |  1388445044771 |  1388445050043 |  1388445010631 |  1366918151407 |  1388445047151 |  1388445044525 |  1388445017373 |  1388445067283 |  1388444972811 |  1366918120881 |  1388444989935 |  1388445043023 |  1388445046211 |  1388444948203 |  1388444958213 |  1366918072133 |  1388444929451 |  1388444944425 |  1388444953803 |  1388444911375 |  1388444942725 |  1366918046339 |  1388444926533 |  1388444917477 |  1388444902497 |  1388444878909 |  1388444915041 |  1366917969085 |  1388444855561 |  1388444854561 |  1388444838985 |  1388444896811 |  1388444821613 |  1366917992437 |  1388444849679 |  1388444804173 |
| FP_ARITH_INST_RETIRED_256B_PACKED_DOUBLE |   PMC2  |              0 |              0 |              0 |              0 |              0 |              0 |              0 |              0 |              0 |              0 |              0 |              0 |              0 |              0 |              0 |              0 |              0 |              0 |              0 |              0 |              0 |              0 |              0 |              0 |              0 |              0 |              0 |              0 |              0 |              0 |              0 |              0 |              0 |              0 |              0 |              0 |              0 |              0 |              0 |              0 |              0 |              0 |              0 |              0 |              0 |              0 |              0 |
| FP_ARITH_INST_RETIRED_512B_PACKED_DOUBLE |   PMC3  |    42065912013 |    42020617500 |    40628300622 |    42020617500 |    42020617500 |    42020617500 |    42020617500 |    42020617500 |    40628300622 |    42020617500 |    42020617500 |    42020617500 |    42020617500 |    42020617500 |    40628300622 |    42020617500 |    42020617500 |    42020617500 |    42020617500 |    42020617500 |    40628300622 |    42020617500 |    42020617500 |    42020617500 |    42020617500 |    42020617500 |    40628300622 |    42020617500 |    42020617500 |    42020617500 |    42020617500 |    42020617500 |    40628300622 |    42020617500 |    42020617500 |    42020617500 |    42020617500 |    42020617500 |    40628300622 |    42020617500 |    42020617500 |    42020617500 |    42020617500 |    42020617500 |    40628300622 |    42020617500 |    42020617500 |
|               CAS_COUNT_RD               | MBOX0C0 |   151144826186 |              0 |              0 |              0 |              0 |              0 |              0 |              0 |              0 |              0 |              0 |              0 |              0 |              0 |              0 |              0 |              0 |              0 |              0 |              0 |              0 |              0 |              0 |              0 |              0 |              0 |              0 |              0 |              0 |              0 |              0 |              0 |              0 |              0 |              0 |              0 |    81966499948 |              0 |              0 |              0 |              0 |              0 |              0 |              0 |              0 |              0 |              0 |
|               CAS_COUNT_WR               | MBOX0C1 |    76862105159 |              0 |              0 |              0 |              0 |              0 |              0 |              0 |              0 |              0 |              0 |              0 |              0 |              0 |              0 |              0 |              0 |              0 |              0 |              0 |              0 |              0 |              0 |              0 |              0 |              0 |              0 |              0 |              0 |              0 |              0 |              0 |              0 |              0 |              0 |              0 |    45422455059 |              0 |              0 |              0 |              0 |              0 |              0 |              0 |              0 |              0 |              0 |
|               CAS_COUNT_RD               | MBOX1C0 |   151126084757 |              0 |              0 |              0 |              0 |              0 |              0 |              0 |              0 |              0 |              0 |              0 |              0 |              0 |              0 |              0 |              0 |              0 |              0 |              0 |              0 |              0 |              0 |              0 |              0 |              0 |              0 |              0 |              0 |              0 |              0 |              0 |              0 |              0 |              0 |              0 |    81999461623 |              0 |              0 |              0 |              0 |              0 |              0 |              0 |              0 |              0 |              0 |
|               CAS_COUNT_WR               | MBOX1C1 |    76857492846 |              0 |              0 |              0 |              0 |              0 |              0 |              0 |              0 |              0 |              0 |              0 |              0 |              0 |              0 |              0 |              0 |              0 |              0 |              0 |              0 |              0 |              0 |              0 |              0 |              0 |              0 |              0 |              0 |              0 |              0 |              0 |              0 |              0 |              0 |              0 |    45422482063 |              0 |              0 |              0 |              0 |              0 |              0 |              0 |              0 |              0 |              0 |
|               CAS_COUNT_RD               | MBOX2C0 |   151160729293 |              0 |              0 |              0 |              0 |              0 |              0 |              0 |              0 |              0 |              0 |              0 |              0 |              0 |              0 |              0 |              0 |              0 |              0 |              0 |              0 |              0 |              0 |              0 |              0 |              0 |              0 |              0 |              0 |              0 |              0 |              0 |              0 |              0 |              0 |              0 |    81954487049 |              0 |              0 |              0 |              0 |              0 |              0 |              0 |              0 |              0 |              0 |
|               CAS_COUNT_WR               | MBOX2C1 |    76874305378 |              0 |              0 |              0 |              0 |              0 |              0 |              0 |              0 |              0 |              0 |              0 |              0 |              0 |              0 |              0 |              0 |              0 |              0 |              0 |              0 |              0 |              0 |              0 |              0 |              0 |              0 |              0 |              0 |              0 |              0 |              0 |              0 |              0 |              0 |              0 |    45411799404 |              0 |              0 |              0 |              0 |              0 |              0 |              0 |              0 |              0 |              0 |
|               CAS_COUNT_RD               | MBOX3C0 |   151224194081 |              0 |              0 |              0 |              0 |              0 |              0 |              0 |              0 |              0 |              0 |              0 |              0 |              0 |              0 |              0 |              0 |              0 |              0 |              0 |              0 |              0 |              0 |              0 |              0 |              0 |              0 |              0 |              0 |              0 |              0 |              0 |              0 |              0 |              0 |              0 |    81975434711 |              0 |              0 |              0 |              0 |              0 |              0 |              0 |              0 |              0 |              0 |
|               CAS_COUNT_WR               | MBOX3C1 |    76874726871 |              0 |              0 |              0 |              0 |              0 |              0 |              0 |              0 |              0 |              0 |              0 |              0 |              0 |              0 |              0 |              0 |              0 |              0 |              0 |              0 |              0 |              0 |              0 |              0 |              0 |              0 |              0 |              0 |              0 |              0 |              0 |              0 |              0 |              0 |              0 |    45408739277 |              0 |              0 |              0 |              0 |              0 |              0 |              0 |              0 |              0 |              0 |
|               CAS_COUNT_RD               | MBOX4C0 |   149453662468 |              0 |              0 |              0 |              0 |              0 |              0 |              0 |              0 |              0 |              0 |              0 |              0 |              0 |              0 |              0 |              0 |              0 |              0 |              0 |              0 |              0 |              0 |              0 |              0 |              0 |              0 |              0 |              0 |              0 |              0 |              0 |              0 |              0 |              0 |              0 |       63405349 |              0 |              0 |              0 |              0 |              0 |              0 |              0 |              0 |              0 |              0 |
|               CAS_COUNT_WR               | MBOX4C1 |    77016185540 |              0 |              0 |              0 |              0 |              0 |              0 |              0 |              0 |              0 |              0 |              0 |              0 |              0 |              0 |              0 |              0 |              0 |              0 |              0 |              0 |              0 |              0 |              0 |              0 |              0 |              0 |              0 |              0 |              0 |              0 |              0 |              0 |              0 |              0 |              0 |       55405232 |              0 |              0 |              0 |              0 |              0 |              0 |              0 |              0 |              0 |              0 |
|               CAS_COUNT_RD               | MBOX5C0 |   149489691508 |              0 |              0 |              0 |              0 |              0 |              0 |              0 |              0 |              0 |              0 |              0 |              0 |              0 |              0 |              0 |              0 |              0 |              0 |              0 |              0 |              0 |              0 |              0 |              0 |              0 |              0 |              0 |              0 |              0 |              0 |              0 |              0 |              0 |              0 |              0 |       61483004 |              0 |              0 |              0 |              0 |              0 |              0 |              0 |              0 |              0 |              0 |
|               CAS_COUNT_WR               | MBOX5C1 |    77007464270 |              0 |              0 |              0 |              0 |              0 |              0 |              0 |              0 |              0 |              0 |              0 |              0 |              0 |              0 |              0 |              0 |              0 |              0 |              0 |              0 |              0 |              0 |              0 |              0 |              0 |              0 |              0 |              0 |              0 |              0 |              0 |              0 |              0 |              0 |              0 |       46211957 |              0 |              0 |              0 |              0 |              0 |              0 |              0 |              0 |              0 |              0 |
|               CAS_COUNT_RD               | MBOX6C0 |   149468959426 |              0 |              0 |              0 |              0 |              0 |              0 |              0 |              0 |              0 |              0 |              0 |              0 |              0 |              0 |              0 |              0 |              0 |              0 |              0 |              0 |              0 |              0 |              0 |              0 |              0 |              0 |              0 |              0 |              0 |              0 |              0 |              0 |              0 |              0 |              0 |       51865460 |              0 |              0 |              0 |              0 |              0 |              0 |              0 |              0 |              0 |              0 |
|               CAS_COUNT_WR               | MBOX6C1 |    77013931650 |              0 |              0 |              0 |              0 |              0 |              0 |              0 |              0 |              0 |              0 |              0 |              0 |              0 |              0 |              0 |              0 |              0 |              0 |              0 |              0 |              0 |              0 |              0 |              0 |              0 |              0 |              0 |              0 |              0 |              0 |              0 |              0 |              0 |              0 |              0 |       45473555 |              0 |              0 |              0 |              0 |              0 |              0 |              0 |              0 |              0 |              0 |
|               CAS_COUNT_RD               | MBOX7C0 |   149443169628 |              0 |              0 |              0 |              0 |              0 |              0 |              0 |              0 |              0 |              0 |              0 |              0 |              0 |              0 |              0 |              0 |              0 |              0 |              0 |              0 |              0 |              0 |              0 |              0 |              0 |              0 |              0 |              0 |              0 |              0 |              0 |              0 |              0 |              0 |              0 |       61146158 |              0 |              0 |              0 |              0 |              0 |              0 |              0 |              0 |              0 |              0 |
|               CAS_COUNT_WR               | MBOX7C1 |    77008354989 |              0 |              0 |              0 |              0 |              0 |              0 |              0 |              0 |              0 |              0 |              0 |              0 |              0 |              0 |              0 |              0 |              0 |              0 |              0 |              0 |              0 |              0 |              0 |              0 |              0 |              0 |              0 |              0 |              0 |              0 |              0 |              0 |              0 |              0 |              0 |       53879918 |              0 |              0 |              0 |              0 |              0 |              0 |              0 |              0 |              0 |              0 |
+------------------------------------------+---------+----------------+----------------+----------------+----------------+----------------+----------------+----------------+----------------+----------------+----------------+----------------+----------------+----------------+----------------+----------------+----------------+----------------+----------------+----------------+----------------+----------------+----------------+----------------+----------------+----------------+----------------+----------------+----------------+----------------+----------------+----------------+----------------+----------------+----------------+----------------+----------------+----------------+----------------+----------------+----------------+----------------+----------------+----------------+----------------+----------------+----------------+----------------+

+-----------------------------------------------+---------+-----------------+----------------+----------------+---------------+
|                     Event                     | Counter |       Sum       |       Min      |       Max      |      Avg      |
+-----------------------------------------------+---------+-----------------+----------------+----------------+---------------+
|             INSTR_RETIRED_ANY STAT            |  FIXC0  | 213812318858307 |  2952890363398 |  6006750948160 | 4549198273581 |
|           CPU_CLK_UNHALTED_CORE STAT          |  FIXC1  | 118353759967699 |  2515210466609 |  2519730607403 |  2.518165e+12 |
|           CPU_CLK_UNHALTED_REF STAT           |  FIXC2  | 118353741395616 |  2515211142048 |  2519729591040 |      nil      |
|               TOPDOWN_SLOTS STAT              |  FIXC3  | 591768799838495 | 12576052333045 | 12598653037015 |      nil      |
|              PWR_PKG_ENERGY STAT              |   PWR0  |     396972.8111 |              0 |    245928.6089 |     8446.2300 |
|              PWR_DRAM_ENERGY STAT             |   PWR3  |      35635.5717 |              0 |     22889.8255 |      758.2037 |
| FP_ARITH_INST_RETIRED_128B_PACKED_DOUBLE STAT |   PMC0  |               0 |              0 |              0 |             0 |
|    FP_ARITH_INST_RETIRED_SCALAR_DOUBLE STAT   |   PMC1  |  65084699495463 |  1366917969085 |  1388445698410 | 1384780840329 |
| FP_ARITH_INST_RETIRED_256B_PACKED_DOUBLE STAT |   PMC2  |               0 |              0 |              0 |             0 |
| FP_ARITH_INST_RETIRED_512B_PACKED_DOUBLE STAT |   PMC3  |   1963875781989 |    40628300622 |    42065912013 |  4.178459e+10 |
|               CAS_COUNT_RD STAT               | MBOX0C0 |    233111326134 |              0 |   151144826186 |  4.959815e+09 |
|               CAS_COUNT_WR STAT               | MBOX0C1 |    122284560218 |              0 |    76862105159 |  2.601799e+09 |
|               CAS_COUNT_RD STAT               | MBOX1C0 |    233125546380 |              0 |   151126084757 |  4.960118e+09 |
|               CAS_COUNT_WR STAT               | MBOX1C1 |    122279974909 |              0 |    76857492846 |  2.601702e+09 |
|               CAS_COUNT_RD STAT               | MBOX2C0 |    233115216342 |              0 |   151160729293 |  4.959898e+09 |
|               CAS_COUNT_WR STAT               | MBOX2C1 |    122286104782 |              0 |    76874305378 |  2.601832e+09 |
|               CAS_COUNT_RD STAT               | MBOX3C0 |    233199628792 |              0 |   151224194081 |  4.961694e+09 |
|               CAS_COUNT_WR STAT               | MBOX3C1 |    122283466148 |              0 |    76874726871 |  2.601776e+09 |
|               CAS_COUNT_RD STAT               | MBOX4C0 |    149517067817 |              0 |   149453662468 |  3.181214e+09 |
|               CAS_COUNT_WR STAT               | MBOX4C1 |     77071590772 |              0 |    77016185540 |  1.639821e+09 |
|               CAS_COUNT_RD STAT               | MBOX5C0 |    149551174512 |              0 |   149489691508 |  3.181940e+09 |
|               CAS_COUNT_WR STAT               | MBOX5C1 |     77053676227 |              0 |    77007464270 |  1.639440e+09 |
|               CAS_COUNT_RD STAT               | MBOX6C0 |    149520824886 |              0 |   149468959426 |  3.181294e+09 |
|               CAS_COUNT_WR STAT               | MBOX6C1 |     77059405205 |              0 |    77013931650 |  1.639562e+09 |
|               CAS_COUNT_RD STAT               | MBOX7C0 |    149504315786 |              0 |   149443169628 |  3.180943e+09 |
|               CAS_COUNT_WR STAT               | MBOX7C1 |     77062234907 |              0 |    77008354989 |  1.639622e+09 |
+-----------------------------------------------+---------+-----------------+----------------+----------------+---------------+

+-----------------------------------+-------------+-----------+-----------+-----------+-----------+-----------+-----------+-----------+-----------+-----------+-------------+-------------+-------------+-------------+-------------+-------------+-------------+-------------+-------------+-------------+-------------+-------------+-------------+-------------+-------------+-------------+-------------+-------------+-------------+-------------+-------------+-------------+-------------+-------------+-------------+-------------+-------------+-------------+-------------+-------------+-------------+-------------+-------------+-------------+-------------+-------------+-------------+
|               Metric              |  f0608:0:0  | f0608:1:1 | f0608:2:2 | f0608:3:3 | f0608:4:4 | f0608:5:5 | f0608:6:6 | f0608:7:7 | f0608:8:8 | f0608:9:9 | f0608:10:10 | f0608:11:11 | f0608:12:12 | f0608:13:13 | f0608:14:14 | f0608:15:15 | f0608:16:16 | f0608:17:17 | f0608:18:18 | f0608:19:19 | f0608:20:20 | f0608:21:21 | f0608:22:22 | f0608:23:23 | f0608:24:24 | f0608:25:25 | f0608:26:26 | f0608:27:27 | f0608:28:28 | f0608:29:29 | f0608:30:30 | f0608:31:31 | f0608:32:32 | f0608:33:33 | f0608:34:34 | f0608:35:35 | f0608:36:36 | f0608:37:37 | f0608:38:38 | f0608:39:39 | f0608:40:40 | f0608:41:41 | f0608:42:42 | f0608:43:43 | f0608:44:44 | f0608:45:45 | f0608:46:46 |
+-----------------------------------+-------------+-----------+-----------+-----------+-----------+-----------+-----------+-----------+-----------+-----------+-------------+-------------+-------------+-------------+-------------+-------------+-------------+-------------+-------------+-------------+-------------+-------------+-------------+-------------+-------------+-------------+-------------+-------------+-------------+-------------+-------------+-------------+-------------+-------------+-------------+-------------+-------------+-------------+-------------+-------------+-------------+-------------+-------------+-------------+-------------+-------------+-------------+
|        Runtime (RDTSC) [s]        |   1056.9460 | 1056.8220 | 1056.9200 | 1056.8780 | 1056.9450 | 1056.7670 | 1056.7690 | 1056.7590 | 1056.8940 | 1056.7540 |   1056.9270 |   1056.7510 |   1056.7750 |   1056.9710 |   1056.8330 |   1056.8560 |   1056.9300 |   1056.7960 |   1056.7470 |   1056.9830 |   1057.1470 |   1056.9430 |   1056.7460 |   1056.8880 |   1056.7640 |   1056.7570 |   1056.9030 |   1056.7430 |   1056.8920 |   1056.8490 |   1056.9470 |   1056.7500 |   1056.7480 |   1056.8600 |   1056.7810 |   1056.7470 |   1056.8180 |   1056.8290 |   1056.9460 |   1056.7510 |   1057.0020 |   1056.7650 |   1056.9050 |   1056.9000 |   1056.8870 |   1056.9170 |   1056.7450 |
|        Runtime unhalted [s]       |   1050.5597 | 1051.4294 | 1051.5695 | 1051.3320 | 1051.5312 | 1051.4835 | 1051.5320 | 1051.7112 | 1051.5791 | 1051.5072 |   1051.6603 |   1051.6400 |   1051.4927 |   1051.4714 |   1051.6430 |   1051.5595 |   1051.7258 |   1051.6328 |   1052.0521 |   1051.5902 |   1052.2425 |   1051.6963 |   1051.5930 |   1051.6926 |   1051.5036 |   1051.7138 |   1051.6374 |   1051.6435 |   1051.6656 |   1051.2838 |   1051.6767 |   1051.5837 |   1051.6923 |   1051.6066 |   1051.7179 |   1051.6898 |   1052.2726 |   1052.3043 |   1052.2892 |   1052.1034 |   1052.3352 |   1052.2777 |   1052.3038 |   1052.3826 |   1052.2935 |   1052.3406 |   1052.2358 |
|            Clock [MHz]            |   2394.1617 | 2394.2297 | 2394.3164 | 2394.3163 | 2394.3102 | 2394.3102 | 2394.3053 | 2394.3105 | 2394.3131 | 2394.3154 |   2394.3171 |   2394.3140 |   2394.3113 |   2394.3126 |   2394.1465 |   2394.0985 |   2393.9381 |   2394.2097 |   2394.3123 |   2394.1074 |   2393.4033 |   2394.2999 |   2394.3107 |   2394.3141 |   2394.3112 |   2394.3161 |   2394.2735 |   2394.3181 |   2394.3108 |   2394.3126 |   2394.3118 |   2394.3152 |   2394.3118 |   2394.3044 |   2394.2334 |   2394.3113 |   2394.1472 |   2394.1470 |   2394.3039 |   2394.3115 |   2394.1210 |   2394.3156 |   2394.3166 |   2394.3113 |   2394.3140 |   2394.2914 |   2394.3156 |
|                CPI                |      0.8518 |    0.8432 |    0.7806 |    0.8001 |    0.8394 |    0.8415 |    0.8498 |    0.8455 |    0.6963 |    0.7143 |      0.7999 |      0.8265 |      0.8440 |      0.8173 |      0.7454 |      0.8108 |      0.8059 |      0.8127 |      0.4924 |      0.5057 |      0.4905 |      0.4821 |      0.4957 |      0.4922 |      0.4878 |      0.4827 |      0.4877 |      0.4953 |      0.4811 |      0.4919 |      0.4996 |      0.4952 |      0.4848 |      0.5018 |      0.5097 |      0.5025 |      0.4272 |      0.4225 |      0.4194 |      0.4241 |      0.4205 |      0.4243 |      0.4218 |      0.4201 |      0.4233 |      0.4211 |      0.4260 |
|             Energy [J]            | 245928.6089 |         0 |         0 |         0 |         0 |         0 |         0 |         0 |         0 |         0 |           0 |           0 |           0 |           0 |           0 |           0 |           0 |           0 |           0 |           0 |           0 |           0 |           0 |           0 |           0 |           0 |           0 |           0 |           0 |           0 |           0 |           0 |           0 |           0 |           0 |           0 | 151044.2022 |           0 |           0 |           0 |           0 |           0 |           0 |           0 |           0 |           0 |           0 |
|             Power [W]             |    232.6785 |         0 |         0 |         0 |         0 |         0 |         0 |         0 |         0 |         0 |           0 |           0 |           0 |           0 |           0 |           0 |           0 |           0 |           0 |           0 |           0 |           0 |           0 |           0 |           0 |           0 |           0 |           0 |           0 |           0 |           0 |           0 |           0 |           0 |           0 |           0 |    142.9236 |           0 |           0 |           0 |           0 |           0 |           0 |           0 |           0 |           0 |           0 |
|          Energy DRAM [J]          |  22889.8255 |         0 |         0 |         0 |         0 |         0 |         0 |         0 |         0 |         0 |           0 |           0 |           0 |           0 |           0 |           0 |           0 |           0 |           0 |           0 |           0 |           0 |           0 |           0 |           0 |           0 |           0 |           0 |           0 |           0 |           0 |           0 |           0 |           0 |           0 |           0 |  12745.7462 |           0 |           0 |           0 |           0 |           0 |           0 |           0 |           0 |           0 |           0 |
|           Power DRAM [W]          |     21.6566 |         0 |         0 |         0 |         0 |         0 |         0 |         0 |         0 |         0 |           0 |           0 |           0 |           0 |           0 |           0 |           0 |           0 |           0 |           0 |           0 |           0 |           0 |           0 |           0 |           0 |           0 |           0 |           0 |           0 |           0 |           0 |           0 |           0 |           0 |           0 |     12.0605 |           0 |           0 |           0 |           0 |           0 |           0 |           0 |           0 |           0 |           0 |
|            DP [MFLOP/s]           |   1632.0351 | 1631.8832 | 1600.8257 | 1631.7968 | 1631.6932 | 1631.9681 | 1631.9650 | 1631.9804 | 1600.8650 | 1631.9881 |   1631.7210 |   1631.9928 |   1631.9557 |   1631.6530 |   1600.9573 |   1631.8306 |   1631.7164 |   1631.9232 |   1631.9990 |   1631.6345 |   1600.4818 |   1631.6963 |   1632.0005 |   1631.7812 |   1631.9726 |   1631.9834 |   1600.8512 |   1632.0050 |   1631.7749 |   1631.8413 |   1631.6900 |   1631.9942 |   1601.0860 |   1631.8243 |   1631.9463 |   1631.9988 |   1631.8891 |   1631.8722 |   1600.7860 |   1631.9926 |   1631.6050 |   1631.9709 |   1631.7548 |   1631.7625 |   1600.8754 |   1631.7363 |   1632.0018 |
|          AVX DP [MFLOP/s]         |    318.3959 |  318.0904 |  307.5222 |  318.0736 |  318.0534 |  318.1070 |  318.1064 |  318.1094 |  307.5298 |  318.1109 |    318.0588 |    318.1118 |    318.1046 |    318.0456 |    307.5476 |    318.0802 |    318.0579 |    318.0982 |    318.1130 |    318.0420 |    307.4562 |    318.0540 |    318.1133 |    318.0705 |    318.1079 |    318.1100 |    307.5272 |    318.1142 |    318.0693 |    318.0823 |    318.0528 |    318.1121 |    307.5723 |    318.0790 |    318.1027 |    318.1130 |    318.0916 |    318.0883 |    307.5147 |    318.1118 |    318.0362 |    318.1076 |    318.0654 |    318.0669 |    307.5318 |    318.0618 |    318.1136 |
|          Packed [MUOPS/s]         |     39.7995 |   39.7613 |   38.4403 |   39.7592 |   39.7567 |   39.7634 |   39.7633 |   39.7637 |   38.4412 |   39.7639 |     39.7574 |     39.7640 |     39.7631 |     39.7557 |     38.4434 |     39.7600 |     39.7572 |     39.7623 |     39.7641 |     39.7552 |     38.4320 |     39.7567 |     39.7642 |     39.7588 |     39.7635 |     39.7637 |     38.4409 |     39.7643 |     39.7587 |     39.7603 |     39.7566 |     39.7640 |     38.4465 |     39.7599 |     39.7628 |     39.7641 |     39.7615 |     39.7610 |     38.4393 |     39.7640 |     39.7545 |     39.7634 |     39.7582 |     39.7584 |     38.4415 |     39.7577 |     39.7642 |
|          Scalar [MUOPS/s]         |   1313.6392 | 1313.7927 | 1293.3034 | 1313.7232 | 1313.6398 | 1313.8612 | 1313.8586 | 1313.8710 | 1293.3352 | 1313.8773 |   1313.6622 |   1313.8810 |   1313.8512 |   1313.6075 |   1293.4098 |   1313.7505 |   1313.6585 |   1313.8250 |   1313.8860 |   1313.5925 |   1293.0256 |   1313.6423 |   1313.8872 |   1313.7107 |   1313.8647 |   1313.8734 |   1293.3241 |   1313.8908 |   1313.7056 |   1313.7591 |   1313.6372 |   1313.8821 |   1293.5137 |   1313.7454 |   1313.8436 |   1313.8858 |   1313.7975 |   1313.7839 |   1293.2713 |   1313.8808 |   1313.5688 |   1313.8634 |   1313.6894 |   1313.6955 |   1293.3436 |   1313.6744 |   1313.8882 |
|  Memory read bandwidth [MBytes/s] |  72814.2444 |         0 |         0 |         0 |         0 |         0 |         0 |         0 |         0 |         0 |           0 |           0 |           0 |           0 |           0 |           0 |           0 |           0 |           0 |           0 |           0 |           0 |           0 |           0 |           0 |           0 |           0 |           0 |           0 |           0 |           0 |           0 |           0 |           0 |           0 |           0 |  19871.5031 |           0 |           0 |           0 |           0 |           0 |           0 |           0 |           0 |           0 |           0 |
|  Memory read data volume [GBytes] |  76960.7243 |         0 |         0 |         0 |         0 |         0 |         0 |         0 |         0 |         0 |           0 |           0 |           0 |           0 |           0 |           0 |           0 |           0 |           0 |           0 |           0 |           0 |           0 |           0 |           0 |           0 |           0 |           0 |           0 |           0 |           0 |           0 |           0 |           0 |           0 |           0 |  21000.5621 |           0 |           0 |           0 |           0 |           0 |           0 |           0 |           0 |           0 |           0 |
| Memory write bandwidth [MBytes/s] |  37270.5250 |         0 |         0 |         0 |         0 |         0 |         0 |         0 |         0 |         0 |           0 |           0 |           0 |           0 |           0 |           0 |           0 |           0 |           0 |           0 |           0 |           0 |           0 |           0 |           0 |           0 |           0 |           0 |           0 |           0 |           0 |           0 |           0 |           0 |           0 |           0 |  11013.6774 |           0 |           0 |           0 |           0 |           0 |           0 |           0 |           0 |           0 |           0 |
| Memory write data volume [GBytes] |  39392.9323 |         0 |         0 |         0 |         0 |         0 |         0 |         0 |         0 |         0 |           0 |           0 |           0 |           0 |           0 |           0 |           0 |           0 |           0 |           0 |           0 |           0 |           0 |           0 |           0 |           0 |           0 |           0 |           0 |           0 |           0 |           0 |           0 |           0 |           0 |           0 |  11639.4526 |           0 |           0 |           0 |           0 |           0 |           0 |           0 |           0 |           0 |           0 |
|    Memory bandwidth [MBytes/s]    | 110084.7693 |         0 |         0 |         0 |         0 |         0 |         0 |         0 |         0 |         0 |           0 |           0 |           0 |           0 |           0 |           0 |           0 |           0 |           0 |           0 |           0 |           0 |           0 |           0 |           0 |           0 |           0 |           0 |           0 |           0 |           0 |           0 |           0 |           0 |           0 |           0 |  30885.1805 |           0 |           0 |           0 |           0 |           0 |           0 |           0 |           0 |           0 |           0 |
|    Memory data volume [GBytes]    | 116353.6566 |         0 |         0 |         0 |         0 |         0 |         0 |         0 |         0 |         0 |           0 |           0 |           0 |           0 |           0 |           0 |           0 |           0 |           0 |           0 |           0 |           0 |           0 |           0 |           0 |           0 |           0 |           0 |           0 |           0 |           0 |           0 |           0 |           0 |           0 |           0 |  32640.0147 |           0 |           0 |           0 |           0 |           0 |           0 |           0 |           0 |           0 |           0 |
|       Operational intensity       |      0.0148 |         0 |         0 |         0 |         0 |         0 |         0 |         0 |         0 |         0 |           0 |           0 |           0 |           0 |           0 |           0 |           0 |           0 |           0 |           0 |           0 |           0 |           0 |           0 |           0 |           0 |           0 |           0 |           0 |           0 |           0 |           0 |           0 |           0 |           0 |           0 |      0.0528 |           0 |           0 |           0 |           0 |           0 |           0 |           0 |           0 |           0 |           0 |
+-----------------------------------+-------------+-----------+-----------+-----------+-----------+-----------+-----------+-----------+-----------+-----------+-------------+-------------+-------------+-------------+-------------+-------------+-------------+-------------+-------------+-------------+-------------+-------------+-------------+-------------+-------------+-------------+-------------+-------------+-------------+-------------+-------------+-------------+-------------+-------------+-------------+-------------+-------------+-------------+-------------+-------------+-------------+-------------+-------------+-------------+-------------+-------------+-------------+

+----------------------------------------+-------------+-----------+-------------+-----------+-----------+-----------+-----------+
|                 Metric                 |     Sum     |    Min    |     Max     |    Avg    |  %ile 25  |  %ile 50  |  %ile 75  |
+----------------------------------------+-------------+-----------+-------------+-----------+-----------+-----------+-----------+
|        Runtime (RDTSC) [s] STAT        |  49671.9530 | 1056.7430 |   1057.1470 | 1056.8501 | 1056.7590 | 1056.8490 | 1056.9170 |
|        Runtime unhalted [s] STAT       |  49432.4804 | 1050.5597 |   1052.3826 | 1051.7549 | 1051.5595 | 1051.6603 | 1052.0521 |
|            Clock [MHz] STAT            | 112529.8096 | 2393.4033 |   2394.3181 | 2394.2513 | 2394.2334 | 2394.3112 | 2394.3140 |
|                CPI STAT                |     28.0540 |    0.4194 |      0.8518 |    0.5969 |    0.4811 |    0.4957 |    0.8001 |
|             Energy [J] STAT            | 396972.8111 |         0 | 245928.6089 | 8446.2300 |         0 |         0 |         0 |
|             Power [W] STAT             |    375.6021 |         0 |    232.6785 |    7.9915 |         0 |         0 |         0 |
|          Energy DRAM [J] STAT          |  35635.5717 |         0 |  22889.8255 |  758.2037 |         0 |         0 |         0 |
|           Power DRAM [W] STAT          |     33.7171 |         0 |     21.6566 |    0.7174 |         0 |         0 |         0 |
|            DP [MFLOP/s] STAT           |  76449.5585 | 1600.4818 |   1632.0351 | 1626.5864 | 1631.6900 | 1631.8306 | 1631.9726 |
|          AVX DP [MFLOP/s] STAT         |  14865.8852 |  307.4562 |    318.3959 |  316.2954 |  318.0528 |  318.0802 |  318.1079 |
|          Packed [MUOPS/s] STAT         |   1858.2356 |   38.4320 |     39.7995 |   39.5369 |   39.7566 |   39.7600 |   39.7635 |
|          Scalar [MUOPS/s] STAT         |  61583.6739 | 1293.0256 |   1313.8908 | 1310.2909 | 1313.6372 | 1313.7454 | 1313.8634 |
|  Memory read bandwidth [MBytes/s] STAT |  92685.7475 |         0 |  72814.2444 | 1972.0372 |         0 |         0 |         0 |
|  Memory read data volume [GBytes] STAT |  97961.2864 |         0 |  76960.7243 | 2084.2827 |         0 |         0 |         0 |
| Memory write bandwidth [MBytes/s] STAT |  48284.2024 |         0 |  37270.5250 | 1027.3235 |         0 |         0 |         0 |
| Memory write data volume [GBytes] STAT |  51032.3849 |         0 |  39392.9323 | 1085.7954 |         0 |         0 |         0 |
|    Memory bandwidth [MBytes/s] STAT    | 140969.9498 |         0 | 110084.7693 | 2999.3606 |         0 |         0 |         0 |
|    Memory data volume [GBytes] STAT    | 148993.6713 |         0 | 116353.6566 | 3170.0781 |         0 |         0 |         0 |
|       Operational intensity STAT       |      0.0676 |         0 |      0.0528 |    0.0014 |         0 |         0 |         0 |
+----------------------------------------+-------------+-----------+-------------+-----------+-----------+-----------+-----------+

