WARN: Cannot extract OpenMP vendor from executable or commandline, assuming no OpenMP
 nx_glob, nz_glob:                  3000                  1250
 dx,dz:    8.00000000000000        8.00000000000000     
 dt:   2.666666666666666E-002
Group: 1
+------------------------------------------+---------+----------------+----------------+----------------+----------------+----------------+----------------+----------------+----------------+----------------+----------------+----------------+----------------+----------------+----------------+----------------+----------------+----------------+----------------+----------------+----------------+----------------+----------------+----------------+----------------+----------------+----------------+----------------+----------------+----------------+----------------+----------------+
|                   Event                  | Counter |    f0608:0:0   |    f0608:1:1   |    f0608:2:2   |    f0608:3:3   |    f0608:4:4   |    f0608:5:5   |    f0608:6:6   |    f0608:7:7   |    f0608:8:8   |    f0608:9:9   |   f0608:10:10  |   f0608:11:11  |   f0608:12:12  |   f0608:13:13  |   f0608:14:14  |   f0608:15:15  |   f0608:16:16  |   f0608:17:17  |   f0608:18:18  |   f0608:19:19  |   f0608:20:20  |   f0608:21:21  |   f0608:22:22  |   f0608:23:23  |   f0608:24:24  |   f0608:25:25  |   f0608:26:26  |   f0608:27:27  |   f0608:28:28  |   f0608:29:29  |   f0608:30:30  |
+------------------------------------------+---------+----------------+----------------+----------------+----------------+----------------+----------------+----------------+----------------+----------------+----------------+----------------+----------------+----------------+----------------+----------------+----------------+----------------+----------------+----------------+----------------+----------------+----------------+----------------+----------------+----------------+----------------+----------------+----------------+----------------+----------------+----------------+
|             INSTR_RETIRED_ANY            |  FIXC0  |  6161145758778 |  5807541537262 |  5271684502158 |  4366689134936 |  4445504428824 |  4358929019254 |  5156505610291 |  4465231427946 |  4355676740371 |  4719137229529 |  4571409318311 |  5766662174154 |  4723291543780 |  4560223186497 |  4396486771361 |  4393990811404 |  4510473438348 |  4407618861440 |  7902570460734 |  7935034264263 |  8057403404063 |  7872237525491 |  7771107788932 |  7939018765056 |  8023230223779 |  7836716536014 |  7808240354427 |  7921833743526 |  7994448315994 |  7772699911141 |  7879451380717 |
|           CPU_CLK_UNHALTED_CORE          |  FIXC1  |  3677742545097 |  3679285550770 |  3679655936510 |  3679070280203 |  3678900851639 |  3678294406259 |  3678966209237 |  3679715637266 |  3679463231137 |  3679011074524 |  3678147647564 |  3679861453932 |  3678956020720 |  3679017184382 |  3679030788716 |  3678399674747 |  3678651421151 |  3678986005998 |  3681242761816 |  3680381232551 |  3680511144965 |  3680593216888 |  3681427575593 |  3681110912448 |  3680385912306 |  3680720142029 |  3681340656776 |  3680989418201 |  3681354244204 |  3681253091272 |  3680800586134 |
|           CPU_CLK_UNHALTED_REF           |  FIXC2  |  3677743885536 |  3679284730464 |  3679653980640 |  3679069590432 |  3678900744096 |  3678294549600 |  3678966251040 |  3679716381312 |  3679461869760 |  3679009894752 |  3678148121184 |  3679860909984 |  3678957032928 |  3679017866112 |  3679029583296 |  3678400621248 |  3678654593568 |  3678987705984 |  3681241163424 |  3680381437632 |  3680508706848 |  3680591249568 |  3681427413600 |  3681106335936 |  3680380274688 |  3680717013120 |  3681340245408 |  3680986575456 |  3681353201760 |  3681253798176 |  3680798640288 |
|               TOPDOWN_SLOTS              |  FIXC3  | 18388712725485 | 18396427753850 | 18398279682550 | 18395351401015 | 18394504258195 | 18391472031295 | 18394831046185 | 18398578186330 | 18397316155685 | 18395055372620 | 18390738237820 | 18399307269660 | 18394780103600 | 18395085921910 | 18395153943580 | 18391998373735 | 18393257105755 | 18394930029990 | 18406213809080 | 18401906162755 | 18402555724825 | 18402966084440 | 18407137877965 | 18405554562240 | 18401929561530 | 18403600710145 | 18406703283880 | 18404947091005 | 18406771221020 | 18406265456360 | 18404002930670 |
|              PWR_PKG_ENERGY              |   PWR0  |    332903.1968 |              0 |              0 |              0 |              0 |              0 |              0 |              0 |              0 |              0 |              0 |              0 |              0 |              0 |              0 |              0 |              0 |              0 |              0 |              0 |              0 |              0 |              0 |              0 |              0 |              0 |              0 |              0 |              0 |              0 |              0 |
|              PWR_DRAM_ENERGY             |   PWR3  |     31312.6610 |              0 |              0 |              0 |              0 |              0 |              0 |              0 |              0 |              0 |              0 |              0 |              0 |              0 |              0 |              0 |              0 |              0 |              0 |              0 |              0 |              0 |              0 |              0 |              0 |              0 |              0 |              0 |              0 |              0 |              0 |
| FP_ARITH_INST_RETIRED_128B_PACKED_DOUBLE |   PMC0  |              0 |              0 |              0 |              0 |              0 |              0 |              0 |              0 |              0 |              0 |              0 |              0 |              0 |              0 |              0 |              0 |              0 |              0 |              0 |              0 |              0 |              0 |              0 |              0 |              0 |              0 |              0 |              0 |              0 |              0 |              0 |
|    FP_ARITH_INST_RETIRED_SCALAR_DOUBLE   |   PMC1  |  2098832741366 |  2098832100805 |  2077305214865 |  2098832106277 |  2098832088199 |  2098832087603 |  2077305222179 |  2098832085313 |  2098832090659 |  2098832081473 |  2098832084873 |  2077305195599 |  2098832074843 |  2098832067617 |  2098832063985 |  2077305170291 |  2098832049797 |  2098832039827 |  2098832020063 |  2077305168487 |  2098832034927 |  2098832013251 |  2098832022389 |  2098832023489 |  2077305142207 |  2098832034101 |  2098832007993 |  2098831998829 |  2077305117755 |  2098832001745 |  2098831999471 |
| FP_ARITH_INST_RETIRED_256B_PACKED_DOUBLE |   PMC2  |              0 |              0 |              0 |              0 |              0 |              0 |              0 |              0 |              0 |              0 |              0 |              0 |              0 |              0 |              0 |              0 |              0 |              0 |              0 |              0 |              0 |              0 |              0 |              0 |              0 |              0 |              0 |              0 |              0 |              0 |              0 |
| FP_ARITH_INST_RETIRED_512B_PACKED_DOUBLE |   PMC3  |    52191362013 |    52146067500 |    53496127500 |    52146067500 |    52146067500 |    52146067500 |    53496127500 |    52146067500 |    52146067500 |    52146067500 |    52146067500 |    53496127500 |    52146067500 |    52146067500 |    52146067500 |    53496127500 |    52146067500 |    52146067500 |    52146067500 |    53496127500 |    52146067500 |    52146067500 |    52146067500 |    52146067500 |    53496127500 |    52146067500 |    52146067500 |    52146067500 |    53496127500 |    52146067500 |    52146067500 |
|               CAS_COUNT_RD               | MBOX0C0 |   227065436720 |              0 |              0 |              0 |              0 |              0 |              0 |              0 |              0 |              0 |              0 |              0 |              0 |              0 |              0 |              0 |              0 |              0 |              0 |              0 |              0 |              0 |              0 |              0 |              0 |              0 |              0 |              0 |              0 |              0 |              0 |
|               CAS_COUNT_WR               | MBOX0C1 |   115064565215 |              0 |              0 |              0 |              0 |              0 |              0 |              0 |              0 |              0 |              0 |              0 |              0 |              0 |              0 |              0 |              0 |              0 |              0 |              0 |              0 |              0 |              0 |              0 |              0 |              0 |              0 |              0 |              0 |              0 |              0 |
|               CAS_COUNT_RD               | MBOX1C0 |   227013573378 |              0 |              0 |              0 |              0 |              0 |              0 |              0 |              0 |              0 |              0 |              0 |              0 |              0 |              0 |              0 |              0 |              0 |              0 |              0 |              0 |              0 |              0 |              0 |              0 |              0 |              0 |              0 |              0 |              0 |              0 |
|               CAS_COUNT_WR               | MBOX1C1 |   115064859325 |              0 |              0 |              0 |              0 |              0 |              0 |              0 |              0 |              0 |              0 |              0 |              0 |              0 |              0 |              0 |              0 |              0 |              0 |              0 |              0 |              0 |              0 |              0 |              0 |              0 |              0 |              0 |              0 |              0 |              0 |
|               CAS_COUNT_RD               | MBOX2C0 |   227033235643 |              0 |              0 |              0 |              0 |              0 |              0 |              0 |              0 |              0 |              0 |              0 |              0 |              0 |              0 |              0 |              0 |              0 |              0 |              0 |              0 |              0 |              0 |              0 |              0 |              0 |              0 |              0 |              0 |              0 |              0 |
|               CAS_COUNT_WR               | MBOX2C1 |   115067808951 |              0 |              0 |              0 |              0 |              0 |              0 |              0 |              0 |              0 |              0 |              0 |              0 |              0 |              0 |              0 |              0 |              0 |              0 |              0 |              0 |              0 |              0 |              0 |              0 |              0 |              0 |              0 |              0 |              0 |              0 |
|               CAS_COUNT_RD               | MBOX3C0 |   227100290946 |              0 |              0 |              0 |              0 |              0 |              0 |              0 |              0 |              0 |              0 |              0 |              0 |              0 |              0 |              0 |              0 |              0 |              0 |              0 |              0 |              0 |              0 |              0 |              0 |              0 |              0 |              0 |              0 |              0 |              0 |
|               CAS_COUNT_WR               | MBOX3C1 |   115079129178 |              0 |              0 |              0 |              0 |              0 |              0 |              0 |              0 |              0 |              0 |              0 |              0 |              0 |              0 |              0 |              0 |              0 |              0 |              0 |              0 |              0 |              0 |              0 |              0 |              0 |              0 |              0 |              0 |              0 |              0 |
|               CAS_COUNT_RD               | MBOX4C0 |   162266032662 |              0 |              0 |              0 |              0 |              0 |              0 |              0 |              0 |              0 |              0 |              0 |              0 |              0 |              0 |              0 |              0 |              0 |              0 |              0 |              0 |              0 |              0 |              0 |              0 |              0 |              0 |              0 |              0 |              0 |              0 |
|               CAS_COUNT_WR               | MBOX4C1 |    82535349461 |              0 |              0 |              0 |              0 |              0 |              0 |              0 |              0 |              0 |              0 |              0 |              0 |              0 |              0 |              0 |              0 |              0 |              0 |              0 |              0 |              0 |              0 |              0 |              0 |              0 |              0 |              0 |              0 |              0 |              0 |
|               CAS_COUNT_RD               | MBOX5C0 |   162275735147 |              0 |              0 |              0 |              0 |              0 |              0 |              0 |              0 |              0 |              0 |              0 |              0 |              0 |              0 |              0 |              0 |              0 |              0 |              0 |              0 |              0 |              0 |              0 |              0 |              0 |              0 |              0 |              0 |              0 |              0 |
|               CAS_COUNT_WR               | MBOX5C1 |    82535288016 |              0 |              0 |              0 |              0 |              0 |              0 |              0 |              0 |              0 |              0 |              0 |              0 |              0 |              0 |              0 |              0 |              0 |              0 |              0 |              0 |              0 |              0 |              0 |              0 |              0 |              0 |              0 |              0 |              0 |              0 |
|               CAS_COUNT_RD               | MBOX6C0 |   162299246870 |              0 |              0 |              0 |              0 |              0 |              0 |              0 |              0 |              0 |              0 |              0 |              0 |              0 |              0 |              0 |              0 |              0 |              0 |              0 |              0 |              0 |              0 |              0 |              0 |              0 |              0 |              0 |              0 |              0 |              0 |
|               CAS_COUNT_WR               | MBOX6C1 |    82537505638 |              0 |              0 |              0 |              0 |              0 |              0 |              0 |              0 |              0 |              0 |              0 |              0 |              0 |              0 |              0 |              0 |              0 |              0 |              0 |              0 |              0 |              0 |              0 |              0 |              0 |              0 |              0 |              0 |              0 |              0 |
|               CAS_COUNT_RD               | MBOX7C0 |   162262898882 |              0 |              0 |              0 |              0 |              0 |              0 |              0 |              0 |              0 |              0 |              0 |              0 |              0 |              0 |              0 |              0 |              0 |              0 |              0 |              0 |              0 |              0 |              0 |              0 |              0 |              0 |              0 |              0 |              0 |              0 |
|               CAS_COUNT_WR               | MBOX7C1 |    82533420735 |              0 |              0 |              0 |              0 |              0 |              0 |              0 |              0 |              0 |              0 |              0 |              0 |              0 |              0 |              0 |              0 |              0 |              0 |              0 |              0 |              0 |              0 |              0 |              0 |              0 |              0 |              0 |              0 |              0 |              0 |
+------------------------------------------+---------+----------------+----------------+----------------+----------------+----------------+----------------+----------------+----------------+----------------+----------------+----------------+----------------+----------------+----------------+----------------+----------------+----------------+----------------+----------------+----------------+----------------+----------------+----------------+----------------+----------------+----------------+----------------+----------------+----------------+----------------+----------------+

+-----------------------------------------------+---------+-----------------+----------------+----------------+----------------+
|                     Event                     | Counter |       Sum       |       Min      |       Max      |       Avg      |
+-----------------------------------------------+---------+-----------------+----------------+----------------+----------------+
|             INSTR_RETIRED_ANY STAT            |  FIXC0  | 189152194168781 |  4355676740371 |  8057403404063 |   6.101684e+12 |
|           CPU_CLK_UNHALTED_CORE STAT          |  FIXC1  | 114073266815035 |  3677742545097 |  3681427575593 |  3679782800485 |
|           CPU_CLK_UNHALTED_REF STAT           |  FIXC2  | 114073244367840 |  3677743885536 |  3681427413600 |   3.679782e+12 |
|               TOPDOWN_SLOTS STAT              |  FIXC3  | 570366334075175 | 18388712725485 | 18407137877965 | 18398914002425 |
|              PWR_PKG_ENERGY STAT              |   PWR0  |     332903.1968 |              0 |    332903.1968 |     10738.8128 |
|              PWR_DRAM_ENERGY STAT             |   PWR3  |      31312.6610 |              0 |     31312.6610 |      1010.0858 |
| FP_ARITH_INST_RETIRED_128B_PACKED_DOUBLE STAT |   PMC0  |               0 |              0 |              0 |              0 |
|    FP_ARITH_INST_RETIRED_SCALAR_DOUBLE STAT   |   PMC1  |  64913106150278 |  2077305117755 |  2098832741366 |  2093971166138 |
| FP_ARITH_INST_RETIRED_256B_PACKED_DOUBLE STAT |   PMC2  |               0 |              0 |              0 |              0 |
| FP_ARITH_INST_RETIRED_512B_PACKED_DOUBLE STAT |   PMC3  |   1626023807013 |    52146067500 |    53496127500 |   5.245238e+10 |
|               CAS_COUNT_RD STAT               | MBOX0C0 |    227065436720 |              0 |   227065436720 |   7.324692e+09 |
|               CAS_COUNT_WR STAT               | MBOX0C1 |    115064565215 |              0 |   115064565215 |   3.711760e+09 |
|               CAS_COUNT_RD STAT               | MBOX1C0 |    227013573378 |              0 |   227013573378 |   7.323018e+09 |
|               CAS_COUNT_WR STAT               | MBOX1C1 |    115064859325 |              0 |   115064859325 |   3.711770e+09 |
|               CAS_COUNT_RD STAT               | MBOX2C0 |    227033235643 |              0 |   227033235643 |   7.323653e+09 |
|               CAS_COUNT_WR STAT               | MBOX2C1 |    115067808951 |              0 |   115067808951 |   3.711865e+09 |
|               CAS_COUNT_RD STAT               | MBOX3C0 |    227100290946 |              0 |   227100290946 |   7.325816e+09 |
|               CAS_COUNT_WR STAT               | MBOX3C1 |    115079129178 |              0 |   115079129178 |   3.712230e+09 |
|               CAS_COUNT_RD STAT               | MBOX4C0 |    162266032662 |              0 |   162266032662 |   5.234388e+09 |
|               CAS_COUNT_WR STAT               | MBOX4C1 |     82535349461 |              0 |    82535349461 |   2.662431e+09 |
|               CAS_COUNT_RD STAT               | MBOX5C0 |    162275735147 |              0 |   162275735147 |   5.234701e+09 |
|               CAS_COUNT_WR STAT               | MBOX5C1 |     82535288016 |              0 |    82535288016 |   2.662429e+09 |
|               CAS_COUNT_RD STAT               | MBOX6C0 |    162299246870 |              0 |   162299246870 |   5.235460e+09 |
|               CAS_COUNT_WR STAT               | MBOX6C1 |     82537505638 |              0 |    82537505638 |   2.662500e+09 |
|               CAS_COUNT_RD STAT               | MBOX7C0 |    162262898882 |              0 |   162262898882 |   5.234287e+09 |
|               CAS_COUNT_WR STAT               | MBOX7C1 |     82533420735 |              0 |    82533420735 |   2.662368e+09 |
+-----------------------------------------------+---------+-----------------+----------------+----------------+----------------+

+-----------------------------------+-------------+-----------+-----------+-----------+-----------+-----------+-----------+-----------+-----------+-----------+-------------+-------------+-------------+-------------+-------------+-------------+-------------+-------------+-------------+-------------+-------------+-------------+-------------+-------------+-------------+-------------+-------------+-------------+-------------+-------------+-------------+
|               Metric              |  f0608:0:0  | f0608:1:1 | f0608:2:2 | f0608:3:3 | f0608:4:4 | f0608:5:5 | f0608:6:6 | f0608:7:7 | f0608:8:8 | f0608:9:9 | f0608:10:10 | f0608:11:11 | f0608:12:12 | f0608:13:13 | f0608:14:14 | f0608:15:15 | f0608:16:16 | f0608:17:17 | f0608:18:18 | f0608:19:19 | f0608:20:20 | f0608:21:21 | f0608:22:22 | f0608:23:23 | f0608:24:24 | f0608:25:25 | f0608:26:26 | f0608:27:27 | f0608:28:28 | f0608:29:29 | f0608:30:30 |
+-----------------------------------+-------------+-----------+-----------+-----------+-----------+-----------+-----------+-----------+-----------+-----------+-------------+-------------+-------------+-------------+-------------+-------------+-------------+-------------+-------------+-------------+-------------+-------------+-------------+-------------+-------------+-------------+-------------+-------------+-------------+-------------+-------------+
|        Runtime (RDTSC) [s]        |   1542.4170 | 1542.3640 | 1542.7940 | 1542.3330 | 1542.3470 | 1542.3380 | 1542.6930 | 1542.5070 | 1542.3360 | 1542.6400 |   1542.3300 |   1542.6680 |   1542.4230 |   1542.6790 |   1542.3520 |   1542.3360 |   1542.4230 |   1542.6750 |   1542.4760 |   1542.3340 |   1542.3170 |   1542.6330 |   1542.6410 |   1542.3200 |   1542.4280 |   1542.3520 |   1542.6010 |   1542.3210 |   1542.5830 |   1542.6550 |   1542.4140 |
|        Runtime unhalted [s]       |   1536.0345 | 1536.6754 | 1537.3028 | 1536.5858 | 1536.5146 | 1536.2604 | 1536.6830 | 1536.8568 | 1536.7507 | 1536.8051 |   1536.2034 |   1537.0338 |   1536.5409 |   1536.6144 |   1536.5697 |   1536.3076 |   1536.4092 |   1536.8196 |   1537.4941 |   1537.1327 |   1537.1904 |   1537.5346 |   1537.7839 |   1537.4397 |   1537.2441 |   1537.3081 |   1537.5369 |   1537.3873 |   1537.8089 |   1537.5893 |   1537.3871 |
|            Clock [MHz]            |   2394.3090 | 2394.3159 | 2393.5804 | 2394.3154 | 2394.3156 | 2394.3169 | 2394.0957 | 2394.3122 | 2394.3145 | 2393.9354 |   2394.3099 |   2394.1321 |   2394.3099 |   2394.2353 |   2394.3151 |   2394.3114 |   2394.3154 |   2393.8947 |   2394.3145 |   2394.3157 |   2394.3121 |   2393.8292 |   2393.9825 |   2394.3154 |   2394.1491 |   2394.2652 |   2394.3108 |   2394.3167 |   2393.8965 |   2394.1714 |   2394.1937 |
|                CPI                |      0.5969 |    0.6335 |    0.6980 |    0.8425 |    0.8276 |    0.8439 |    0.7135 |    0.8241 |    0.8448 |    0.7796 |      0.8046 |      0.6381 |      0.7789 |      0.8068 |      0.8368 |      0.8371 |      0.8156 |      0.8347 |      0.4658 |      0.4638 |      0.4568 |      0.4675 |      0.4737 |      0.4637 |      0.4587 |      0.4697 |      0.4715 |      0.4647 |      0.4605 |      0.4736 |      0.4671 |
|             Energy [J]            | 332903.1968 |         0 |         0 |         0 |         0 |         0 |         0 |         0 |         0 |         0 |           0 |           0 |           0 |           0 |           0 |           0 |           0 |           0 |           0 |           0 |           0 |           0 |           0 |           0 |           0 |           0 |           0 |           0 |           0 |           0 |           0 |
|             Power [W]             |    215.8322 |         0 |         0 |         0 |         0 |         0 |         0 |         0 |         0 |         0 |           0 |           0 |           0 |           0 |           0 |           0 |           0 |           0 |           0 |           0 |           0 |           0 |           0 |           0 |           0 |           0 |           0 |           0 |           0 |           0 |           0 |
|          Energy DRAM [J]          |  31312.6610 |         0 |         0 |         0 |         0 |         0 |         0 |         0 |         0 |         0 |           0 |           0 |           0 |           0 |           0 |           0 |           0 |           0 |           0 |           0 |           0 |           0 |           0 |           0 |           0 |           0 |           0 |           0 |           0 |           0 |           0 |
|           Power DRAM [W]          |     20.3010 |         0 |         0 |         0 |         0 |         0 |         0 |         0 |         0 |         0 |           0 |           0 |           0 |           0 |           0 |           0 |           0 |           0 |           0 |           0 |           0 |           0 |           0 |           0 |           0 |           0 |           0 |           0 |           0 |           0 |           0 |
|            DP [MFLOP/s]           |   1631.4418 | 1631.2626 | 1623.8553 | 1631.2953 | 1631.2805 | 1631.2900 | 1623.9616 | 1631.1113 | 1631.2922 | 1630.9707 |   1631.2985 |   1623.9879 |   1631.2001 |   1630.9294 |   1631.2752 |   1624.3375 |   1631.2001 |   1630.9337 |   1631.1441 |   1624.3396 |   1631.3122 |   1630.9780 |   1630.9696 |   1631.3090 |   1624.2406 |   1631.2752 |   1631.0119 |   1631.3080 |   1624.0774 |   1630.9548 |   1631.2096 |
|          AVX DP [MFLOP/s]         |    270.6991 |  270.4735 |  277.3987 |  270.4789 |  270.4764 |  270.4780 |  277.4168 |  270.4484 |  270.4784 |  270.4251 |    270.4794 |    277.4213 |    270.4631 |    270.4182 |    270.4756 |    277.4811 |    270.4631 |    270.4189 |    270.4538 |    277.4814 |    270.4817 |    270.4263 |    270.4249 |    270.4812 |    277.4645 |    270.4756 |    270.4319 |    270.4810 |    277.4366 |    270.4224 |    270.4647 |
|          Packed [MUOPS/s]         |     33.8374 |   33.8092 |   34.6748 |   33.8099 |   33.8096 |   33.8098 |   34.6771 |   33.8060 |   33.8098 |   33.8031 |     33.8099 |     34.6777 |     33.8079 |     33.8023 |     33.8094 |     34.6851 |     33.8079 |     33.8024 |     33.8067 |     34.6852 |     33.8102 |     33.8033 |     33.8031 |     33.8101 |     34.6831 |     33.8094 |     33.8040 |     33.8101 |     34.6796 |     33.8028 |     33.8081 |
|          Scalar [MUOPS/s]         |   1360.7427 | 1360.7891 | 1346.4566 | 1360.8164 | 1360.8041 | 1360.8120 | 1346.5448 | 1360.6629 | 1360.8138 | 1360.5456 |   1360.8191 |   1346.5666 |   1360.7370 |   1360.5112 |   1360.7997 |   1346.8564 |   1360.7370 |   1360.5147 |   1360.6902 |   1346.8582 |   1360.8305 |   1360.5517 |   1360.5447 |   1360.8279 |   1346.7761 |   1360.7996 |   1360.5800 |   1360.8270 |   1346.6407 |   1360.5323 |   1360.7449 |
|  Memory read bandwidth [MBytes/s] |  64618.2276 |         0 |         0 |         0 |         0 |         0 |         0 |         0 |         0 |         0 |           0 |           0 |           0 |           0 |           0 |           0 |           0 |           0 |           0 |           0 |           0 |           0 |           0 |           0 |           0 |           0 |           0 |           0 |           0 |           0 |           0 |
|  Memory read data volume [GBytes] |  99668.2528 |         0 |         0 |         0 |         0 |         0 |         0 |         0 |         0 |         0 |           0 |           0 |           0 |           0 |           0 |           0 |           0 |           0 |           0 |           0 |           0 |           0 |           0 |           0 |           0 |           0 |           0 |           0 |           0 |           0 |           0 |
| Memory write bandwidth [MBytes/s] |  32797.0629 |         0 |         0 |         0 |         0 |         0 |         0 |         0 |         0 |         0 |           0 |           0 |           0 |           0 |           0 |           0 |           0 |           0 |           0 |           0 |           0 |           0 |           0 |           0 |           0 |           0 |           0 |           0 |           0 |           0 |           0 |
| Memory write data volume [GBytes] |  50586.7473 |         0 |         0 |         0 |         0 |         0 |         0 |         0 |         0 |         0 |           0 |           0 |           0 |           0 |           0 |           0 |           0 |           0 |           0 |           0 |           0 |           0 |           0 |           0 |           0 |           0 |           0 |           0 |           0 |           0 |           0 |
|    Memory bandwidth [MBytes/s]    |  97415.2905 |         0 |         0 |         0 |         0 |         0 |         0 |         0 |         0 |         0 |           0 |           0 |           0 |           0 |           0 |           0 |           0 |           0 |           0 |           0 |           0 |           0 |           0 |           0 |           0 |           0 |           0 |           0 |           0 |           0 |           0 |
|    Memory data volume [GBytes]    | 150255.0001 |         0 |         0 |         0 |         0 |         0 |         0 |         0 |         0 |         0 |           0 |           0 |           0 |           0 |           0 |           0 |           0 |           0 |           0 |           0 |           0 |           0 |           0 |           0 |           0 |           0 |           0 |           0 |           0 |           0 |           0 |
|       Operational intensity       |      0.0167 |         0 |         0 |         0 |         0 |         0 |         0 |         0 |         0 |         0 |           0 |           0 |           0 |           0 |           0 |           0 |           0 |           0 |           0 |           0 |           0 |           0 |           0 |           0 |           0 |           0 |           0 |           0 |           0 |           0 |           0 |
+-----------------------------------+-------------+-----------+-----------+-----------+-----------+-----------+-----------+-----------+-----------+-----------+-------------+-------------+-------------+-------------+-------------+-------------+-------------+-------------+-------------+-------------+-------------+-------------+-------------+-------------+-------------+-------------+-------------+-------------+-------------+-------------+-------------+

+----------------------------------------+-------------+-----------+-------------+------------+-----------+-----------+-----------+
|                 Metric                 |     Sum     |    Min    |     Max     |     Avg    |  %ile 25  |  %ile 50  |  %ile 75  |
+----------------------------------------+-------------+-----------+-------------+------------+-----------+-----------+-----------+
|        Runtime (RDTSC) [s] STAT        |  47816.7300 | 1542.3170 |   1542.7940 |  1542.4752 | 1542.3360 | 1542.4230 | 1542.6330 |
|        Runtime unhalted [s] STAT       |  47645.8048 | 1536.0345 |   1537.8089 |  1536.9614 | 1536.5697 | 1536.8568 | 1537.3871 |
|            Clock [MHz] STAT            |  74220.0076 | 2393.5804 |   2394.3169 |  2394.1938 | 2394.1321 | 2394.3099 | 2394.3151 |
|                CPI STAT                |     20.0141 |    0.4568 |      0.8448 |     0.6456 |    0.4671 |    0.6381 |    0.8156 |
|             Energy [J] STAT            | 332903.1968 |         0 | 332903.1968 | 10738.8128 |         0 |         0 |         0 |
|             Power [W] STAT             |    215.8322 |         0 |    215.8322 |     6.9623 |         0 |         0 |         0 |
|          Energy DRAM [J] STAT          |  31312.6610 |         0 |  31312.6610 |  1010.0858 |         0 |         0 |         0 |
|           Power DRAM [W] STAT          |     20.3010 |         0 |     20.3010 |     0.6549 |         0 |         0 |         0 |
|            DP [MFLOP/s] STAT           |  50517.0537 | 1623.8553 |   1631.4418 |  1629.5824 | 1630.9294 | 1631.1441 | 1631.2805 |
|          AVX DP [MFLOP/s] STAT         |   8433.3200 |  270.4182 |    277.4814 |   272.0426 |  270.4484 |  270.4764 |  270.4817 |
|          Packed [MUOPS/s] STAT         |   1054.1650 |   33.8023 |     34.6852 |    34.0053 |   33.8060 |   33.8096 |   33.8102 |
|          Scalar [MUOPS/s] STAT         |  42083.7335 | 1346.4566 |   1360.8305 |  1357.5398 | 1360.5112 | 1360.6902 | 1360.7997 |
|  Memory read bandwidth [MBytes/s] STAT |  64618.2276 |         0 |  64618.2276 |  2084.4590 |         0 |         0 |         0 |
|  Memory read data volume [GBytes] STAT |  99668.2528 |         0 |  99668.2528 |  3215.1049 |         0 |         0 |         0 |
| Memory write bandwidth [MBytes/s] STAT |  32797.0629 |         0 |  32797.0629 |  1057.9698 |         0 |         0 |         0 |
| Memory write data volume [GBytes] STAT |  50586.7473 |         0 |  50586.7473 |  1631.8306 |         0 |         0 |         0 |
|    Memory bandwidth [MBytes/s] STAT    |  97415.2905 |         0 |  97415.2905 |  3142.4287 |         0 |         0 |         0 |
|    Memory data volume [GBytes] STAT    | 150255.0001 |         0 | 150255.0001 |  4846.9355 |         0 |         0 |         0 |
|       Operational intensity STAT       |      0.0167 |         0 |      0.0167 |     0.0005 |         0 |         0 |         0 |
+----------------------------------------+-------------+-----------+-------------+------------+-----------+-----------+-----------+

