WARN: Cannot extract OpenMP vendor from executable or commandline, assuming no OpenMP
 nx_glob, nz_glob:                  3000                  1250
 dx,dz:    8.00000000000000        8.00000000000000     
 dt:   2.666666666666666E-002
Group: 1
+------------------------------------------+---------+----------------+----------------+----------------+----------------+----------------+----------------+----------------+----------------+----------------+----------------+----------------+----------------+----------------+----------------+----------------+----------------+----------------+----------------+----------------+----------------+----------------+----------------+----------------+----------------+----------------+----------------+----------------+----------------+----------------+----------------+----------------+----------------+----------------+----------------+----------------+----------------+----------------+----------------+----------------+----------------+----------------+----------------+
|                   Event                  | Counter |    f0608:0:0   |    f0608:1:1   |    f0608:2:2   |    f0608:3:3   |    f0608:4:4   |    f0608:5:5   |    f0608:6:6   |    f0608:7:7   |    f0608:8:8   |    f0608:9:9   |   f0608:10:10  |   f0608:11:11  |   f0608:12:12  |   f0608:13:13  |   f0608:14:14  |   f0608:15:15  |   f0608:16:16  |   f0608:17:17  |   f0608:18:18  |   f0608:19:19  |   f0608:20:20  |   f0608:21:21  |   f0608:22:22  |   f0608:23:23  |   f0608:24:24  |   f0608:25:25  |   f0608:26:26  |   f0608:27:27  |   f0608:28:28  |   f0608:29:29  |   f0608:30:30  |   f0608:31:31  |   f0608:32:32  |   f0608:33:33  |   f0608:34:34  |   f0608:35:35  |   f0608:36:36  |   f0608:37:37  |   f0608:38:38  |   f0608:39:39  |   f0608:40:40  |   f0608:41:41  |
+------------------------------------------+---------+----------------+----------------+----------------+----------------+----------------+----------------+----------------+----------------+----------------+----------------+----------------+----------------+----------------+----------------+----------------+----------------+----------------+----------------+----------------+----------------+----------------+----------------+----------------+----------------+----------------+----------------+----------------+----------------+----------------+----------------+----------------+----------------+----------------+----------------+----------------+----------------+----------------+----------------+----------------+----------------+----------------+----------------+
|             INSTR_RETIRED_ANY            |  FIXC0  |  5789008214789 |  5818379535720 |  5878044002028 |  5825185780892 |  5689485394912 |  5812908893811 |  5906652260740 |  5856614219773 |  5791336264070 |  5908524844091 |  5867247555872 |  5918669864563 |  5940502736426 |  5903814699653 |  5917887845635 |  5907204231567 |  5827699914417 |  5842861686048 |  4066721007491 |  3307345405127 |  3399598491135 |  3759399160411 |  3289652225510 |  3425655555977 |  3298767489256 |  3316984259672 |  3296903985384 |  3368757700694 |  3994375985405 |  3586228339628 |  3334310842064 |  3287280029520 |  3285586492378 |  3309297916451 |  3279491448000 |  3874931291294 |  6923566967361 |  6927172410917 |  6933979174868 |  6925184345917 |  6941367180229 |  6926786962842 |
|           CPU_CLK_UNHALTED_CORE          |  FIXC1  |  2829353455494 |  2830891459658 |  2830840515231 |  2830367111457 |  2828804310504 |  2830284299667 |  2830425357992 |  2830372147695 |  2831055211503 |  2830591391007 |  2830790189688 |  2830674294570 |  2830505773040 |  2830414849435 |  2830893113326 |  2830792189728 |  2830898039984 |  2830721578526 |  2830116807073 |  2829004382474 |  2829477018732 |  2829763680273 |  2829441149061 |  2829429887658 |  2829287057317 |  2829646288619 |  2829863520345 |  2829638518658 |  2829897262889 |  2829620199609 |  2828859119804 |  2829794448349 |  2829410933644 |  2829843769151 |  2830049694494 |  2830011261086 |  2832156440744 |  2832327454812 |  2832324973236 |  2832286888223 |  2832389838719 |  2832665762950 |
|           CPU_CLK_UNHALTED_REF           |  FIXC2  |  2829353911200 |  2830891431936 |  2830839580992 |  2830365740448 |  2828802887712 |  2830282015104 |  2830423247904 |  2830370961312 |  2831055199008 |  2830587374304 |  2830789922304 |  2830673963424 |  2830505403840 |  2830413930336 |  2830890547392 |  2830792718784 |  2830898998080 |  2830720112928 |  2830118524608 |  2829005997024 |  2829479693376 |  2829764664864 |  2829443295744 |  2829430784832 |  2829287784576 |  2829647804448 |  2829865097664 |  2829639225024 |  2829897655296 |  2829621242016 |  2828859484512 |  2829794590752 |  2829412467072 |  2829844848960 |  2830050103488 |  2830010582208 |  2832157884480 |  2832322439904 |  2832330322656 |  2832286407360 |  2832390590304 |  2832668628576 |
|               TOPDOWN_SLOTS              |  FIXC3  | 14146767277470 | 14154457298290 | 14154202576155 | 14151835557285 | 14144021552520 | 14151421498335 | 14152126789960 | 14151860738475 | 14155276057515 | 14152956955035 | 14153950948440 | 14153371472850 | 14152528865200 | 14152074247175 | 14154465566630 | 14153960948640 | 14154490199920 | 14153607892630 | 14150584035365 | 14145021912370 | 14147385093660 | 14148818401365 | 14147205745305 | 14147149438290 | 14146435286585 | 14148231443095 | 14149317601725 | 14148192593290 | 14149486314445 | 14148100998045 | 14144295599020 | 14148972241745 | 14147054668220 | 14149218845755 | 14150248472470 | 14150056305430 | 14160782203720 | 14161637274060 | 14161624866180 | 14161434441115 | 14161949193595 | 14163328814750 |
|              PWR_PKG_ENERGY              |   PWR0  |    275975.6271 |              0 |              0 |              0 |              0 |              0 |              0 |              0 |              0 |              0 |              0 |              0 |              0 |              0 |              0 |              0 |              0 |              0 |              0 |              0 |              0 |              0 |              0 |              0 |              0 |              0 |              0 |              0 |              0 |              0 |              0 |              0 |              0 |              0 |              0 |              0 |    143246.7341 |              0 |              0 |              0 |              0 |              0 |
|              PWR_DRAM_ENERGY             |   PWR3  |     25551.4588 |              0 |              0 |              0 |              0 |              0 |              0 |              0 |              0 |              0 |              0 |              0 |              0 |              0 |              0 |              0 |              0 |              0 |              0 |              0 |              0 |              0 |              0 |              0 |              0 |              0 |              0 |              0 |              0 |              0 |              0 |              0 |              0 |              0 |              0 |              0 |     11692.7939 |              0 |              0 |              0 |              0 |              0 |
| FP_ARITH_INST_RETIRED_128B_PACKED_DOUBLE |   PMC0  |              0 |              0 |              0 |              0 |              0 |              0 |              0 |              0 |              0 |              0 |              0 |              0 |              0 |              0 |              0 |              0 |              0 |              0 |              0 |              0 |              0 |              0 |              0 |              0 |              0 |              0 |              0 |              0 |              0 |              0 |              0 |              0 |              0 |              0 |              0 |              0 |              0 |              0 |              0 |              0 |              0 |              0 |
|    FP_ARITH_INST_RETIRED_SCALAR_DOUBLE   |   PMC1  |  1539133849195 |  1560660146127 |  1539133196031 |  1560660141313 |  1539133256373 |  1560660081611 |  1539133229191 |  1539133234147 |  1560660056795 |  1539133260598 |  1560660090049 |  1539133173828 |  1560660114811 |  1539133168263 |  1539133166635 |  1560660079497 |  1539133147521 |  1560660026233 |  1539133192699 |  1560660029143 |  1539133105375 |  1539133142635 |  1560660059571 |  1539133155593 |  1560659993045 |  1539133129417 |  1560659993209 |  1539133077779 |  1539133101889 |  1560659943395 |  1539133087365 |  1560659958559 |  1539133120085 |  1560659956213 |  1539133054169 |  1539133060679 |  1560659943162 |  1539133025201 |  1560659906727 |  1539133056273 |  1560659934751 |  1539133045577 |
| FP_ARITH_INST_RETIRED_256B_PACKED_DOUBLE |   PMC2  |              0 |              0 |              0 |              0 |              0 |              0 |              0 |              0 |              0 |              0 |              0 |              0 |              0 |              0 |              0 |              0 |              0 |              0 |              0 |              0 |              0 |              0 |              0 |              0 |              0 |              0 |              0 |              0 |              0 |              0 |              0 |              0 |              0 |              0 |              0 |              0 |              0 |              0 |              0 |              0 |              0 |              0 |
| FP_ARITH_INST_RETIRED_512B_PACKED_DOUBLE |   PMC3  |    42867442635 |    44889495000 |    42822148122 |    44889495000 |    42822148122 |    44889495000 |    42822148122 |    42822148122 |    44889495000 |    42822148122 |    44889495000 |    42822148122 |    44889495000 |    42822148122 |    42822148122 |    44889495000 |    42822148122 |    44889495000 |    42822148122 |    44889495000 |    42822148122 |    42822148122 |    44889495000 |    42822148122 |    44889495000 |    42822148122 |    44889495000 |    42822148122 |    42822148122 |    44889495000 |    42822148122 |    44889495000 |    42822148122 |    44889495000 |    42822148122 |    42822148122 |    44889495000 |    42822148122 |    44889495000 |    42822148122 |    44889495000 |    42822148122 |
|               CAS_COUNT_RD               | MBOX0C0 |   167700511303 |              0 |              0 |              0 |              0 |              0 |              0 |              0 |              0 |              0 |              0 |              0 |              0 |              0 |              0 |              0 |              0 |              0 |              0 |              0 |              0 |              0 |              0 |              0 |              0 |              0 |              0 |              0 |              0 |              0 |              0 |              0 |              0 |              0 |              0 |              0 |    39961192102 |              0 |              0 |              0 |              0 |              0 |
|               CAS_COUNT_WR               | MBOX0C1 |    85855831614 |              0 |              0 |              0 |              0 |              0 |              0 |              0 |              0 |              0 |              0 |              0 |              0 |              0 |              0 |              0 |              0 |              0 |              0 |              0 |              0 |              0 |              0 |              0 |              0 |              0 |              0 |              0 |              0 |              0 |              0 |              0 |              0 |              0 |              0 |              0 |    23875931961 |              0 |              0 |              0 |              0 |              0 |
|               CAS_COUNT_RD               | MBOX1C0 |   167667466047 |              0 |              0 |              0 |              0 |              0 |              0 |              0 |              0 |              0 |              0 |              0 |              0 |              0 |              0 |              0 |              0 |              0 |              0 |              0 |              0 |              0 |              0 |              0 |              0 |              0 |              0 |              0 |              0 |              0 |              0 |              0 |              0 |              0 |              0 |              0 |    39977867810 |              0 |              0 |              0 |              0 |              0 |
|               CAS_COUNT_WR               | MBOX1C1 |    85841956302 |              0 |              0 |              0 |              0 |              0 |              0 |              0 |              0 |              0 |              0 |              0 |              0 |              0 |              0 |              0 |              0 |              0 |              0 |              0 |              0 |              0 |              0 |              0 |              0 |              0 |              0 |              0 |              0 |              0 |              0 |              0 |              0 |              0 |              0 |              0 |    23879240830 |              0 |              0 |              0 |              0 |              0 |
|               CAS_COUNT_RD               | MBOX2C0 |   167681996270 |              0 |              0 |              0 |              0 |              0 |              0 |              0 |              0 |              0 |              0 |              0 |              0 |              0 |              0 |              0 |              0 |              0 |              0 |              0 |              0 |              0 |              0 |              0 |              0 |              0 |              0 |              0 |              0 |              0 |              0 |              0 |              0 |              0 |              0 |              0 |    39972339561 |              0 |              0 |              0 |              0 |              0 |
|               CAS_COUNT_WR               | MBOX2C1 |    85863493702 |              0 |              0 |              0 |              0 |              0 |              0 |              0 |              0 |              0 |              0 |              0 |              0 |              0 |              0 |              0 |              0 |              0 |              0 |              0 |              0 |              0 |              0 |              0 |              0 |              0 |              0 |              0 |              0 |              0 |              0 |              0 |              0 |              0 |              0 |              0 |    23874513538 |              0 |              0 |              0 |              0 |              0 |
|               CAS_COUNT_RD               | MBOX3C0 |   167713853622 |              0 |              0 |              0 |              0 |              0 |              0 |              0 |              0 |              0 |              0 |              0 |              0 |              0 |              0 |              0 |              0 |              0 |              0 |              0 |              0 |              0 |              0 |              0 |              0 |              0 |              0 |              0 |              0 |              0 |              0 |              0 |              0 |              0 |              0 |              0 |    39965378947 |              0 |              0 |              0 |              0 |              0 |
|               CAS_COUNT_WR               | MBOX3C1 |    85855016953 |              0 |              0 |              0 |              0 |              0 |              0 |              0 |              0 |              0 |              0 |              0 |              0 |              0 |              0 |              0 |              0 |              0 |              0 |              0 |              0 |              0 |              0 |              0 |              0 |              0 |              0 |              0 |              0 |              0 |              0 |              0 |              0 |              0 |              0 |              0 |    23875334741 |              0 |              0 |              0 |              0 |              0 |
|               CAS_COUNT_RD               | MBOX4C0 |   166794100473 |              0 |              0 |              0 |              0 |              0 |              0 |              0 |              0 |              0 |              0 |              0 |              0 |              0 |              0 |              0 |              0 |              0 |              0 |              0 |              0 |              0 |              0 |              0 |              0 |              0 |              0 |              0 |              0 |              0 |              0 |              0 |              0 |              0 |              0 |              0 |       67522060 |              0 |              0 |              0 |              0 |              0 |
|               CAS_COUNT_WR               | MBOX4C1 |    85653206740 |              0 |              0 |              0 |              0 |              0 |              0 |              0 |              0 |              0 |              0 |              0 |              0 |              0 |              0 |              0 |              0 |              0 |              0 |              0 |              0 |              0 |              0 |              0 |              0 |              0 |              0 |              0 |              0 |              0 |              0 |              0 |              0 |              0 |              0 |              0 |       58071243 |              0 |              0 |              0 |              0 |              0 |
|               CAS_COUNT_RD               | MBOX5C0 |   166804123350 |              0 |              0 |              0 |              0 |              0 |              0 |              0 |              0 |              0 |              0 |              0 |              0 |              0 |              0 |              0 |              0 |              0 |              0 |              0 |              0 |              0 |              0 |              0 |              0 |              0 |              0 |              0 |              0 |              0 |              0 |              0 |              0 |              0 |              0 |              0 |       63653359 |              0 |              0 |              0 |              0 |              0 |
|               CAS_COUNT_WR               | MBOX5C1 |    85647455829 |              0 |              0 |              0 |              0 |              0 |              0 |              0 |              0 |              0 |              0 |              0 |              0 |              0 |              0 |              0 |              0 |              0 |              0 |              0 |              0 |              0 |              0 |              0 |              0 |              0 |              0 |              0 |              0 |              0 |              0 |              0 |              0 |              0 |              0 |              0 |       47900511 |              0 |              0 |              0 |              0 |              0 |
|               CAS_COUNT_RD               | MBOX6C0 |   166802748765 |              0 |              0 |              0 |              0 |              0 |              0 |              0 |              0 |              0 |              0 |              0 |              0 |              0 |              0 |              0 |              0 |              0 |              0 |              0 |              0 |              0 |              0 |              0 |              0 |              0 |              0 |              0 |              0 |              0 |              0 |              0 |              0 |              0 |              0 |              0 |       60234283 |              0 |              0 |              0 |              0 |              0 |
|               CAS_COUNT_WR               | MBOX6C1 |    85649505532 |              0 |              0 |              0 |              0 |              0 |              0 |              0 |              0 |              0 |              0 |              0 |              0 |              0 |              0 |              0 |              0 |              0 |              0 |              0 |              0 |              0 |              0 |              0 |              0 |              0 |              0 |              0 |              0 |              0 |              0 |              0 |              0 |              0 |              0 |              0 |       46999574 |              0 |              0 |              0 |              0 |              0 |
|               CAS_COUNT_RD               | MBOX7C0 |   166764789487 |              0 |              0 |              0 |              0 |              0 |              0 |              0 |              0 |              0 |              0 |              0 |              0 |              0 |              0 |              0 |              0 |              0 |              0 |              0 |              0 |              0 |              0 |              0 |              0 |              0 |              0 |              0 |              0 |              0 |              0 |              0 |              0 |              0 |              0 |              0 |       65424640 |              0 |              0 |              0 |              0 |              0 |
|               CAS_COUNT_WR               | MBOX7C1 |    85640189953 |              0 |              0 |              0 |              0 |              0 |              0 |              0 |              0 |              0 |              0 |              0 |              0 |              0 |              0 |              0 |              0 |              0 |              0 |              0 |              0 |              0 |              0 |              0 |              0 |              0 |              0 |              0 |              0 |              0 |              0 |              0 |              0 |              0 |              0 |              0 |       57470299 |              0 |              0 |              0 |              0 |              0 |
+------------------------------------------+---------+----------------+----------------+----------------+----------------+----------------+----------------+----------------+----------------+----------------+----------------+----------------+----------------+----------------+----------------+----------------+----------------+----------------+----------------+----------------+----------------+----------------+----------------+----------------+----------------+----------------+----------------+----------------+----------------+----------------+----------------+----------------+----------------+----------------+----------------+----------------+----------------+----------------+----------------+----------------+----------------+----------------+----------------+

+-----------------------------------------------+---------+-----------------+----------------+----------------+---------------+
|                     Event                     | Counter |       Sum       |       Min      |       Max      |      Avg      |
+-----------------------------------------------+---------+-----------------+----------------+----------------+---------------+
|             INSTR_RETIRED_ANY STAT            |  FIXC0  | 209461372612538 |  3279491448000 |  6941367180229 |  4.987176e+12 |
|           CPU_CLK_UNHALTED_CORE STAT          |  FIXC1  | 118875981646425 |  2828804310504 |  2832665762950 |  2.830381e+12 |
|           CPU_CLK_UNHALTED_REF STAT           |  FIXC2  | 118875988066752 |  2828802887712 |  2832668628576 | 2830380668256 |
|               TOPDOWN_SLOTS STAT              |  FIXC3  | 594379908232125 | 14144021552520 | 14163328814750 |      nil      |
|              PWR_PKG_ENERGY STAT              |   PWR0  |     419222.3612 |              0 |    275975.6271 |     9981.4848 |
|              PWR_DRAM_ENERGY STAT             |   PWR3  |      37244.2527 |              0 |     25551.4588 |      886.7679 |
| FP_ARITH_INST_RETIRED_128B_PACKED_DOUBLE STAT |   PMC0  |               0 |              0 |              0 |             0 |
|    FP_ARITH_INST_RETIRED_SCALAR_DOUBLE STAT   |   PMC1  |  65031076490729 |  1539133025201 |  1560660146127 |      nil      |
| FP_ARITH_INST_RETIRED_256B_PACKED_DOUBLE STAT |   PMC2  |               0 |              0 |              0 |             0 |
| FP_ARITH_INST_RETIRED_512B_PACKED_DOUBLE STAT |   PMC3  |   1835787759441 |    42822148122 |    44889495000 |  4.370923e+10 |
|               CAS_COUNT_RD STAT               | MBOX0C0 |    207661703405 |              0 |   167700511303 |  4.944326e+09 |
|               CAS_COUNT_WR STAT               | MBOX0C1 |    109731763575 |              0 |    85855831614 |  2.612661e+09 |
|               CAS_COUNT_RD STAT               | MBOX1C0 |    207645333857 |              0 |   167667466047 |  4.943937e+09 |
|               CAS_COUNT_WR STAT               | MBOX1C1 |    109721197132 |              0 |    85841956302 |  2.612409e+09 |
|               CAS_COUNT_RD STAT               | MBOX2C0 |    207654335831 |              0 |   167681996270 |  4.944151e+09 |
|               CAS_COUNT_WR STAT               | MBOX2C1 |    109738007240 |              0 |    85863493702 |  2.612810e+09 |
|               CAS_COUNT_RD STAT               | MBOX3C0 |    207679232569 |              0 |   167713853622 |  4.944744e+09 |
|               CAS_COUNT_WR STAT               | MBOX3C1 |    109730351694 |              0 |    85855016953 |  2.612627e+09 |
|               CAS_COUNT_RD STAT               | MBOX4C0 |    166861622533 |              0 |   166794100473 |  3.972896e+09 |
|               CAS_COUNT_WR STAT               | MBOX4C1 |     85711277983 |              0 |    85653206740 |  2.040745e+09 |
|               CAS_COUNT_RD STAT               | MBOX5C0 |    166867776709 |              0 |   166804123350 |  3.973042e+09 |
|               CAS_COUNT_WR STAT               | MBOX5C1 |     85695356340 |              0 |    85647455829 |  2.040366e+09 |
|               CAS_COUNT_RD STAT               | MBOX6C0 |    166862983048 |              0 |   166802748765 |  3.972928e+09 |
|               CAS_COUNT_WR STAT               | MBOX6C1 |     85696505106 |              0 |    85649505532 |  2.040393e+09 |
|               CAS_COUNT_RD STAT               | MBOX7C0 |    166830214127 |              0 |   166764789487 |  3.972148e+09 |
|               CAS_COUNT_WR STAT               | MBOX7C1 |     85697660252 |              0 |    85640189953 |  2.040420e+09 |
+-----------------------------------------------+---------+-----------------+----------------+----------------+---------------+

+-----------------------------------+-------------+-----------+-----------+-----------+-----------+-----------+-----------+-----------+-----------+-----------+-------------+-------------+-------------+-------------+-------------+-------------+-------------+-------------+-------------+-------------+-------------+-------------+-------------+-------------+-------------+-------------+-------------+-------------+-------------+-------------+-------------+-------------+-------------+-------------+-------------+-------------+-------------+-------------+-------------+-------------+-------------+-------------+
|               Metric              |  f0608:0:0  | f0608:1:1 | f0608:2:2 | f0608:3:3 | f0608:4:4 | f0608:5:5 | f0608:6:6 | f0608:7:7 | f0608:8:8 | f0608:9:9 | f0608:10:10 | f0608:11:11 | f0608:12:12 | f0608:13:13 | f0608:14:14 | f0608:15:15 | f0608:16:16 | f0608:17:17 | f0608:18:18 | f0608:19:19 | f0608:20:20 | f0608:21:21 | f0608:22:22 | f0608:23:23 | f0608:24:24 | f0608:25:25 | f0608:26:26 | f0608:27:27 | f0608:28:28 | f0608:29:29 | f0608:30:30 | f0608:31:31 | f0608:32:32 | f0608:33:33 | f0608:34:34 | f0608:35:35 | f0608:36:36 | f0608:37:37 | f0608:38:38 | f0608:39:39 | f0608:40:40 | f0608:41:41 |
+-----------------------------------+-------------+-----------+-----------+-----------+-----------+-----------+-----------+-----------+-----------+-----------+-------------+-------------+-------------+-------------+-------------+-------------+-------------+-------------+-------------+-------------+-------------+-------------+-------------+-------------+-------------+-------------+-------------+-------------+-------------+-------------+-------------+-------------+-------------+-------------+-------------+-------------+-------------+-------------+-------------+-------------+-------------+-------------+
|        Runtime (RDTSC) [s]        |   1187.4800 | 1187.3230 | 1187.4500 | 1187.3390 | 1187.7480 | 1187.3300 | 1187.7740 | 1187.3680 | 1187.8130 | 1187.3710 |   1187.4750 |   1187.3530 |   1187.6300 |   1187.3330 |   1187.5320 |   1187.3250 |   1187.3220 |   1187.3520 |   1187.7320 |   1187.4510 |   1187.3270 |   1187.6810 |   1187.3110 |   1187.3180 |   1187.7100 |   1187.4690 |   1187.6270 |   1187.4250 |   1187.3940 |   1187.3500 |   1187.3200 |   1187.5380 |   1187.3270 |   1187.4920 |   1187.3670 |   1187.3320 |   1187.3020 |   1187.3130 |   1187.4350 |   1187.4220 |   1187.3260 |   1187.3140 |
|        Runtime unhalted [s]       |   1181.8766 | 1182.3364 | 1182.3179 | 1182.1209 | 1181.4738 | 1182.0856 | 1182.1533 | 1182.1201 | 1182.4671 | 1182.2129 |   1182.4061 |   1182.2473 |   1182.3370 |   1182.1404 |   1182.3392 |   1182.2974 |   1182.3430 |   1182.2669 |   1182.1866 |   1181.5487 |   1181.7487 |   1181.8668 |   1181.7339 |   1181.7275 |   1181.6680 |   1181.8182 |   1181.9080 |   1181.8923 |   1181.9233 |   1181.8086 |   1181.4892 |   1182.0837 |   1181.7233 |   1182.0477 |   1181.9888 |   1181.9731 |   1182.8670 |   1182.9384 |   1183.0339 |   1182.9911 |   1182.9650 |   1183.0810 |
|            Clock [MHz]            |   2393.9496 | 2394.3198 | 2394.3149 | 2394.3140 | 2394.3025 | 2394.3160 | 2394.2981 | 2394.3197 | 2394.1936 | 2394.3195 |   2394.0933 |   2394.3169 |   2393.9927 |   2394.3144 |   2394.3177 |   2394.3143 |   2394.3112 |   2394.3180 |   2393.9665 |   2394.3176 |   2394.3114 |   2394.3161 |   2394.3115 |   2394.3159 |   2394.3159 |   2394.3147 |   2394.3166 |   2394.1587 |   2394.3152 |   2394.3126 |   2394.3163 |   2393.9035 |   2394.3078 |   2394.0173 |   2394.3114 |   2394.3117 |   2394.3140 |   2394.3196 |   2394.1153 |   2394.1747 |   2394.3134 |   2394.3102 |
|                CPI                |      0.4887 |    0.4865 |    0.4816 |    0.4859 |    0.4972 |    0.4869 |    0.4792 |    0.4833 |    0.4888 |    0.4791 |      0.4825 |      0.4783 |      0.4765 |      0.4794 |      0.4784 |      0.4792 |      0.4858 |      0.4845 |      0.6959 |      0.8554 |      0.8323 |      0.7527 |      0.8601 |      0.8260 |      0.8577 |      0.8531 |      0.8583 |      0.8400 |      0.7085 |      0.7890 |      0.8484 |      0.8608 |      0.8612 |      0.8551 |      0.8630 |      0.7303 |      0.4091 |      0.4089 |      0.4085 |      0.4090 |      0.4080 |      0.4089 |
|             Energy [J]            | 275975.6271 |         0 |         0 |         0 |         0 |         0 |         0 |         0 |         0 |         0 |           0 |           0 |           0 |           0 |           0 |           0 |           0 |           0 |           0 |           0 |           0 |           0 |           0 |           0 |           0 |           0 |           0 |           0 |           0 |           0 |           0 |           0 |           0 |           0 |           0 |           0 | 143246.7341 |           0 |           0 |           0 |           0 |           0 |
|             Power [W]             |    232.4044 |         0 |         0 |         0 |         0 |         0 |         0 |         0 |         0 |         0 |           0 |           0 |           0 |           0 |           0 |           0 |           0 |           0 |           0 |           0 |           0 |           0 |           0 |           0 |           0 |           0 |           0 |           0 |           0 |           0 |           0 |           0 |           0 |           0 |           0 |           0 |    120.6489 |           0 |           0 |           0 |           0 |           0 |
|          Energy DRAM [J]          |  25551.4588 |         0 |         0 |         0 |         0 |         0 |         0 |         0 |         0 |         0 |           0 |           0 |           0 |           0 |           0 |           0 |           0 |           0 |           0 |           0 |           0 |           0 |           0 |           0 |           0 |           0 |           0 |           0 |           0 |           0 |           0 |           0 |           0 |           0 |           0 |           0 |  11692.7939 |           0 |           0 |           0 |           0 |           0 |
|           Power DRAM [W]          |     21.5174 |         0 |         0 |         0 |         0 |         0 |         0 |         0 |         0 |         0 |           0 |           0 |           0 |           0 |           0 |           0 |           0 |           0 |           0 |           0 |           0 |           0 |           0 |           0 |           0 |           0 |           0 |           0 |           0 |           0 |           0 |           0 |           0 |           0 |           0 |           0 |      9.8482 |           0 |           0 |           0 |           0 |           0 |
|            DP [MFLOP/s]           |   1584.9306 | 1616.8946 | 1584.6649 | 1616.8728 | 1584.2674 | 1616.8850 | 1584.2327 | 1584.7744 | 1616.2275 | 1584.7704 |   1616.6876 |   1584.7944 |   1616.4766 |   1584.8211 |   1584.5555 |   1616.8918 |   1584.8357 |   1616.8550 |   1584.2887 |   1616.7202 |   1584.8290 |   1584.3567 |   1616.9108 |   1584.8411 |   1616.3676 |   1584.6395 |   1616.4806 |   1584.6982 |   1584.7396 |   1616.8576 |   1584.8384 |   1616.6017 |   1584.8290 |   1616.6643 |   1584.7756 |   1584.8223 |   1616.9230 |   1584.8476 |   1616.7419 |   1584.7022 |   1616.8903 |   1584.8463 |
|          AVX DP [MFLOP/s]         |    288.7961 |  302.4585 |  288.4982 |  302.4544 |  288.4258 |  302.4567 |  288.4195 |  288.5181 |  302.3338 |  288.5174 |    302.4198 |    288.5218 |    302.3803 |    288.5266 |    288.4783 |    302.4580 |    288.5293 |    302.4511 |    288.4297 |    302.4259 |    288.5281 |    288.4421 |    302.4616 |    288.5303 |    302.3600 |    288.4936 |    302.3811 |    288.5043 |    288.5118 |    302.4516 |    288.5298 |    302.4038 |    288.5281 |    302.4155 |    288.5184 |    288.5269 |    302.4639 |    288.5315 |    302.4300 |    288.5050 |    302.4578 |    288.5312 |
|          Packed [MUOPS/s]         |     36.0995 |   37.8073 |   36.0623 |   37.8068 |   36.0532 |   37.8071 |   36.0524 |   36.0648 |   37.7917 |   36.0647 |     37.8025 |     36.0652 |     37.7975 |     36.0658 |     36.0598 |     37.8073 |     36.0662 |     37.8064 |     36.0537 |     37.8032 |     36.0660 |     36.0553 |     37.8077 |     36.0663 |     37.7950 |     36.0617 |     37.7976 |     36.0630 |     36.0640 |     37.8065 |     36.0662 |     37.8005 |     36.0660 |     37.8019 |     36.0648 |     36.0659 |     37.8080 |     36.0664 |     37.8037 |     36.0631 |     37.8072 |     36.0664 |
|          Scalar [MUOPS/s]         |   1296.1345 | 1314.4360 | 1296.1667 | 1314.4183 | 1295.8416 | 1314.4282 | 1295.8132 | 1296.2563 | 1313.8937 | 1296.2530 |   1314.2677 |   1296.2726 |   1314.0962 |   1296.2944 |   1296.0772 |   1314.4338 |   1296.3064 |   1314.4038 |   1295.8590 |   1314.2943 |   1296.3009 |   1295.9146 |   1314.4493 |   1296.3108 |   1314.0076 |   1296.1459 |   1314.0995 |   1296.1939 |   1296.2278 |   1314.4060 |   1296.3086 |   1314.1979 |   1296.3010 |   1314.2488 |   1296.2572 |   1296.2954 |   1314.4591 |   1296.3162 |   1314.3119 |   1296.1972 |   1314.4325 |   1296.3151 |
|  Memory read bandwidth [MBytes/s] |  72108.5776 |         0 |         0 |         0 |         0 |         0 |         0 |         0 |         0 |         0 |           0 |           0 |           0 |           0 |           0 |           0 |           0 |           0 |           0 |           0 |           0 |           0 |           0 |           0 |           0 |           0 |           0 |           0 |           0 |           0 |           0 |           0 |           0 |           0 |           0 |           0 |   8631.7982 |           0 |           0 |           0 |           0 |           0 |
|  Memory read data volume [GBytes] |  85627.4937 |         0 |         0 |         0 |         0 |         0 |         0 |         0 |         0 |         0 |           0 |           0 |           0 |           0 |           0 |           0 |           0 |           0 |           0 |           0 |           0 |           0 |           0 |           0 |           0 |           0 |           0 |           0 |           0 |           0 |           0 |           0 |           0 |           0 |           0 |           0 |  10248.5512 |           0 |           0 |           0 |           0 |           0 |
| Memory write bandwidth [MBytes/s] |  36972.7709 |         0 |         0 |         0 |         0 |         0 |         0 |         0 |         0 |         0 |           0 |           0 |           0 |           0 |           0 |           0 |           0 |           0 |           0 |           0 |           0 |           0 |           0 |           0 |           0 |           0 |           0 |           0 |           0 |           0 |           0 |           0 |           0 |           0 |           0 |           0 |   5159.4199 |           0 |           0 |           0 |           0 |           0 |
| Memory write data volume [GBytes] |  43904.4260 |         0 |         0 |         0 |         0 |         0 |         0 |         0 |         0 |         0 |           0 |           0 |           0 |           0 |           0 |           0 |           0 |           0 |           0 |           0 |           0 |           0 |           0 |           0 |           0 |           0 |           0 |           0 |           0 |           0 |           0 |           0 |           0 |           0 |           0 |           0 |   6125.7896 |           0 |           0 |           0 |           0 |           0 |
|    Memory bandwidth [MBytes/s]    | 109081.3485 |         0 |         0 |         0 |         0 |         0 |         0 |         0 |         0 |         0 |           0 |           0 |           0 |           0 |           0 |           0 |           0 |           0 |           0 |           0 |           0 |           0 |           0 |           0 |           0 |           0 |           0 |           0 |           0 |           0 |           0 |           0 |           0 |           0 |           0 |           0 |  13791.2181 |           0 |           0 |           0 |           0 |           0 |
|    Memory data volume [GBytes]    | 129531.9197 |         0 |         0 |         0 |         0 |         0 |         0 |         0 |         0 |         0 |           0 |           0 |           0 |           0 |           0 |           0 |           0 |           0 |           0 |           0 |           0 |           0 |           0 |           0 |           0 |           0 |           0 |           0 |           0 |           0 |           0 |           0 |           0 |           0 |           0 |           0 |  16374.3408 |           0 |           0 |           0 |           0 |           0 |
|       Operational intensity       |      0.0145 |         0 |         0 |         0 |         0 |         0 |         0 |         0 |         0 |         0 |           0 |           0 |           0 |           0 |           0 |           0 |           0 |           0 |           0 |           0 |           0 |           0 |           0 |           0 |           0 |           0 |           0 |           0 |           0 |           0 |           0 |           0 |           0 |           0 |           0 |           0 |      0.1172 |           0 |           0 |           0 |           0 |           0 |
+-----------------------------------+-------------+-----------+-----------+-----------+-----------+-----------+-----------+-----------+-----------+-----------+-------------+-------------+-------------+-------------+-------------+-------------+-------------+-------------+-------------+-------------+-------------+-------------+-------------+-------------+-------------+-------------+-------------+-------------+-------------+-------------+-------------+-------------+-------------+-------------+-------------+-------------+-------------+-------------+-------------+-------------+-------------+-------------+

+----------------------------------------+-------------+-----------+-------------+-----------+-----------+-----------+-----------+
|                 Metric                 |     Sum     |    Min    |     Max     |    Avg    |  %ile 25  |  %ile 50  |  %ile 75  |
+----------------------------------------+-------------+-----------+-------------+-----------+-----------+-----------+-----------+
|        Runtime (RDTSC) [s] STAT        |  49872.6010 | 1187.3020 |   1187.8130 | 1187.4429 | 1187.3270 | 1187.3680 | 1187.4920 |
|        Runtime unhalted [s] STAT       |  49650.5547 | 1181.4738 |   1183.0810 | 1182.1561 | 1181.8668 | 1182.1201 | 1182.3370 |
|            Clock [MHz] STAT            | 100558.6141 | 2393.9035 |   2394.3198 | 2394.2527 | 2394.2981 | 2394.3134 | 2394.3161 |
|                CPI STAT                |     25.9020 |    0.4080 |      0.8630 |    0.6167 |    0.4792 |    0.4869 |    0.8400 |
|             Energy [J] STAT            | 419222.3612 |         0 | 275975.6271 | 9981.4848 |         0 |         0 |         0 |
|             Power [W] STAT             |    353.0533 |         0 |    232.4044 |    8.4060 |         0 |         0 |         0 |
|          Energy DRAM [J] STAT          |  37244.2527 |         0 |  25551.4588 |  886.7679 |         0 |         0 |         0 |
|           Power DRAM [W] STAT          |     31.3656 |         0 |     21.5174 |    0.7468 |         0 |         0 |         0 |
|            DP [MFLOP/s] STAT           |  67133.6502 | 1584.2327 |   1616.9230 | 1598.4202 | 1584.7704 | 1584.8411 | 1616.7202 |
|          AVX DP [MFLOP/s] STAT         |  12368.0057 |  288.4195 |    302.4639 |  294.4763 |  288.5174 |  288.5303 |  302.4259 |
|          Packed [MUOPS/s] STAT         |   1546.0006 |   36.0524 |     37.8080 |   36.8095 |   36.0647 |   36.0663 |   37.8032 |
|          Scalar [MUOPS/s] STAT         |  54765.6441 | 1295.8132 |   1314.4591 | 1303.9439 | 1296.2278 | 1296.3086 | 1314.2943 |
|  Memory read bandwidth [MBytes/s] STAT |  80740.3758 |         0 |  72108.5776 | 1922.3899 |         0 |         0 |         0 |
|  Memory read data volume [GBytes] STAT |  95876.0449 |         0 |  85627.4937 | 2282.7630 |         0 |         0 |         0 |
| Memory write bandwidth [MBytes/s] STAT |  42132.1908 |         0 |  36972.7709 | 1003.1474 |         0 |         0 |         0 |
| Memory write data volume [GBytes] STAT |  50030.2156 |         0 |  43904.4260 | 1191.1956 |         0 |         0 |         0 |
|    Memory bandwidth [MBytes/s] STAT    | 122872.5666 |         0 | 109081.3485 | 2925.5373 |         0 |         0 |         0 |
|    Memory data volume [GBytes] STAT    | 145906.2605 |         0 | 129531.9197 | 3473.9586 |         0 |         0 |         0 |
|       Operational intensity STAT       |      0.1317 |         0 |      0.1172 |    0.0031 |         0 |         0 |         0 |
+----------------------------------------+-------------+-----------+-------------+-----------+-----------+-----------+-----------+

