WARN: Cannot extract OpenMP vendor from executable or commandline, assuming no OpenMP
 nx_glob, nz_glob:                  3000                  1250
 dx,dz:    8.00000000000000        8.00000000000000     
 dt:   2.666666666666666E-002
Group: 1
+------------------------------------------+---------+----------------+----------------+----------------+----------------+----------------+----------------+----------------+----------------+----------------+----------------+----------------+----------------+----------------+----------------+----------------+----------------+----------------+----------------+----------------+----------------+----------------+----------------+----------------+----------------+----------------+----------------+----------------+----------------+----------------+----------------+----------------+----------------+----------------+
|                   Event                  | Counter |    f0608:0:0   |    f0608:1:1   |    f0608:2:2   |    f0608:3:3   |    f0608:4:4   |    f0608:5:5   |    f0608:6:6   |    f0608:7:7   |    f0608:8:8   |    f0608:9:9   |   f0608:10:10  |   f0608:11:11  |   f0608:12:12  |   f0608:13:13  |   f0608:14:14  |   f0608:15:15  |   f0608:16:16  |   f0608:17:17  |   f0608:18:18  |   f0608:19:19  |   f0608:20:20  |   f0608:21:21  |   f0608:22:22  |   f0608:23:23  |   f0608:24:24  |   f0608:25:25  |   f0608:26:26  |   f0608:27:27  |   f0608:28:28  |   f0608:29:29  |   f0608:30:30  |   f0608:31:31  |   f0608:32:32  |
+------------------------------------------+---------+----------------+----------------+----------------+----------------+----------------+----------------+----------------+----------------+----------------+----------------+----------------+----------------+----------------+----------------+----------------+----------------+----------------+----------------+----------------+----------------+----------------+----------------+----------------+----------------+----------------+----------------+----------------+----------------+----------------+----------------+----------------+----------------+----------------+
|             INSTR_RETIRED_ANY            |  FIXC0  |  4277597753927 |  4148409480738 |  4152342822549 |  4140007855583 |  4116515821945 |  4814644429756 |  4101041137452 |  4331378558921 |  4247738334797 |  4130818949207 |  4279304992500 |  4138338721487 |  4118411381685 |  4253774192337 |  4290832467712 |  4951918908121 |  5715589308500 |  4281459124077 |  7449751974670 |  7443680605675 |  7578894099554 |  7412429139402 |  7401119291550 |  7463883667066 |  7497328340851 |  7600015056785 |  7573625794819 |  7601841961170 |  7224405642965 |  7425048377553 |  7551175915048 |  7405379126403 |  7443856140170 |
|           CPU_CLK_UNHALTED_CORE          |  FIXC1  |  3557484632826 |  3558583663599 |  3558735366602 |  3558420077949 |  3558226460013 |  3558326884416 |  3558653359843 |  3558936262828 |  3558817868984 |  3558147726621 |  3559562247001 |  3559149172085 |  3558792553122 |  3556646793179 |  3558798492297 |  3558433356470 |  3559611832898 |  3558947980983 |  3561400717802 |  3560140113495 |  3560558876644 |  3560740563740 |  3560371901961 |  3560912002680 |  3559655713574 |  3560729972357 |  3560542028866 |  3560666364178 |  3560939599736 |  3560596331250 |  3560570445084 |  3560718050063 |  3560683339175 |
|           CPU_CLK_UNHALTED_REF           |  FIXC2  |  3557484547488 |  3558582802080 |  3558734959872 |  3558420683424 |  3558227357088 |  3558328575456 |  3558654140640 |  3558936606048 |  3558816279840 |  3558147271776 |  3559562649792 |  3559149690144 |  3558792591840 |  3556646479488 |  3558797622912 |  3558433839168 |  3559612622784 |  3558949818240 |  3561399204960 |  3560138266464 |  3560558678688 |  3560737631712 |  3560370961344 |  3560910482976 |  3559652396928 |  3560726987904 |  3560541056928 |  3560662945728 |  3560939796288 |  3560595222720 |  3560568475968 |  3560714763648 |  3560683985856 |
|               TOPDOWN_SLOTS              |  FIXC3  | 17787423164130 | 17792918317995 | 17793676833010 | 17792100389745 | 17791132300065 | 17791634422080 | 17793266799215 | 17794681314140 | 17794089344920 | 17790738633105 | 17797811235005 | 17795745860425 | 17793962765610 | 17783233965895 | 17793992461485 | 17792166782350 | 17798059164490 | 17794739904915 | 17807003589010 | 17800700567475 | 17802794383220 | 17803702818700 | 17801859509805 | 17804560013400 | 17798278567870 | 17803649861785 | 17802710144330 | 17803331820890 | 17804697998680 | 17802981656250 | 17802852225420 | 17803590250315 | 17803416695875 |
|              PWR_PKG_ENERGY              |   PWR0  |    330978.8837 |              0 |              0 |              0 |              0 |              0 |              0 |              0 |              0 |              0 |              0 |              0 |              0 |              0 |              0 |              0 |              0 |              0 |              0 |              0 |              0 |              0 |              0 |              0 |              0 |              0 |              0 |              0 |              0 |              0 |              0 |              0 |              0 |
|              PWR_DRAM_ENERGY             |   PWR3  |     30928.5324 |              0 |              0 |              0 |              0 |              0 |              0 |              0 |              0 |              0 |              0 |              0 |              0 |              0 |              0 |              0 |              0 |              0 |              0 |              0 |              0 |              0 |              0 |              0 |              0 |              0 |              0 |              0 |              0 |              0 |              0 |              0 |              0 |
| FP_ARITH_INST_RETIRED_128B_PACKED_DOUBLE |   PMC0  |              0 |              0 |              0 |              0 |              0 |              0 |              0 |              0 |              0 |              0 |              0 |              0 |              0 |              0 |              0 |              0 |              0 |              0 |              0 |              0 |              0 |              0 |              0 |              0 |              0 |              0 |              0 |              0 |              0 |              0 |              0 |              0 |              0 |
|    FP_ARITH_INST_RETIRED_SCALAR_DOUBLE   |   PMC1  |  1969671427683 |  1969670849121 |  1969670829209 |  1969670842723 |  1969670821559 |  1948143934094 |  1969670813887 |  1969670832803 |  1969670828729 |  1969670839510 |  1969670805219 |  1969670826348 |  1969670808293 |  1969670839537 |  1969670839021 |  1969670842937 |  1948143947081 |  1969670813256 |  1969670826077 |  1969670839385 |  1969670815029 |  1969670836447 |  1969670838489 |  1969670838851 |  1969670843033 |  1969670800043 |  1969670819583 |  1948143938445 |  1969670828805 |  1969670822195 |  1969670839633 |  1969670811959 |  1969670834873 |
| FP_ARITH_INST_RETIRED_256B_PACKED_DOUBLE |   PMC2  |              0 |              0 |              0 |              0 |              0 |              0 |              0 |              0 |              0 |              0 |              0 |              0 |              0 |              0 |              0 |              0 |              0 |              0 |              0 |              0 |              0 |              0 |              0 |              0 |              0 |              0 |              0 |              0 |              0 |              0 |              0 |              0 |              0 |
| FP_ARITH_INST_RETIRED_512B_PACKED_DOUBLE |   PMC3  |    50714666385 |    50669371872 |    50669371872 |    50669371872 |    50669371872 |    49277190000 |    50669371872 |    50669371872 |    50669371872 |    50669371872 |    50669371872 |    50669371872 |    50669371872 |    50669371872 |    50669371872 |    50669371872 |    49277190000 |    50669371872 |    50669371872 |    50669371872 |    50669371872 |    50669371872 |    50669371872 |    50669371872 |    50669371872 |    50669371872 |    50669371872 |    49277190000 |    50669371872 |    50669371872 |    50669371872 |    50669371872 |    50669371872 |
|               CAS_COUNT_RD               | MBOX0C0 |   212892094594 |              0 |              0 |              0 |              0 |              0 |              0 |              0 |              0 |              0 |              0 |              0 |              0 |              0 |              0 |              0 |              0 |              0 |              0 |              0 |              0 |              0 |              0 |              0 |              0 |              0 |              0 |              0 |              0 |              0 |              0 |              0 |              0 |
|               CAS_COUNT_WR               | MBOX0C1 |   108234746422 |              0 |              0 |              0 |              0 |              0 |              0 |              0 |              0 |              0 |              0 |              0 |              0 |              0 |              0 |              0 |              0 |              0 |              0 |              0 |              0 |              0 |              0 |              0 |              0 |              0 |              0 |              0 |              0 |              0 |              0 |              0 |              0 |
|               CAS_COUNT_RD               | MBOX1C0 |   212819330661 |              0 |              0 |              0 |              0 |              0 |              0 |              0 |              0 |              0 |              0 |              0 |              0 |              0 |              0 |              0 |              0 |              0 |              0 |              0 |              0 |              0 |              0 |              0 |              0 |              0 |              0 |              0 |              0 |              0 |              0 |              0 |              0 |
|               CAS_COUNT_WR               | MBOX1C1 |   108224186862 |              0 |              0 |              0 |              0 |              0 |              0 |              0 |              0 |              0 |              0 |              0 |              0 |              0 |              0 |              0 |              0 |              0 |              0 |              0 |              0 |              0 |              0 |              0 |              0 |              0 |              0 |              0 |              0 |              0 |              0 |              0 |              0 |
|               CAS_COUNT_RD               | MBOX2C0 |   212873050689 |              0 |              0 |              0 |              0 |              0 |              0 |              0 |              0 |              0 |              0 |              0 |              0 |              0 |              0 |              0 |              0 |              0 |              0 |              0 |              0 |              0 |              0 |              0 |              0 |              0 |              0 |              0 |              0 |              0 |              0 |              0 |              0 |
|               CAS_COUNT_WR               | MBOX2C1 |   108234997221 |              0 |              0 |              0 |              0 |              0 |              0 |              0 |              0 |              0 |              0 |              0 |              0 |              0 |              0 |              0 |              0 |              0 |              0 |              0 |              0 |              0 |              0 |              0 |              0 |              0 |              0 |              0 |              0 |              0 |              0 |              0 |              0 |
|               CAS_COUNT_RD               | MBOX3C0 |   212874232615 |              0 |              0 |              0 |              0 |              0 |              0 |              0 |              0 |              0 |              0 |              0 |              0 |              0 |              0 |              0 |              0 |              0 |              0 |              0 |              0 |              0 |              0 |              0 |              0 |              0 |              0 |              0 |              0 |              0 |              0 |              0 |              0 |
|               CAS_COUNT_WR               | MBOX3C1 |   108228369047 |              0 |              0 |              0 |              0 |              0 |              0 |              0 |              0 |              0 |              0 |              0 |              0 |              0 |              0 |              0 |              0 |              0 |              0 |              0 |              0 |              0 |              0 |              0 |              0 |              0 |              0 |              0 |              0 |              0 |              0 |              0 |              0 |
|               CAS_COUNT_RD               | MBOX4C0 |   178836122079 |              0 |              0 |              0 |              0 |              0 |              0 |              0 |              0 |              0 |              0 |              0 |              0 |              0 |              0 |              0 |              0 |              0 |              0 |              0 |              0 |              0 |              0 |              0 |              0 |              0 |              0 |              0 |              0 |              0 |              0 |              0 |              0 |
|               CAS_COUNT_WR               | MBOX4C1 |    89909527983 |              0 |              0 |              0 |              0 |              0 |              0 |              0 |              0 |              0 |              0 |              0 |              0 |              0 |              0 |              0 |              0 |              0 |              0 |              0 |              0 |              0 |              0 |              0 |              0 |              0 |              0 |              0 |              0 |              0 |              0 |              0 |              0 |
|               CAS_COUNT_RD               | MBOX5C0 |   178861890733 |              0 |              0 |              0 |              0 |              0 |              0 |              0 |              0 |              0 |              0 |              0 |              0 |              0 |              0 |              0 |              0 |              0 |              0 |              0 |              0 |              0 |              0 |              0 |              0 |              0 |              0 |              0 |              0 |              0 |              0 |              0 |              0 |
|               CAS_COUNT_WR               | MBOX5C1 |    89909730974 |              0 |              0 |              0 |              0 |              0 |              0 |              0 |              0 |              0 |              0 |              0 |              0 |              0 |              0 |              0 |              0 |              0 |              0 |              0 |              0 |              0 |              0 |              0 |              0 |              0 |              0 |              0 |              0 |              0 |              0 |              0 |              0 |
|               CAS_COUNT_RD               | MBOX6C0 |   178880299300 |              0 |              0 |              0 |              0 |              0 |              0 |              0 |              0 |              0 |              0 |              0 |              0 |              0 |              0 |              0 |              0 |              0 |              0 |              0 |              0 |              0 |              0 |              0 |              0 |              0 |              0 |              0 |              0 |              0 |              0 |              0 |              0 |
|               CAS_COUNT_WR               | MBOX6C1 |    89908719300 |              0 |              0 |              0 |              0 |              0 |              0 |              0 |              0 |              0 |              0 |              0 |              0 |              0 |              0 |              0 |              0 |              0 |              0 |              0 |              0 |              0 |              0 |              0 |              0 |              0 |              0 |              0 |              0 |              0 |              0 |              0 |              0 |
|               CAS_COUNT_RD               | MBOX7C0 |   178863168363 |              0 |              0 |              0 |              0 |              0 |              0 |              0 |              0 |              0 |              0 |              0 |              0 |              0 |              0 |              0 |              0 |              0 |              0 |              0 |              0 |              0 |              0 |              0 |              0 |              0 |              0 |              0 |              0 |              0 |              0 |              0 |              0 |
|               CAS_COUNT_WR               | MBOX7C1 |    89906700693 |              0 |              0 |              0 |              0 |              0 |              0 |              0 |              0 |              0 |              0 |              0 |              0 |              0 |              0 |              0 |              0 |              0 |              0 |              0 |              0 |              0 |              0 |              0 |              0 |              0 |              0 |              0 |              0 |              0 |              0 |              0 |              0 |
+------------------------------------------+---------+----------------+----------------+----------------+----------------+----------------+----------------+----------------+----------------+----------------+----------------+----------------+----------------+----------------+----------------+----------------+----------------+----------------+----------------+----------------+----------------+----------------+----------------+----------------+----------------+----------------+----------------+----------------+----------------+----------------+----------------+----------------+----------------+----------------+

+-----------------------------------------------+---------+-----------------+----------------+----------------+--------------+
|                     Event                     | Counter |       Sum       |       Min      |       Max      |      Avg     |
+-----------------------------------------------+---------+-----------------+----------------+----------------+--------------+
|             INSTR_RETIRED_ANY STAT            |  FIXC0  | 190562559374975 |  4101041137452 |  7601841961170 | 5.774623e+12 |
|           CPU_CLK_UNHALTED_CORE STAT          |  FIXC1  | 117463500752321 |  3556646793179 |  3561400717802 | 3.559500e+12 |
|           CPU_CLK_UNHALTED_REF STAT           |  FIXC2  | 117463479396192 |  3556646479488 |  3561399204960 | 3.559499e+12 |
|               TOPDOWN_SLOTS STAT              |  FIXC3  | 587317503761605 | 17783233965895 | 17807003589010 |      nil     |
|              PWR_PKG_ENERGY STAT              |   PWR0  |     330978.8837 |              0 |    330978.8837 |   10029.6631 |
|              PWR_DRAM_ENERGY STAT             |   PWR3  |      30928.5324 |              0 |     30928.5324 |     937.2283 |
| FP_ARITH_INST_RETIRED_128B_PACKED_DOUBLE STAT |   PMC0  |               0 |              0 |              0 |            0 |
|    FP_ARITH_INST_RETIRED_SCALAR_DOUBLE STAT   |   PMC1  |  64934557273857 |  1948143934094 |  1969671427683 | 1.967714e+12 |
| FP_ARITH_INST_RETIRED_256B_PACKED_DOUBLE STAT |   PMC2  |               0 |              0 |              0 |            0 |
| FP_ARITH_INST_RETIRED_512B_PACKED_DOUBLE STAT |   PMC3  |   1667958020673 |    49277190000 |    50714666385 | 5.054418e+10 |
|               CAS_COUNT_RD STAT               | MBOX0C0 |    212892094594 |              0 |   212892094594 | 6.451276e+09 |
|               CAS_COUNT_WR STAT               | MBOX0C1 |    108234746422 |              0 |   108234746422 | 3.279841e+09 |
|               CAS_COUNT_RD STAT               | MBOX1C0 |    212819330661 |              0 |   212819330661 | 6.449071e+09 |
|               CAS_COUNT_WR STAT               | MBOX1C1 |    108224186862 |              0 |   108224186862 |   3279520814 |
|               CAS_COUNT_RD STAT               | MBOX2C0 |    212873050689 |              0 |   212873050689 | 6.450699e+09 |
|               CAS_COUNT_WR STAT               | MBOX2C1 |    108234997221 |              0 |   108234997221 | 3.279848e+09 |
|               CAS_COUNT_RD STAT               | MBOX3C0 |    212874232615 |              0 |   212874232615 | 6.450734e+09 |
|               CAS_COUNT_WR STAT               | MBOX3C1 |    108228369047 |              0 |   108228369047 | 3.279648e+09 |
|               CAS_COUNT_RD STAT               | MBOX4C0 |    178836122079 |              0 |   178836122079 | 5.419276e+09 |
|               CAS_COUNT_WR STAT               | MBOX4C1 |     89909527983 |              0 |    89909527983 |   2724531151 |
|               CAS_COUNT_RD STAT               | MBOX5C0 |    178861890733 |              0 |   178861890733 | 5.420057e+09 |
|               CAS_COUNT_WR STAT               | MBOX5C1 |     89909730974 |              0 |    89909730974 | 2.724537e+09 |
|               CAS_COUNT_RD STAT               | MBOX6C0 |    178880299300 |              0 |   178880299300 | 5.420615e+09 |
|               CAS_COUNT_WR STAT               | MBOX6C1 |     89908719300 |              0 |    89908719300 | 2.724507e+09 |
|               CAS_COUNT_RD STAT               | MBOX7C0 |    178863168363 |              0 |   178863168363 |   5420096011 |
|               CAS_COUNT_WR STAT               | MBOX7C1 |     89906700693 |              0 |    89906700693 | 2.724445e+09 |
+-----------------------------------------------+---------+-----------------+----------------+----------------+--------------+

+-----------------------------------+-------------+-----------+-----------+-----------+-----------+-----------+-----------+-----------+-----------+-----------+-------------+-------------+-------------+-------------+-------------+-------------+-------------+-------------+-------------+-------------+-------------+-------------+-------------+-------------+-------------+-------------+-------------+-------------+-------------+-------------+-------------+-------------+-------------+
|               Metric              |  f0608:0:0  | f0608:1:1 | f0608:2:2 | f0608:3:3 | f0608:4:4 | f0608:5:5 | f0608:6:6 | f0608:7:7 | f0608:8:8 | f0608:9:9 | f0608:10:10 | f0608:11:11 | f0608:12:12 | f0608:13:13 | f0608:14:14 | f0608:15:15 | f0608:16:16 | f0608:17:17 | f0608:18:18 | f0608:19:19 | f0608:20:20 | f0608:21:21 | f0608:22:22 | f0608:23:23 | f0608:24:24 | f0608:25:25 | f0608:26:26 | f0608:27:27 | f0608:28:28 | f0608:29:29 | f0608:30:30 | f0608:31:31 | f0608:32:32 |
+-----------------------------------+-------------+-----------+-----------+-----------+-----------+-----------+-----------+-----------+-----------+-----------+-------------+-------------+-------------+-------------+-------------+-------------+-------------+-------------+-------------+-------------+-------------+-------------+-------------+-------------+-------------+-------------+-------------+-------------+-------------+-------------+-------------+-------------+-------------+
|        Runtime (RDTSC) [s]        |   1492.4610 | 1492.2340 | 1492.3130 | 1492.1950 | 1492.3050 | 1492.4070 | 1492.4660 | 1492.3650 | 1492.2230 | 1492.2350 |   1492.3910 |   1492.2190 |   1492.3500 |   1492.3660 |   1492.6300 |   1492.1910 |   1492.1910 |   1492.2420 |   1492.1870 |   1492.1830 |   1492.5020 |   1492.3800 |   1492.3160 |   1492.1850 |   1492.1860 |   1492.1820 |   1492.2160 |   1492.2840 |   1492.2530 |   1492.1800 |   1492.1820 |   1492.3180 |   1492.2160 |
|        Runtime unhalted [s]       |   1485.8907 | 1486.2620 | 1486.3241 | 1486.2035 | 1486.1167 | 1486.3208 | 1486.3866 | 1486.4127 | 1486.3609 | 1486.0823 |   1486.6765 |   1486.4994 |   1486.4926 |   1485.4553 |   1486.7907 |   1486.1999 |   1486.6933 |   1486.4348 |   1487.4425 |   1486.9145 |   1487.4102 |   1487.1661 |   1487.0091 |   1487.2378 |   1486.7118 |   1487.1608 |   1487.0829 |   1487.2331 |   1487.2860 |   1487.1050 |   1487.0936 |   1487.1735 |   1487.1412 |
|            Clock [MHz]            |   2394.1765 | 2394.3185 | 2394.3201 | 2394.3017 | 2394.3111 | 2394.0492 | 2394.1635 | 2394.3122 | 2394.3172 | 2394.3144 |   2394.3083 |   2394.3156 |   2394.0870 |   2394.3144 |   2393.6116 |   2394.3164 |   2394.3142 |   2394.2834 |   2394.3126 |   2394.3152 |   2393.7976 |   2394.3146 |   2394.3182 |   2394.3135 |   2394.3167 |   2394.3160 |   2394.3138 |   2394.1572 |   2394.2533 |   2394.3148 |   2394.3163 |   2394.2877 |   2394.3138 |
|                CPI                |      0.8317 |    0.8578 |    0.8570 |    0.8595 |    0.8644 |    0.7391 |    0.8677 |    0.8217 |    0.8378 |    0.8614 |      0.8318 |      0.8600 |      0.8641 |      0.8361 |      0.8294 |      0.7186 |      0.6228 |      0.8312 |      0.4781 |      0.4783 |      0.4698 |      0.4804 |      0.4811 |      0.4771 |      0.4748 |      0.4685 |      0.4701 |      0.4684 |      0.4929 |      0.4795 |      0.4715 |      0.4808 |      0.4783 |
|             Energy [J]            | 330978.8837 |         0 |         0 |         0 |         0 |         0 |         0 |         0 |         0 |         0 |           0 |           0 |           0 |           0 |           0 |           0 |           0 |           0 |           0 |           0 |           0 |           0 |           0 |           0 |           0 |           0 |           0 |           0 |           0 |           0 |           0 |           0 |           0 |
|             Power [W]             |    221.7672 |         0 |         0 |         0 |         0 |         0 |         0 |         0 |         0 |         0 |           0 |           0 |           0 |           0 |           0 |           0 |           0 |           0 |           0 |           0 |           0 |           0 |           0 |           0 |           0 |           0 |           0 |           0 |           0 |           0 |           0 |           0 |           0 |
|          Energy DRAM [J]          |  30928.5324 |         0 |         0 |         0 |         0 |         0 |         0 |         0 |         0 |         0 |           0 |           0 |           0 |           0 |           0 |           0 |           0 |           0 |           0 |           0 |           0 |           0 |           0 |           0 |           0 |           0 |           0 |           0 |           0 |           0 |           0 |           0 |           0 |
|           Power DRAM [W]          |     20.7232 |         0 |         0 |         0 |         0 |         0 |         0 |         0 |         0 |         0 |           0 |           0 |           0 |           0 |           0 |           0 |           0 |           0 |           0 |           0 |           0 |           0 |           0 |           0 |           0 |           0 |           0 |           0 |           0 |           0 |           0 |           0 |           0 |
|            DP [MFLOP/s]           |   1591.5918 | 1591.5907 | 1591.5065 | 1591.6323 | 1591.5150 | 1569.5192 | 1591.3433 | 1591.4510 | 1591.6025 | 1591.5897 |   1591.4233 |   1591.6067 |   1591.4670 |   1591.4500 |   1591.1685 |   1591.6366 |   1569.7464 |   1591.5822 |   1591.6409 |   1591.6451 |   1591.3049 |   1591.4350 |   1591.5033 |   1591.6430 |   1591.6419 |   1591.6462 |   1591.6099 |   1569.6486 |   1591.5705 |   1591.6483 |   1591.6462 |   1591.5011 |   1591.6099 |
|          AVX DP [MFLOP/s]         |    271.8445 |  271.6430 |  271.6287 |  271.6501 |  271.6301 |  264.1488 |  271.6008 |  271.6192 |  271.6450 |  271.6429 |    271.6145 |    271.6458 |    271.6219 |    271.6190 |    271.5710 |    271.6509 |    264.1870 |    271.6416 |    271.6516 |    271.6523 |    271.5943 |    271.6165 |    271.6281 |    271.6520 |    271.6518 |    271.6525 |    271.6463 |    264.1706 |    271.6396 |    271.6529 |    271.6525 |    271.6277 |    271.6463 |
|          Packed [MUOPS/s]         |     33.9806 |   33.9554 |   33.9536 |   33.9563 |   33.9538 |   33.0186 |   33.9501 |   33.9524 |   33.9556 |   33.9554 |     33.9518 |     33.9557 |     33.9527 |     33.9524 |     33.9464 |     33.9564 |     33.0234 |     33.9552 |     33.9564 |     33.9565 |     33.9493 |     33.9521 |     33.9535 |     33.9565 |     33.9565 |     33.9566 |     33.9558 |     33.0213 |     33.9549 |     33.9566 |     33.9566 |     33.9535 |     33.9558 |
|          Scalar [MUOPS/s]         |   1319.7473 | 1319.9477 | 1319.8778 | 1319.9822 | 1319.8849 | 1305.3704 | 1319.7425 | 1319.8318 | 1319.9574 | 1319.9468 |   1319.8088 |   1319.9610 |   1319.8451 |   1319.8310 |   1319.5975 |   1319.9857 |   1305.5594 |   1319.9406 |   1319.9893 |   1319.9928 |   1319.7107 |   1319.8186 |   1319.8752 |   1319.9910 |   1319.9902 |   1319.9937 |   1319.9636 |   1305.4780 |   1319.9309 |   1319.9955 |   1319.9937 |   1319.8734 |   1319.9636 |
|  Memory read bandwidth [MBytes/s] |  67192.1156 |         0 |         0 |         0 |         0 |         0 |         0 |         0 |         0 |         0 |           0 |           0 |           0 |           0 |           0 |           0 |           0 |           0 |           0 |           0 |           0 |           0 |           0 |           0 |           0 |           0 |           0 |           0 |           0 |           0 |           0 |           0 |           0 |
|  Memory read data volume [GBytes] | 100281.6121 |         0 |         0 |         0 |         0 |         0 |         0 |         0 |         0 |         0 |           0 |           0 |           0 |           0 |           0 |           0 |           0 |           0 |           0 |           0 |           0 |           0 |           0 |           0 |           0 |           0 |           0 |           0 |           0 |           0 |           0 |           0 |           0 |
| Memory write bandwidth [MBytes/s] |  33986.5810 |         0 |         0 |         0 |         0 |         0 |         0 |         0 |         0 |         0 |           0 |           0 |           0 |           0 |           0 |           0 |           0 |           0 |           0 |           0 |           0 |           0 |           0 |           0 |           0 |           0 |           0 |           0 |           0 |           0 |           0 |           0 |           0 |
| Memory write data volume [GBytes] |  50723.6466 |         0 |         0 |         0 |         0 |         0 |         0 |         0 |         0 |         0 |           0 |           0 |           0 |           0 |           0 |           0 |           0 |           0 |           0 |           0 |           0 |           0 |           0 |           0 |           0 |           0 |           0 |           0 |           0 |           0 |           0 |           0 |           0 |
|    Memory bandwidth [MBytes/s]    | 101178.6966 |         0 |         0 |         0 |         0 |         0 |         0 |         0 |         0 |         0 |           0 |           0 |           0 |           0 |           0 |           0 |           0 |           0 |           0 |           0 |           0 |           0 |           0 |           0 |           0 |           0 |           0 |           0 |           0 |           0 |           0 |           0 |           0 |
|    Memory data volume [GBytes]    | 151005.2587 |         0 |         0 |         0 |         0 |         0 |         0 |         0 |         0 |         0 |           0 |           0 |           0 |           0 |           0 |           0 |           0 |           0 |           0 |           0 |           0 |           0 |           0 |           0 |           0 |           0 |           0 |           0 |           0 |           0 |           0 |           0 |           0 |
|       Operational intensity       |      0.0157 |         0 |         0 |         0 |         0 |         0 |         0 |         0 |         0 |         0 |           0 |           0 |           0 |           0 |           0 |           0 |           0 |           0 |           0 |           0 |           0 |           0 |           0 |           0 |           0 |           0 |           0 |           0 |           0 |           0 |           0 |           0 |           0 |
+-----------------------------------+-------------+-----------+-----------+-----------+-----------+-----------+-----------+-----------+-----------+-----------+-------------+-------------+-------------+-------------+-------------+-------------+-------------+-------------+-------------+-------------+-------------+-------------+-------------+-------------+-------------+-------------+-------------+-------------+-------------+-------------+-------------+-------------+-------------+

+----------------------------------------+-------------+-----------+-------------+------------+-----------+-----------+-----------+
|                 Metric                 |     Sum     |    Min    |     Max     |     Avg    |  %ile 25  |  %ile 50  |  %ile 75  |
+----------------------------------------+-------------+-----------+-------------+------------+-----------+-----------+-----------+
|        Runtime (RDTSC) [s] STAT        |  49245.5540 | 1492.1800 |   1492.6300 |  1492.2895 | 1492.1910 | 1492.2420 | 1492.3650 |
|        Runtime unhalted [s] STAT       |  49060.7709 | 1485.4553 |   1487.4425 |  1486.6900 | 1486.3208 | 1486.6933 | 1487.1412 |
|            Clock [MHz] STAT            |  79010.0966 | 2393.6116 |   2394.3201 |  2394.2454 | 2394.2533 | 2394.3138 | 2394.3156 |
|                CPI STAT                |     21.9417 |    0.4684 |      0.8677 |     0.6649 |    0.4781 |    0.7186 |    0.8378 |
|             Energy [J] STAT            | 330978.8837 |         0 | 330978.8837 | 10029.6631 |         0 |         0 |         0 |
|             Power [W] STAT             |    221.7672 |         0 |    221.7672 |     6.7202 |         0 |         0 |         0 |
|          Energy DRAM [J] STAT          |  30928.5324 |         0 |  30928.5324 |   937.2283 |         0 |         0 |         0 |
|           Power DRAM [W] STAT          |     20.7232 |         0 |     20.7232 |     0.6280 |         0 |         0 |         0 |
|            DP [MFLOP/s] STAT           |  52455.1175 | 1569.5192 |   1591.6483 |  1589.5490 | 1591.4350 | 1591.5822 | 1591.6323 |
|          AVX DP [MFLOP/s] STAT         |   8941.7398 |  264.1488 |    271.8445 |   270.9618 |  271.6165 |  271.6416 |  271.6509 |
|          Packed [MUOPS/s] STAT         |   1117.7177 |   33.0186 |     33.9806 |    33.8702 |   33.9521 |   33.9552 |   33.9564 |
|          Scalar [MUOPS/s] STAT         |  43513.3781 | 1305.3704 |   1319.9955 |  1318.5872 | 1319.8088 | 1319.9309 | 1319.9822 |
|  Memory read bandwidth [MBytes/s] STAT |  67192.1156 |         0 |  67192.1156 |  2036.1247 |         0 |         0 |         0 |
|  Memory read data volume [GBytes] STAT | 100281.6121 |         0 | 100281.6121 |  3038.8367 |         0 |         0 |         0 |
| Memory write bandwidth [MBytes/s] STAT |  33986.5810 |         0 |  33986.5810 |  1029.8964 |         0 |         0 |         0 |
| Memory write data volume [GBytes] STAT |  50723.6466 |         0 |  50723.6466 |  1537.0802 |         0 |         0 |         0 |
|    Memory bandwidth [MBytes/s] STAT    | 101178.6966 |         0 | 101178.6966 |  3066.0211 |         0 |         0 |         0 |
|    Memory data volume [GBytes] STAT    | 151005.2587 |         0 | 151005.2587 |  4575.9169 |         0 |         0 |         0 |
|       Operational intensity STAT       |      0.0157 |         0 |      0.0157 |     0.0005 |         0 |         0 |         0 |
+----------------------------------------+-------------+-----------+-------------+------------+-----------+-----------+-----------+

