WARN: Cannot extract OpenMP vendor from executable or commandline, assuming no OpenMP
 nx_glob, nz_glob:                  3000                  1250
 dx,dz:    8.00000000000000        8.00000000000000     
 dt:   2.666666666666666E-002
Group: 1
+------------------------------------------+---------+----------------+----------------+----------------+----------------+----------------+----------------+----------------+----------------+----------------+----------------+----------------+----------------+----------------+----------------+----------------+----------------+----------------+----------------+----------------+----------------+----------------+----------------+----------------+----------------+----------------+----------------+----------------+----------------+----------------+----------------+----------------+----------------+----------------+----------------+----------------+----------------+----------------+----------------+----------------+----------------+
|                   Event                  | Counter |    f0608:0:0   |    f0608:1:1   |    f0608:2:2   |    f0608:3:3   |    f0608:4:4   |    f0608:5:5   |    f0608:6:6   |    f0608:7:7   |    f0608:8:8   |    f0608:9:9   |   f0608:10:10  |   f0608:11:11  |   f0608:12:12  |   f0608:13:13  |   f0608:14:14  |   f0608:15:15  |   f0608:16:16  |   f0608:17:17  |   f0608:18:18  |   f0608:19:19  |   f0608:20:20  |   f0608:21:21  |   f0608:22:22  |   f0608:23:23  |   f0608:24:24  |   f0608:25:25  |   f0608:26:26  |   f0608:27:27  |   f0608:28:28  |   f0608:29:29  |   f0608:30:30  |   f0608:31:31  |   f0608:32:32  |   f0608:33:33  |   f0608:34:34  |   f0608:35:35  |   f0608:36:36  |   f0608:37:37  |   f0608:38:38  |   f0608:39:39  |
+------------------------------------------+---------+----------------+----------------+----------------+----------------+----------------+----------------+----------------+----------------+----------------+----------------+----------------+----------------+----------------+----------------+----------------+----------------+----------------+----------------+----------------+----------------+----------------+----------------+----------------+----------------+----------------+----------------+----------------+----------------+----------------+----------------+----------------+----------------+----------------+----------------+----------------+----------------+----------------+----------------+----------------+----------------+
|             INSTR_RETIRED_ANY            |  FIXC0  |  3431218346532 |  3462078365938 |  3451292403533 |  3645379114389 |  3481248393135 |  3827596487253 |  3834429338366 |  3581281845744 |  3498840097725 |  3457498807207 |  3443041619616 |  3451868027080 |  3997279448725 |  4155093096408 |  3804534452949 |  3754944334894 |  3627164403493 |  3685043977987 |  5880064796433 |  5859907163142 |  5808005003437 |  5830518504044 |  5798206094314 |  5792286190936 |  5751800267414 |  5836798473345 |  5756905037030 |  5627951760268 |  5699688904609 |  5840221734687 |  5797734498786 |  5793652152829 |  5818721839084 |  5628751243043 |  5678834757241 |  5715513582752 |  7283030355937 |  7234673221087 |  7244957430179 |  7226246903278 |
|           CPU_CLK_UNHALTED_CORE          |  FIXC1  |  2932433532293 |  2934544210716 |  2934230639670 |  2934219740644 |  2934417028597 |  2933869769506 |  2934132176571 |  2934117405156 |  2934623700021 |  2934707799198 |  2934599570408 |  2934574983461 |  2935023978955 |  2933896309788 |  2934383561829 |  2934292950912 |  2933638168623 |  2934207893875 |  2935710156937 |  2934451539535 |  2934888403209 |  2934736731462 |  2932652754436 |  2934641534195 |  2934283885873 |  2934713553350 |  2934472386660 |  2934656096006 |  2935013705755 |  2934920472141 |  2934692545260 |  2934918772724 |  2934614931510 |  2934794472078 |  2935105798285 |  2934730864691 |  2936967169380 |  2937035335928 |  2937248262703 |  2936904877603 |
|           CPU_CLK_UNHALTED_REF           |  FIXC2  |  2932435095264 |  2934544147488 |  2934230060064 |  2934219807552 |  2934417040032 |  2933869342656 |  2934132269472 |  2934117325152 |  2934622592256 |  2934707225088 |  2934601135296 |  2934575063904 |  2935024704384 |  2933894774688 |  2934382577472 |  2934294255360 |  2933640257664 |  2934209176128 |  2935710365472 |  2934451286880 |  2934888482880 |  2934735476448 |  2932652056416 |  2934638950944 |  2934282834336 |  2934713649600 |  2934469691520 |  2934655102080 |  2935013768928 |  2934919303488 |  2934688594944 |  2934917424000 |  2934616979040 |  2934793082112 |  2935104168864 |  2934727854240 |  2936968940928 |  2937036425952 |  2937252188064 |  2936898884736 |
|               TOPDOWN_SLOTS              |  FIXC3  | 14662167661465 | 14672721053580 | 14671153198350 | 14671098703220 | 14672085142985 | 14669348847530 | 14670660882855 | 14670587025780 | 14673118500105 | 14673538995990 | 14672997852040 | 14672874917305 | 14675119894775 | 14669481548940 | 14671917809145 | 14671464754560 | 14668190843115 | 14671039469375 | 14678550784685 | 14672257697675 | 14674442016045 | 14673683657310 | 14663263772180 | 14673207670975 | 14671419429365 | 14673567766750 | 14672361933300 | 14673280480030 | 14675068528775 | 14674602360705 | 14673462726300 | 14674593863620 | 14673074657550 | 14673972360390 | 14675528991425 | 14673654323455 | 14684835846900 | 14685176679640 | 14686241313515 | 14684524388015 |
|              PWR_PKG_ENERGY              |   PWR0  |    286045.5539 |              0 |              0 |              0 |              0 |              0 |              0 |              0 |              0 |              0 |              0 |              0 |              0 |              0 |              0 |              0 |              0 |              0 |              0 |              0 |              0 |              0 |              0 |              0 |              0 |              0 |              0 |              0 |              0 |              0 |              0 |              0 |              0 |              0 |              0 |              0 |    137522.0748 |              0 |              0 |              0 |
|              PWR_DRAM_ENERGY             |   PWR3  |     26721.9952 |              0 |              0 |              0 |              0 |              0 |              0 |              0 |              0 |              0 |              0 |              0 |              0 |              0 |              0 |              0 |              0 |              0 |              0 |              0 |              0 |              0 |              0 |              0 |              0 |              0 |              0 |              0 |              0 |              0 |              0 |              0 |              0 |              0 |              0 |              0 |     10832.5493 |              0 |              0 |              0 |
| FP_ARITH_INST_RETIRED_128B_PACKED_DOUBLE |   PMC0  |              0 |              0 |              0 |              0 |              0 |              0 |              0 |              0 |              0 |              0 |              0 |              0 |              0 |              0 |              0 |              0 |              0 |              0 |              0 |              0 |              0 |              0 |              0 |              0 |              0 |              0 |              0 |              0 |              0 |              0 |              0 |              0 |              0 |              0 |              0 |              0 |              0 |              0 |              0 |              0 |
|    FP_ARITH_INST_RETIRED_SCALAR_DOUBLE   |   PMC1  |  1625241360175 |  1625240770825 |  1625240747639 |  1625240763493 |  1625240761629 |  1625240760743 |  1625240737579 |  1625240726907 |  1625240729409 |  1625240734195 |  1625240723237 |  1625240707705 |  1625240728281 |  1625240697883 |  1625240720065 |  1625240701055 |  1625240702231 |  1625240703677 |  1625240692581 |  1625240699269 |  1625240670909 |  1625240640813 |  1625240661961 |  1625240651667 |  1625240660615 |  1625240633807 |  1625240648311 |  1625240600263 |  1625240618027 |  1625240615969 |  1625240646695 |  1625240604963 |  1625240604823 |  1625240593387 |  1625240602405 |  1625240596473 |  1625240596362 |  1625240575347 |  1625240591483 |  1625240575531 |
| FP_ARITH_INST_RETIRED_256B_PACKED_DOUBLE |   PMC2  |              0 |              0 |              0 |              0 |              0 |              0 |              0 |              0 |              0 |              0 |              0 |              0 |              0 |              0 |              0 |              0 |              0 |              0 |              0 |              0 |              0 |              0 |              0 |              0 |              0 |              0 |              0 |              0 |              0 |              0 |              0 |              0 |              0 |              0 |              0 |              0 |              0 |              0 |              0 |              0 |
| FP_ARITH_INST_RETIRED_512B_PACKED_DOUBLE |   PMC3  |    44976911385 |    44931616872 |    44931616872 |    44931616872 |    44931616872 |    44931616872 |    44931616872 |    44931616872 |    44931616872 |    44931616872 |    44931616872 |    44931616872 |    44931616872 |    44931616872 |    44931616872 |    44931616872 |    44931616872 |    44931616872 |    44931616872 |    44931616872 |    44931616872 |    44931616872 |    44931616872 |    44931616872 |    44931616872 |    44931616872 |    44931616872 |    44931616872 |    44931616872 |    44931616872 |    44931616872 |    44931616872 |    44931616872 |    44931616872 |    44931616872 |    44931616872 |    44931616872 |    44931616872 |    44931616872 |    44931616872 |
|               CAS_COUNT_RD               | MBOX0C0 |   175933840635 |              0 |              0 |              0 |              0 |              0 |              0 |              0 |              0 |              0 |              0 |              0 |              0 |              0 |              0 |              0 |              0 |              0 |              0 |              0 |              0 |              0 |              0 |              0 |              0 |              0 |              0 |              0 |              0 |              0 |              0 |              0 |              0 |              0 |              0 |              0 |    20705899529 |              0 |              0 |              0 |
|               CAS_COUNT_WR               | MBOX0C1 |    89871735317 |              0 |              0 |              0 |              0 |              0 |              0 |              0 |              0 |              0 |              0 |              0 |              0 |              0 |              0 |              0 |              0 |              0 |              0 |              0 |              0 |              0 |              0 |              0 |              0 |              0 |              0 |              0 |              0 |              0 |              0 |              0 |              0 |              0 |              0 |              0 |    13101518812 |              0 |              0 |              0 |
|               CAS_COUNT_RD               | MBOX1C0 |   175896228230 |              0 |              0 |              0 |              0 |              0 |              0 |              0 |              0 |              0 |              0 |              0 |              0 |              0 |              0 |              0 |              0 |              0 |              0 |              0 |              0 |              0 |              0 |              0 |              0 |              0 |              0 |              0 |              0 |              0 |              0 |              0 |              0 |              0 |              0 |              0 |    20704233635 |              0 |              0 |              0 |
|               CAS_COUNT_WR               | MBOX1C1 |    89864623292 |              0 |              0 |              0 |              0 |              0 |              0 |              0 |              0 |              0 |              0 |              0 |              0 |              0 |              0 |              0 |              0 |              0 |              0 |              0 |              0 |              0 |              0 |              0 |              0 |              0 |              0 |              0 |              0 |              0 |              0 |              0 |              0 |              0 |              0 |              0 |    13105109190 |              0 |              0 |              0 |
|               CAS_COUNT_RD               | MBOX2C0 |   175903476201 |              0 |              0 |              0 |              0 |              0 |              0 |              0 |              0 |              0 |              0 |              0 |              0 |              0 |              0 |              0 |              0 |              0 |              0 |              0 |              0 |              0 |              0 |              0 |              0 |              0 |              0 |              0 |              0 |              0 |              0 |              0 |              0 |              0 |              0 |              0 |    20694596339 |              0 |              0 |              0 |
|               CAS_COUNT_WR               | MBOX2C1 |    89874334504 |              0 |              0 |              0 |              0 |              0 |              0 |              0 |              0 |              0 |              0 |              0 |              0 |              0 |              0 |              0 |              0 |              0 |              0 |              0 |              0 |              0 |              0 |              0 |              0 |              0 |              0 |              0 |              0 |              0 |              0 |              0 |              0 |              0 |              0 |              0 |    13099769890 |              0 |              0 |              0 |
|               CAS_COUNT_RD               | MBOX3C0 |   175947479964 |              0 |              0 |              0 |              0 |              0 |              0 |              0 |              0 |              0 |              0 |              0 |              0 |              0 |              0 |              0 |              0 |              0 |              0 |              0 |              0 |              0 |              0 |              0 |              0 |              0 |              0 |              0 |              0 |              0 |              0 |              0 |              0 |              0 |              0 |              0 |    20685214181 |              0 |              0 |              0 |
|               CAS_COUNT_WR               | MBOX3C1 |    89871725169 |              0 |              0 |              0 |              0 |              0 |              0 |              0 |              0 |              0 |              0 |              0 |              0 |              0 |              0 |              0 |              0 |              0 |              0 |              0 |              0 |              0 |              0 |              0 |              0 |              0 |              0 |              0 |              0 |              0 |              0 |              0 |              0 |              0 |              0 |              0 |    13096592576 |              0 |              0 |              0 |
|               CAS_COUNT_RD               | MBOX4C0 |   178165267416 |              0 |              0 |              0 |              0 |              0 |              0 |              0 |              0 |              0 |              0 |              0 |              0 |              0 |              0 |              0 |              0 |              0 |              0 |              0 |              0 |              0 |              0 |              0 |              0 |              0 |              0 |              0 |              0 |              0 |              0 |              0 |              0 |              0 |              0 |              0 |       64231647 |              0 |              0 |              0 |
|               CAS_COUNT_WR               | MBOX4C1 |    89940649198 |              0 |              0 |              0 |              0 |              0 |              0 |              0 |              0 |              0 |              0 |              0 |              0 |              0 |              0 |              0 |              0 |              0 |              0 |              0 |              0 |              0 |              0 |              0 |              0 |              0 |              0 |              0 |              0 |              0 |              0 |              0 |              0 |              0 |              0 |              0 |       56276619 |              0 |              0 |              0 |
|               CAS_COUNT_RD               | MBOX5C0 |   178166906827 |              0 |              0 |              0 |              0 |              0 |              0 |              0 |              0 |              0 |              0 |              0 |              0 |              0 |              0 |              0 |              0 |              0 |              0 |              0 |              0 |              0 |              0 |              0 |              0 |              0 |              0 |              0 |              0 |              0 |              0 |              0 |              0 |              0 |              0 |              0 |       58455657 |              0 |              0 |              0 |
|               CAS_COUNT_WR               | MBOX5C1 |    89939722054 |              0 |              0 |              0 |              0 |              0 |              0 |              0 |              0 |              0 |              0 |              0 |              0 |              0 |              0 |              0 |              0 |              0 |              0 |              0 |              0 |              0 |              0 |              0 |              0 |              0 |              0 |              0 |              0 |              0 |              0 |              0 |              0 |              0 |              0 |              0 |       45832821 |              0 |              0 |              0 |
|               CAS_COUNT_RD               | MBOX6C0 |   178171987869 |              0 |              0 |              0 |              0 |              0 |              0 |              0 |              0 |              0 |              0 |              0 |              0 |              0 |              0 |              0 |              0 |              0 |              0 |              0 |              0 |              0 |              0 |              0 |              0 |              0 |              0 |              0 |              0 |              0 |              0 |              0 |              0 |              0 |              0 |              0 |       55731739 |              0 |              0 |              0 |
|               CAS_COUNT_WR               | MBOX6C1 |    89943123137 |              0 |              0 |              0 |              0 |              0 |              0 |              0 |              0 |              0 |              0 |              0 |              0 |              0 |              0 |              0 |              0 |              0 |              0 |              0 |              0 |              0 |              0 |              0 |              0 |              0 |              0 |              0 |              0 |              0 |              0 |              0 |              0 |              0 |              0 |              0 |       45635643 |              0 |              0 |              0 |
|               CAS_COUNT_RD               | MBOX7C0 |   178179192730 |              0 |              0 |              0 |              0 |              0 |              0 |              0 |              0 |              0 |              0 |              0 |              0 |              0 |              0 |              0 |              0 |              0 |              0 |              0 |              0 |              0 |              0 |              0 |              0 |              0 |              0 |              0 |              0 |              0 |              0 |              0 |              0 |              0 |              0 |              0 |       65775423 |              0 |              0 |              0 |
|               CAS_COUNT_WR               | MBOX7C1 |    89943801531 |              0 |              0 |              0 |              0 |              0 |              0 |              0 |              0 |              0 |              0 |              0 |              0 |              0 |              0 |              0 |              0 |              0 |              0 |              0 |              0 |              0 |              0 |              0 |              0 |              0 |              0 |              0 |              0 |              0 |              0 |              0 |              0 |              0 |              0 |              0 |       55923674 |              0 |              0 |              0 |
+------------------------------------------+---------+----------------+----------------+----------------+----------------+----------------+----------------+----------------+----------------+----------------+----------------+----------------+----------------+----------------+----------------+----------------+----------------+----------------+----------------+----------------+----------------+----------------+----------------+----------------+----------------+----------------+----------------+----------------+----------------+----------------+----------------+----------------+----------------+----------------+----------------+----------------+----------------+----------------+----------------+----------------+----------------+

+-----------------------------------------------+---------+-----------------+----------------+----------------+----------------+
|                     Event                     | Counter |       Sum       |       Min      |       Max      |       Avg      |
+-----------------------------------------------+---------+-----------------+----------------+----------------+----------------+
|             INSTR_RETIRED_ANY STAT            |  FIXC0  | 198494302474849 |  3431218346532 |  7283030355937 |   4.962358e+12 |
|           CPU_CLK_UNHALTED_CORE STAT          |  FIXC1  | 117388067669944 |  2932433532293 |  2937248262703 |   2.934702e+12 |
|           CPU_CLK_UNHALTED_REF STAT           |  FIXC2  | 117388052361792 |  2932435095264 |  2937252188064 |   2.934701e+12 |
|               TOPDOWN_SLOTS STAT              |  FIXC3  | 586940338349720 | 14662167661465 | 14686241313515 | 14673508458743 |
|              PWR_PKG_ENERGY STAT              |   PWR0  |     423567.6287 |              0 |    286045.5539 |     10589.1907 |
|              PWR_DRAM_ENERGY STAT             |   PWR3  |      37554.5445 |              0 |     26721.9952 |       938.8636 |
| FP_ARITH_INST_RETIRED_128B_PACKED_DOUBLE STAT |   PMC0  |               0 |              0 |              0 |              0 |
|    FP_ARITH_INST_RETIRED_SCALAR_DOUBLE STAT   |   PMC1  |  65009627558389 |  1625240575347 |  1625241360175 |   1.625241e+12 |
| FP_ARITH_INST_RETIRED_256B_PACKED_DOUBLE STAT |   PMC2  |               0 |              0 |              0 |              0 |
| FP_ARITH_INST_RETIRED_512B_PACKED_DOUBLE STAT |   PMC3  |   1797309969393 |    44931616872 |    44976911385 |   4.493275e+10 |
|               CAS_COUNT_RD STAT               | MBOX0C0 |    196639740164 |              0 |   175933840635 |   4.915994e+09 |
|               CAS_COUNT_WR STAT               | MBOX0C1 |    102973254129 |              0 |    89871735317 |   2.574331e+09 |
|               CAS_COUNT_RD STAT               | MBOX1C0 |    196600461865 |              0 |   175896228230 |   4.915012e+09 |
|               CAS_COUNT_WR STAT               | MBOX1C1 |    102969732482 |              0 |    89864623292 |   2.574243e+09 |
|               CAS_COUNT_RD STAT               | MBOX2C0 |    196598072540 |              0 |   175903476201 |   4.914952e+09 |
|               CAS_COUNT_WR STAT               | MBOX2C1 |    102974104394 |              0 |    89874334504 |   2.574353e+09 |
|               CAS_COUNT_RD STAT               | MBOX3C0 |    196632694145 |              0 |   175947479964 |   4.915817e+09 |
|               CAS_COUNT_WR STAT               | MBOX3C1 |    102968317745 |              0 |    89871725169 |   2.574208e+09 |
|               CAS_COUNT_RD STAT               | MBOX4C0 |    178229499063 |              0 |   178165267416 |   4.455737e+09 |
|               CAS_COUNT_WR STAT               | MBOX4C1 |     89996925817 |              0 |    89940649198 |   2.249923e+09 |
|               CAS_COUNT_RD STAT               | MBOX5C0 |    178225362484 |              0 |   178166906827 |   4.455634e+09 |
|               CAS_COUNT_WR STAT               | MBOX5C1 |     89985554875 |              0 |    89939722054 |   2.249639e+09 |
|               CAS_COUNT_RD STAT               | MBOX6C0 |    178227719608 |              0 |   178171987869 |   4.455693e+09 |
|               CAS_COUNT_WR STAT               | MBOX6C1 |     89988758780 |              0 |    89943123137 |   2.249719e+09 |
|               CAS_COUNT_RD STAT               | MBOX7C0 |    178244968153 |              0 |   178179192730 |   4.456124e+09 |
|               CAS_COUNT_WR STAT               | MBOX7C1 |     89999725205 |              0 |    89943801531 |   2.249993e+09 |
+-----------------------------------------------+---------+-----------------+----------------+----------------+----------------+

+-----------------------------------+-------------+-----------+-----------+-----------+-----------+-----------+-----------+-----------+-----------+-----------+-------------+-------------+-------------+-------------+-------------+-------------+-------------+-------------+-------------+-------------+-------------+-------------+-------------+-------------+-------------+-------------+-------------+-------------+-------------+-------------+-------------+-------------+-------------+-------------+-------------+-------------+-------------+-------------+-------------+-------------+
|               Metric              |  f0608:0:0  | f0608:1:1 | f0608:2:2 | f0608:3:3 | f0608:4:4 | f0608:5:5 | f0608:6:6 | f0608:7:7 | f0608:8:8 | f0608:9:9 | f0608:10:10 | f0608:11:11 | f0608:12:12 | f0608:13:13 | f0608:14:14 | f0608:15:15 | f0608:16:16 | f0608:17:17 | f0608:18:18 | f0608:19:19 | f0608:20:20 | f0608:21:21 | f0608:22:22 | f0608:23:23 | f0608:24:24 | f0608:25:25 | f0608:26:26 | f0608:27:27 | f0608:28:28 | f0608:29:29 | f0608:30:30 | f0608:31:31 | f0608:32:32 | f0608:33:33 | f0608:34:34 | f0608:35:35 | f0608:36:36 | f0608:37:37 | f0608:38:38 | f0608:39:39 |
+-----------------------------------+-------------+-----------+-----------+-----------+-----------+-----------+-----------+-----------+-----------+-----------+-------------+-------------+-------------+-------------+-------------+-------------+-------------+-------------+-------------+-------------+-------------+-------------+-------------+-------------+-------------+-------------+-------------+-------------+-------------+-------------+-------------+-------------+-------------+-------------+-------------+-------------+-------------+-------------+-------------+-------------+
|        Runtime (RDTSC) [s]        |        1231 | 1230.9840 | 1230.9760 | 1231.0370 | 1231.1920 | 1231.0830 | 1231.0470 | 1231.0050 | 1231.3400 | 1231.2380 |   1231.1590 |   1231.0200 |   1231.1780 |   1230.9770 |   1231.2020 |   1230.9880 |   1230.9850 |   1231.1810 |   1231.2120 |   1230.9830 |   1231.3250 |   1230.9720 |   1231.1650 |   1231.1330 |   1231.3320 |   1230.9740 |   1231.0430 |   1231.3050 |   1230.9940 |   1231.0770 |   1230.9720 |   1230.9680 |   1230.9850 |   1230.9830 |   1230.9720 |   1231.0500 |   1231.0400 |   1231.2010 |   1230.9910 |   1231.0370 |
|        Runtime unhalted [s]       |   1224.7496 | 1225.6319 | 1225.5004 | 1225.4938 | 1225.6815 | 1225.3499 | 1225.4579 | 1225.4537 | 1225.9188 | 1225.9257 |   1225.7755 |   1225.6490 |   1225.9172 |   1225.3613 |   1225.7511 |   1225.5263 |   1225.2529 |   1225.6105 |   1226.2766 |   1225.5936 |   1226.1184 |   1225.7109 |   1225.0185 |   1225.7589 |   1225.8795 |   1225.7037 |   1225.6022 |   1225.9402 |   1225.8289 |   1225.7892 |   1225.6929 |   1225.7875 |   1225.6616 |   1225.7361 |   1225.8647 |   1225.7153 |   1226.6424 |   1226.8994 |   1226.7609 |   1226.6172 |
|            Clock [MHz]            |   2394.3114 | 2394.3113 | 2394.3127 | 2394.3162 | 2394.1105 | 2394.3122 | 2394.3148 | 2394.3111 | 2393.8166 | 2393.8714 |   2394.0745 |   2394.3028 |   2394.1447 |   2394.3124 |   2393.9481 |   2394.3114 |   2394.3107 |   2394.0776 |   2394.0032 |   2394.3107 |   2393.6419 |   2394.3150 |   2393.9666 |   2394.1447 |   2393.6162 |   2394.3091 |   2394.3128 |   2393.8012 |   2394.3094 |   2394.3118 |   2394.3163 |   2394.3139 |   2394.3093 |   2394.3131 |   2394.3160 |   2394.3031 |   2394.3127 |   2393.8673 |   2394.3086 |   2394.3174 |
|                CPI                |      0.8546 |    0.8476 |    0.8502 |    0.8049 |    0.8429 |    0.7665 |    0.7652 |    0.8193 |    0.8387 |    0.8488 |      0.8523 |      0.8501 |      0.7343 |      0.7061 |      0.7713 |      0.7814 |      0.8088 |      0.7962 |      0.4993 |      0.5008 |      0.5053 |      0.5033 |      0.5058 |      0.5066 |      0.5102 |      0.5028 |      0.5097 |      0.5214 |      0.5149 |      0.5025 |      0.5062 |      0.5066 |      0.5043 |      0.5214 |      0.5169 |      0.5135 |      0.4033 |      0.4060 |      0.4054 |      0.4064 |
|             Energy [J]            | 286045.5539 |         0 |         0 |         0 |         0 |         0 |         0 |         0 |         0 |         0 |           0 |           0 |           0 |           0 |           0 |           0 |           0 |           0 |           0 |           0 |           0 |           0 |           0 |           0 |           0 |           0 |           0 |           0 |           0 |           0 |           0 |           0 |           0 |           0 |           0 |           0 | 137522.0748 |           0 |           0 |           0 |
|             Power [W]             |    232.3684 |         0 |         0 |         0 |         0 |         0 |         0 |         0 |         0 |         0 |           0 |           0 |           0 |           0 |           0 |           0 |           0 |           0 |           0 |           0 |           0 |           0 |           0 |           0 |           0 |           0 |           0 |           0 |           0 |           0 |           0 |           0 |           0 |           0 |           0 |           0 |    111.7121 |           0 |           0 |           0 |
|          Energy DRAM [J]          |  26721.9952 |         0 |         0 |         0 |         0 |         0 |         0 |         0 |         0 |         0 |           0 |           0 |           0 |           0 |           0 |           0 |           0 |           0 |           0 |           0 |           0 |           0 |           0 |           0 |           0 |           0 |           0 |           0 |           0 |           0 |           0 |           0 |           0 |           0 |           0 |           0 |  10832.5493 |           0 |           0 |           0 |
|           Power DRAM [W]          |     21.7076 |         0 |         0 |         0 |         0 |         0 |         0 |         0 |         0 |         0 |           0 |           0 |           0 |           0 |           0 |           0 |           0 |           0 |           0 |           0 |           0 |           0 |           0 |           0 |           0 |           0 |           0 |           0 |           0 |           0 |           0 |           0 |           0 |           0 |           0 |           0 |      8.7995 |           0 |           0 |           0 |
|            DP [MFLOP/s]           |   1612.5562 | 1612.2823 | 1612.2928 | 1612.2129 | 1612.0099 | 1612.1526 | 1612.1998 | 1612.2548 | 1611.8161 | 1611.9497 |   1612.0531 |   1612.2351 |   1612.0282 |   1612.2914 |   1611.9968 |   1612.2770 |   1612.2809 |   1612.0243 |   1611.9837 |   1612.2835 |   1611.8357 |   1612.2979 |   1612.0452 |   1612.0871 |   1611.8265 |   1612.2953 |   1612.2049 |   1611.8618 |   1612.2691 |   1612.1604 |   1612.2979 |   1612.3031 |   1612.2808 |   1612.2835 |   1612.2979 |   1612.1957 |   1612.2088 |   1611.9980 |   1612.2730 |   1612.2127 |
|          AVX DP [MFLOP/s]         |    292.2951 |  292.0046 |  292.0065 |  291.9920 |  291.9552 |  291.9811 |  291.9896 |  291.9996 |  291.9201 |  291.9443 |    291.9630 |    291.9960 |    291.9585 |    292.0062 |    291.9529 |    292.0036 |    292.0043 |    291.9578 |    291.9505 |    292.0048 |    291.9237 |    292.0074 |    291.9616 |    291.9692 |    291.9220 |    292.0069 |    291.9906 |    291.9284 |    292.0022 |    291.9825 |    292.0074 |    292.0084 |    292.0043 |    292.0048 |    292.0074 |    291.9889 |    291.9913 |    291.9531 |    292.0029 |    291.9920 |
|          Packed [MUOPS/s]         |     36.5369 |   36.5006 |   36.5008 |   36.4990 |   36.4944 |   36.4976 |   36.4987 |   36.4999 |   36.4900 |   36.4930 |     36.4954 |     36.4995 |     36.4948 |     36.5008 |     36.4941 |     36.5005 |     36.5005 |     36.4947 |     36.4938 |     36.5006 |     36.4905 |     36.5009 |     36.4952 |     36.4962 |     36.4903 |     36.5009 |     36.4988 |     36.4911 |     36.5003 |     36.4978 |     36.5009 |     36.5010 |     36.5005 |     36.5006 |     36.5009 |     36.4986 |     36.4989 |     36.4941 |     36.5004 |     36.4990 |
|          Scalar [MUOPS/s]         |   1320.2611 | 1320.2777 | 1320.2863 | 1320.2209 | 1320.0547 | 1320.1716 | 1320.2101 | 1320.2552 | 1319.8960 | 1320.0053 |   1320.0900 |   1320.2391 |   1320.0697 |   1320.2852 |   1320.0439 |   1320.2734 |   1320.2766 |   1320.0664 |   1320.0332 |   1320.2788 |   1319.9120 |   1320.2905 |   1320.0835 |   1320.1179 |   1319.9045 |   1320.2884 |   1320.2144 |   1319.9334 |   1320.2669 |   1320.1779 |   1320.2905 |   1320.2948 |   1320.2765 |   1320.2787 |   1320.2905 |   1320.2068 |   1320.2175 |   1320.0449 |   1320.2701 |   1320.2207 |
|  Memory read bandwidth [MBytes/s] |  73637.1408 |         0 |         0 |         0 |         0 |         0 |         0 |         0 |         0 |         0 |           0 |           0 |           0 |           0 |           0 |           0 |           0 |           0 |           0 |           0 |           0 |           0 |           0 |           0 |           0 |           0 |           0 |           0 |           0 |           0 |           0 |           0 |           0 |           0 |           0 |           0 |   4316.8255 |           0 |           0 |           0 |
|  Memory read data volume [GBytes] |  90647.3203 |         0 |         0 |         0 |         0 |         0 |         0 |         0 |         0 |         0 |           0 |           0 |           0 |           0 |           0 |           0 |           0 |           0 |           0 |           0 |           0 |           0 |           0 |           0 |           0 |           0 |           0 |           0 |           0 |           0 |           0 |           0 |           0 |           0 |           0 |           0 |   5314.1848 |           0 |           0 |           0 |
| Memory write bandwidth [MBytes/s] |  37393.9738 |         0 |         0 |         0 |         0 |         0 |         0 |         0 |         0 |         0 |           0 |           0 |           0 |           0 |           0 |           0 |           0 |           0 |           0 |           0 |           0 |           0 |           0 |           0 |           0 |           0 |           0 |           0 |           0 |           0 |           0 |           0 |           0 |           0 |           0 |           0 |   2734.9446 |           0 |           0 |           0 |
| Memory write data volume [GBytes] |  46031.9817 |         0 |         0 |         0 |         0 |         0 |         0 |         0 |         0 |         0 |           0 |           0 |           0 |           0 |           0 |           0 |           0 |           0 |           0 |           0 |           0 |           0 |           0 |           0 |           0 |           0 |           0 |           0 |           0 |           0 |           0 |           0 |           0 |           0 |           0 |           0 |   3366.8262 |           0 |           0 |           0 |
|    Memory bandwidth [MBytes/s]    | 111031.1146 |         0 |         0 |         0 |         0 |         0 |         0 |         0 |         0 |         0 |           0 |           0 |           0 |           0 |           0 |           0 |           0 |           0 |           0 |           0 |           0 |           0 |           0 |           0 |           0 |           0 |           0 |           0 |           0 |           0 |           0 |           0 |           0 |           0 |           0 |           0 |   7051.7701 |           0 |           0 |           0 |
|    Memory data volume [GBytes]    | 136679.3020 |         0 |         0 |         0 |         0 |         0 |         0 |         0 |         0 |         0 |           0 |           0 |           0 |           0 |           0 |           0 |           0 |           0 |           0 |           0 |           0 |           0 |           0 |           0 |           0 |           0 |           0 |           0 |           0 |           0 |           0 |           0 |           0 |           0 |           0 |           0 |   8681.0110 |           0 |           0 |           0 |
|       Operational intensity       |      0.0145 |         0 |         0 |         0 |         0 |         0 |         0 |         0 |         0 |         0 |           0 |           0 |           0 |           0 |           0 |           0 |           0 |           0 |           0 |           0 |           0 |           0 |           0 |           0 |           0 |           0 |           0 |           0 |           0 |           0 |           0 |           0 |           0 |           0 |           0 |           0 |      0.2286 |           0 |           0 |           0 |
+-----------------------------------+-------------+-----------+-----------+-----------+-----------+-----------+-----------+-----------+-----------+-----------+-------------+-------------+-------------+-------------+-------------+-------------+-------------+-------------+-------------+-------------+-------------+-------------+-------------+-------------+-------------+-------------+-------------+-------------+-------------+-------------+-------------+-------------+-------------+-------------+-------------+-------------+-------------+-------------+-------------+-------------+

+----------------------------------------+-------------+-----------+-------------+------------+-----------+-----------+-----------+
|                 Metric                 |     Sum     |    Min    |     Max     |     Avg    |  %ile 25  |  %ile 50  |  %ile 75  |
+----------------------------------------+-------------+-----------+-------------+------------+-----------+-----------+-----------+
|        Runtime (RDTSC) [s] STAT        |  49243.3060 | 1230.9680 |   1231.3400 |  1231.0827 | 1230.9840 | 1231.0370 | 1231.1780 |
|        Runtime unhalted [s] STAT       |  49030.6056 | 1224.7496 |   1226.8994 |  1225.7651 | 1225.5263 | 1225.7109 | 1225.8795 |
|            Clock [MHz] STAT            |  95767.1907 | 2393.6162 |   2394.3174 |  2394.1798 | 2394.0745 | 2394.3094 | 2394.3127 |
|                CPI STAT                |     25.3118 |    0.4033 |      0.8546 |     0.6328 |    0.5043 |    0.5169 |    0.8049 |
|             Energy [J] STAT            | 423567.6287 |         0 | 286045.5539 | 10589.1907 |         0 |         0 |         0 |
|             Power [W] STAT             |    344.0805 |         0 |    232.3684 |     8.6020 |         0 |         0 |         0 |
|          Energy DRAM [J] STAT          |  37554.5445 |         0 |  26721.9952 |   938.8636 |         0 |         0 |         0 |
|           Power DRAM [W] STAT          |     30.5071 |         0 |     21.7076 |     0.7627 |         0 |         0 |         0 |
|            DP [MFLOP/s] STAT           |  64486.4164 | 1611.8161 |   1612.5562 |  1612.1604 | 1612.0243 | 1612.2088 | 1612.2823 |
|          AVX DP [MFLOP/s] STAT         |  11679.5407 |  291.9201 |    292.2951 |   291.9885 |  291.9578 |  291.9913 |  292.0046 |
|          Packed [MUOPS/s] STAT         |   1459.9425 |   36.4900 |     36.5369 |    36.4986 |   36.4947 |   36.4989 |   36.5006 |
|          Scalar [MUOPS/s] STAT         |  52806.8756 | 1319.8960 |   1320.2948 |  1320.1719 | 1320.0664 | 1320.2175 | 1320.2766 |
|  Memory read bandwidth [MBytes/s] STAT |  77953.9663 |         0 |  73637.1408 |  1948.8492 |         0 |         0 |         0 |
|  Memory read data volume [GBytes] STAT |  95961.5051 |         0 |  90647.3203 |  2399.0376 |         0 |         0 |         0 |
| Memory write bandwidth [MBytes/s] STAT |  40128.9184 |         0 |  37393.9738 |  1003.2230 |         0 |         0 |         0 |
| Memory write data volume [GBytes] STAT |  49398.8079 |         0 |  46031.9817 |  1234.9702 |         0 |         0 |         0 |
|    Memory bandwidth [MBytes/s] STAT    | 118082.8847 |         0 | 111031.1146 |  2952.0721 |         0 |         0 |         0 |
|    Memory data volume [GBytes] STAT    | 145360.3130 |         0 | 136679.3020 |  3634.0078 |         0 |         0 |         0 |
|       Operational intensity STAT       |      0.2431 |         0 |      0.2286 |     0.0061 |         0 |         0 |         0 |
+----------------------------------------+-------------+-----------+-------------+------------+-----------+-----------+-----------+

