WARN: Cannot extract OpenMP vendor from executable or commandline, assuming no OpenMP
 nx_glob, nz_glob:                  3000                  1250
 dx,dz:    8.00000000000000        8.00000000000000     
 dt:   2.666666666666666E-002
Group: 1
+------------------------------------------+---------+----------------+----------------+----------------+----------------+----------------+----------------+----------------+----------------+----------------+----------------+----------------+----------------+----------------+----------------+----------------+----------------+----------------+----------------+----------------+----------------+----------------+----------------+----------------+----------------+----------------+----------------+----------------+----------------+----------------+----------------+----------------+----------------+
|                   Event                  | Counter |    f0608:0:0   |    f0608:1:1   |    f0608:2:2   |    f0608:3:3   |    f0608:4:4   |    f0608:5:5   |    f0608:6:6   |    f0608:7:7   |    f0608:8:8   |    f0608:9:9   |   f0608:10:10  |   f0608:11:11  |   f0608:12:12  |   f0608:13:13  |   f0608:14:14  |   f0608:15:15  |   f0608:16:16  |   f0608:17:17  |   f0608:18:18  |   f0608:19:19  |   f0608:20:20  |   f0608:21:21  |   f0608:22:22  |   f0608:23:23  |   f0608:24:24  |   f0608:25:25  |   f0608:26:26  |   f0608:27:27  |   f0608:28:28  |   f0608:29:29  |   f0608:30:30  |   f0608:31:31  |
+------------------------------------------+---------+----------------+----------------+----------------+----------------+----------------+----------------+----------------+----------------+----------------+----------------+----------------+----------------+----------------+----------------+----------------+----------------+----------------+----------------+----------------+----------------+----------------+----------------+----------------+----------------+----------------+----------------+----------------+----------------+----------------+----------------+----------------+----------------+
|             INSTR_RETIRED_ANY            |  FIXC0  |  5729589583455 |  4223778917708 |  5786164361867 |  5891414294939 |  5756109611226 |  5698013396743 |  5874796711615 |  5783387731711 |  5867799322572 |  5869217490824 |  5694193431430 |  5786170216577 |  5698706612923 |  5830943814055 |  6010495978072 |  6031850270191 |  6040836777947 |  5939801274729 |  7101352902616 |  7035921054573 |  7104674123374 |  7130324557710 |  7231468551760 |  7103249221812 |  7071557775830 |  7142042711540 |  7211102341930 |  7073573925639 |  7208870815304 |  7213602027212 |  7160546546704 |  7100945799854 |
|           CPU_CLK_UNHALTED_CORE          |  FIXC1  |  3417798017429 |  3417226468161 |  3419746388173 |  3418547102694 |  3418355654447 |  3418364854231 |  3418247800415 |  3418979581566 |  3419814944076 |  3419324222210 |  3418982135323 |  3419229269607 |  3418574542958 |  3418775566170 |  3419372575356 |  3419205801086 |  3419117613792 |  3419447017137 |  3420367058122 |  3419372692513 |  3419828710123 |  3419961566873 |  3420346251138 |  3420163918063 |  3419992957721 |  3419930166173 |  3420150389289 |  3420037787369 |  3420341696446 |  3420351049662 |  3419802785932 |  3420122123112 |
|           CPU_CLK_UNHALTED_REF           |  FIXC2  |  3417798479712 |  3417223588992 |  3419744998464 |  3418546183488 |  3418354660800 |  3418363373568 |  3418247467584 |  3418977860544 |  3419813413536 |  3419323402176 |  3418980475200 |  3419227831968 |  3418573110432 |  3418774494720 |  3419370551520 |  3419205364608 |  3419119282176 |  3419446685088 |  3420364935744 |  3419371746816 |  3419828502432 |  3419960839968 |  3420347298240 |  3420160046976 |  3419991400608 |  3419929034592 |  3420150718944 |  3420035537568 |  3420342154848 |  3420350999712 |  3419800740480 |  3420122419296 |
|               TOPDOWN_SLOTS              |  FIXC3  | 17088990087145 | 17086132340805 | 17098731940865 | 17092735513470 | 17091778272235 | 17091824271155 | 17091239002075 | 17094897907830 | 17099074720380 | 17096621111050 | 17094910676615 | 17096146348035 | 17092872714790 | 17093877830850 | 17096862876780 | 17096029005430 | 17095588068960 | 17097235085685 | 17101835290610 | 17096863462565 | 17099143550615 | 17099807834365 | 17101731255690 | 17100819590315 | 17099964788605 | 17099650830865 | 17100751946445 | 17100188936845 | 17101708482230 | 17101755248310 | 17099013929660 | 17100610615560 |
|              PWR_PKG_ENERGY              |   PWR0  |    323782.2711 |              0 |              0 |              0 |              0 |              0 |              0 |              0 |              0 |              0 |              0 |              0 |              0 |              0 |              0 |              0 |              0 |              0 |              0 |              0 |              0 |              0 |              0 |              0 |              0 |              0 |              0 |              0 |              0 |              0 |              0 |              0 |
|              PWR_DRAM_ENERGY             |   PWR3  |     30347.1440 |              0 |              0 |              0 |              0 |              0 |              0 |              0 |              0 |              0 |              0 |              0 |              0 |              0 |              0 |              0 |              0 |              0 |              0 |              0 |              0 |              0 |              0 |              0 |              0 |              0 |              0 |              0 |              0 |              0 |              0 |              0 |
| FP_ARITH_INST_RETIRED_128B_PACKED_DOUBLE |   PMC0  |              0 |              0 |              0 |              0 |              0 |              0 |              0 |              0 |              0 |              0 |              0 |              0 |              0 |              0 |              0 |              0 |              0 |              0 |              0 |              0 |              0 |              0 |              0 |              0 |              0 |              0 |              0 |              0 |              0 |              0 |              0 |              0 |
|    FP_ARITH_INST_RETIRED_SCALAR_DOUBLE   |   PMC1  |  2034252052519 |  2034251457965 |  2012724581063 |  2034251435113 |  2034251451053 |  2034251451541 |  2012724570177 |  2034251429003 |  2034251432977 |  2034251427859 |  2012724530915 |  2034251426473 |  2034251402727 |  2034251410871 |  2012724542851 |  2034251411703 |  2034251411199 |  2034251401961 |  2012724503835 |  2034251388097 |  2034251383965 |  2034251386357 |  2012724475727 |  2034251370863 |  2034251374837 |  2034251365359 |  2012724476405 |  2034251357317 |  2034251359627 |  2034251350701 |  2012724469445 |  2034251348463 |
| FP_ARITH_INST_RETIRED_256B_PACKED_DOUBLE |   PMC2  |              0 |              0 |              0 |              0 |              0 |              0 |              0 |              0 |              0 |              0 |              0 |              0 |              0 |              0 |              0 |              0 |              0 |              0 |              0 |              0 |              0 |              0 |              0 |              0 |              0 |              0 |              0 |              0 |              0 |              0 |              0 |              0 |
| FP_ARITH_INST_RETIRED_512B_PACKED_DOUBLE |   PMC3  |    50756923263 |    50711628750 |    51386658750 |    50711628750 |    50711628750 |    50711628750 |    51386658750 |    50711628750 |    50711628750 |    50711628750 |    51386658750 |    50711628750 |    50711628750 |    50711628750 |    51386658750 |    50711628750 |    50711628750 |    50711628750 |    51386658750 |    50711628750 |    50711628750 |    50711628750 |    51386658750 |    50711628750 |    50711628750 |    50711628750 |    51386658750 |    50711628750 |    50711628750 |    50711628750 |    51386658750 |    50711628750 |
|               CAS_COUNT_RD               | MBOX0C0 |   229779443932 |              0 |              0 |              0 |              0 |              0 |              0 |              0 |              0 |              0 |              0 |              0 |              0 |              0 |              0 |              0 |              0 |              0 |              0 |              0 |              0 |              0 |              0 |              0 |              0 |              0 |              0 |              0 |              0 |              0 |              0 |              0 |
|               CAS_COUNT_WR               | MBOX0C1 |   111690236271 |              0 |              0 |              0 |              0 |              0 |              0 |              0 |              0 |              0 |              0 |              0 |              0 |              0 |              0 |              0 |              0 |              0 |              0 |              0 |              0 |              0 |              0 |              0 |              0 |              0 |              0 |              0 |              0 |              0 |              0 |              0 |
|               CAS_COUNT_RD               | MBOX1C0 |   229703411538 |              0 |              0 |              0 |              0 |              0 |              0 |              0 |              0 |              0 |              0 |              0 |              0 |              0 |              0 |              0 |              0 |              0 |              0 |              0 |              0 |              0 |              0 |              0 |              0 |              0 |              0 |              0 |              0 |              0 |              0 |              0 |
|               CAS_COUNT_WR               | MBOX1C1 |   111681329520 |              0 |              0 |              0 |              0 |              0 |              0 |              0 |              0 |              0 |              0 |              0 |              0 |              0 |              0 |              0 |              0 |              0 |              0 |              0 |              0 |              0 |              0 |              0 |              0 |              0 |              0 |              0 |              0 |              0 |              0 |              0 |
|               CAS_COUNT_RD               | MBOX2C0 |   229727376035 |              0 |              0 |              0 |              0 |              0 |              0 |              0 |              0 |              0 |              0 |              0 |              0 |              0 |              0 |              0 |              0 |              0 |              0 |              0 |              0 |              0 |              0 |              0 |              0 |              0 |              0 |              0 |              0 |              0 |              0 |              0 |
|               CAS_COUNT_WR               | MBOX2C1 |   111701795301 |              0 |              0 |              0 |              0 |              0 |              0 |              0 |              0 |              0 |              0 |              0 |              0 |              0 |              0 |              0 |              0 |              0 |              0 |              0 |              0 |              0 |              0 |              0 |              0 |              0 |              0 |              0 |              0 |              0 |              0 |              0 |
|               CAS_COUNT_RD               | MBOX3C0 |   229770454345 |              0 |              0 |              0 |              0 |              0 |              0 |              0 |              0 |              0 |              0 |              0 |              0 |              0 |              0 |              0 |              0 |              0 |              0 |              0 |              0 |              0 |              0 |              0 |              0 |              0 |              0 |              0 |              0 |              0 |              0 |              0 |
|               CAS_COUNT_WR               | MBOX3C1 |   111703910641 |              0 |              0 |              0 |              0 |              0 |              0 |              0 |              0 |              0 |              0 |              0 |              0 |              0 |              0 |              0 |              0 |              0 |              0 |              0 |              0 |              0 |              0 |              0 |              0 |              0 |              0 |              0 |              0 |              0 |              0 |              0 |
|               CAS_COUNT_RD               | MBOX4C0 |   173102770972 |              0 |              0 |              0 |              0 |              0 |              0 |              0 |              0 |              0 |              0 |              0 |              0 |              0 |              0 |              0 |              0 |              0 |              0 |              0 |              0 |              0 |              0 |              0 |              0 |              0 |              0 |              0 |              0 |              0 |              0 |              0 |
|               CAS_COUNT_WR               | MBOX4C1 |    86351292908 |              0 |              0 |              0 |              0 |              0 |              0 |              0 |              0 |              0 |              0 |              0 |              0 |              0 |              0 |              0 |              0 |              0 |              0 |              0 |              0 |              0 |              0 |              0 |              0 |              0 |              0 |              0 |              0 |              0 |              0 |              0 |
|               CAS_COUNT_RD               | MBOX5C0 |   173159336068 |              0 |              0 |              0 |              0 |              0 |              0 |              0 |              0 |              0 |              0 |              0 |              0 |              0 |              0 |              0 |              0 |              0 |              0 |              0 |              0 |              0 |              0 |              0 |              0 |              0 |              0 |              0 |              0 |              0 |              0 |              0 |
|               CAS_COUNT_WR               | MBOX5C1 |    86356111511 |              0 |              0 |              0 |              0 |              0 |              0 |              0 |              0 |              0 |              0 |              0 |              0 |              0 |              0 |              0 |              0 |              0 |              0 |              0 |              0 |              0 |              0 |              0 |              0 |              0 |              0 |              0 |              0 |              0 |              0 |              0 |
|               CAS_COUNT_RD               | MBOX6C0 |   173153580950 |              0 |              0 |              0 |              0 |              0 |              0 |              0 |              0 |              0 |              0 |              0 |              0 |              0 |              0 |              0 |              0 |              0 |              0 |              0 |              0 |              0 |              0 |              0 |              0 |              0 |              0 |              0 |              0 |              0 |              0 |              0 |
|               CAS_COUNT_WR               | MBOX6C1 |    86355825393 |              0 |              0 |              0 |              0 |              0 |              0 |              0 |              0 |              0 |              0 |              0 |              0 |              0 |              0 |              0 |              0 |              0 |              0 |              0 |              0 |              0 |              0 |              0 |              0 |              0 |              0 |              0 |              0 |              0 |              0 |              0 |
|               CAS_COUNT_RD               | MBOX7C0 |   173155062321 |              0 |              0 |              0 |              0 |              0 |              0 |              0 |              0 |              0 |              0 |              0 |              0 |              0 |              0 |              0 |              0 |              0 |              0 |              0 |              0 |              0 |              0 |              0 |              0 |              0 |              0 |              0 |              0 |              0 |              0 |              0 |
|               CAS_COUNT_WR               | MBOX7C1 |    86360202434 |              0 |              0 |              0 |              0 |              0 |              0 |              0 |              0 |              0 |              0 |              0 |              0 |              0 |              0 |              0 |              0 |              0 |              0 |              0 |              0 |              0 |              0 |              0 |              0 |              0 |              0 |              0 |              0 |              0 |              0 |              0 |
+------------------------------------------+---------+----------------+----------------+----------------+----------------+----------------+----------------+----------------+----------------+----------------+----------------+----------------+----------------+----------------+----------------+----------------+----------------+----------------+----------------+----------------+----------------+----------------+----------------+----------------+----------------+----------------+----------------+----------------+----------------+----------------+----------------+----------------+----------------+

+-----------------------------------------------+---------+-----------------+----------------+----------------+---------------+
|                     Event                     | Counter |       Sum       |       Min      |       Max      |      Avg      |
+-----------------------------------------------+---------+-----------------+----------------+----------------+---------------+
|             INSTR_RETIRED_ANY STAT            |  FIXC0  | 203402502154442 |  4223778917708 |  7231468551760 |  6.356328e+12 |
|           CPU_CLK_UNHALTED_CORE STAT          |  FIXC1  | 109419878707367 |  3417226468161 |  3420367058122 |  3.419371e+12 |
|           CPU_CLK_UNHALTED_REF STAT           |  FIXC2  | 109419847600800 |  3417223588992 |  3420364935744 | 3419370237525 |
|               TOPDOWN_SLOTS STAT              |  FIXC3  | 547099393536835 | 17086132340805 | 17101835290610 |      nil      |
|              PWR_PKG_ENERGY STAT              |   PWR0  |     323782.2711 |              0 |    323782.2711 |    10118.1960 |
|              PWR_DRAM_ENERGY STAT             |   PWR3  |      30347.1440 |              0 |     30347.1440 |      948.3483 |
| FP_ARITH_INST_RETIRED_128B_PACKED_DOUBLE STAT |   PMC0  |               0 |              0 |              0 |             0 |
|    FP_ARITH_INST_RETIRED_SCALAR_DOUBLE STAT   |   PMC1  |  64923830438968 |  2012724469445 |  2034252052519 |  2.028870e+12 |
| FP_ARITH_INST_RETIRED_256B_PACKED_DOUBLE STAT |   PMC2  |               0 |              0 |              0 |             0 |
| FP_ARITH_INST_RETIRED_512B_PACKED_DOUBLE STAT |   PMC3  |   1628217654513 |    50711628750 |    51386658750 |  5.088180e+10 |
|               CAS_COUNT_RD STAT               | MBOX0C0 |    229779443932 |              0 |   229779443932 |  7.180608e+09 |
|               CAS_COUNT_WR STAT               | MBOX0C1 |    111690236271 |              0 |   111690236271 |  3.490320e+09 |
|               CAS_COUNT_RD STAT               | MBOX1C0 |    229703411538 |              0 |   229703411538 |  7.178232e+09 |
|               CAS_COUNT_WR STAT               | MBOX1C1 |    111681329520 |              0 |   111681329520 |  3.490042e+09 |
|               CAS_COUNT_RD STAT               | MBOX2C0 |    229727376035 |              0 |   229727376035 |  7.178981e+09 |
|               CAS_COUNT_WR STAT               | MBOX2C1 |    111701795301 |              0 |   111701795301 |  3.490681e+09 |
|               CAS_COUNT_RD STAT               | MBOX3C0 |    229770454345 |              0 |   229770454345 |  7.180327e+09 |
|               CAS_COUNT_WR STAT               | MBOX3C1 |    111703910641 |              0 |   111703910641 |  3.490747e+09 |
|               CAS_COUNT_RD STAT               | MBOX4C0 |    173102770972 |              0 |   173102770972 |  5.409462e+09 |
|               CAS_COUNT_WR STAT               | MBOX4C1 |     86351292908 |              0 |    86351292908 |  2.698478e+09 |
|               CAS_COUNT_RD STAT               | MBOX5C0 |    173159336068 |              0 |   173159336068 |  5.411229e+09 |
|               CAS_COUNT_WR STAT               | MBOX5C1 |     86356111511 |              0 |    86356111511 |  2.698628e+09 |
|               CAS_COUNT_RD STAT               | MBOX6C0 |    173153580950 |              0 |   173153580950 |  5.411049e+09 |
|               CAS_COUNT_WR STAT               | MBOX6C1 |     86355825393 |              0 |    86355825393 |  2.698620e+09 |
|               CAS_COUNT_RD STAT               | MBOX7C0 |    173155062321 |              0 |   173155062321 |  5.411096e+09 |
|               CAS_COUNT_WR STAT               | MBOX7C1 |     86360202434 |              0 |    86360202434 |  2.698756e+09 |
+-----------------------------------------------+---------+-----------------+----------------+----------------+---------------+

+-----------------------------------+-------------+-----------+-----------+-----------+-----------+-----------+-----------+-----------+-----------+-----------+-------------+-------------+-------------+-------------+-------------+-------------+-------------+-------------+-------------+-------------+-------------+-------------+-------------+-------------+-------------+-------------+-------------+-------------+-------------+-------------+-------------+-------------+
|               Metric              |  f0608:0:0  | f0608:1:1 | f0608:2:2 | f0608:3:3 | f0608:4:4 | f0608:5:5 | f0608:6:6 | f0608:7:7 | f0608:8:8 | f0608:9:9 | f0608:10:10 | f0608:11:11 | f0608:12:12 | f0608:13:13 | f0608:14:14 | f0608:15:15 | f0608:16:16 | f0608:17:17 | f0608:18:18 | f0608:19:19 | f0608:20:20 | f0608:21:21 | f0608:22:22 | f0608:23:23 | f0608:24:24 | f0608:25:25 | f0608:26:26 | f0608:27:27 | f0608:28:28 | f0608:29:29 | f0608:30:30 | f0608:31:31 |
+-----------------------------------+-------------+-----------+-----------+-----------+-----------+-----------+-----------+-----------+-----------+-----------+-------------+-------------+-------------+-------------+-------------+-------------+-------------+-------------+-------------+-------------+-------------+-------------+-------------+-------------+-------------+-------------+-------------+-------------+-------------+-------------+-------------+-------------+
|        Runtime (RDTSC) [s]        |   1433.3110 | 1433.4630 | 1433.3370 | 1433.3190 | 1433.4890 | 1433.4830 | 1433.4590 | 1433.4920 | 1433.3400 | 1433.4930 |   1433.5840 |   1433.4810 |   1433.4890 |   1433.3380 |   1433.3300 |   1433.3380 |   1433.3450 |   1433.4960 |   1433.4630 |   1433.4590 |   1433.4420 |   1433.4860 |   1433.3260 |   1433.4520 |   1433.7210 |   1433.3180 |   1433.3170 |   1433.3190 |   1433.4860 |   1433.3250 |   1433.5120 |   1433.3240 |
|        Runtime unhalted [s]       |   1427.4660 | 1427.2282 | 1428.2763 | 1427.7760 | 1427.6947 | 1427.7105 | 1427.6504 | 1427.9713 | 1428.3088 | 1428.1009 |   1428.2050 |   1428.0613 |   1427.8175 |   1427.8701 |   1428.1245 |   1428.0618 |   1428.0364 |   1428.1505 |   1428.5462 |   1428.1346 |   1428.3142 |   1428.3749 |   1428.5290 |   1428.4533 |   1428.7835 |   1428.3560 |   1428.4453 |   1428.3998 |   1428.5259 |   1428.5367 |   1428.4883 |   1428.4366 |
|            Clock [MHz]            |   2394.3110 | 2394.3118 | 2394.3182 | 2394.3168 | 2394.3192 | 2394.2994 | 2394.3173 | 2394.2927 | 2394.3116 | 2394.3162 |   2393.9026 |   2394.3164 |   2394.2667 |   2394.3191 |   2394.3113 |   2394.2984 |   2394.2779 |   2394.3187 |   2394.3008 |   2394.2937 |   2394.3114 |   2394.3029 |   2394.3128 |   2394.3154 |   2393.6409 |   2394.3129 |   2394.3165 |   2394.3157 |   2394.3151 |   2394.3039 |   2394.0027 |   2394.3113 |
|                CPI                |      0.5965 |    0.8090 |    0.5910 |    0.5803 |    0.5939 |    0.5999 |    0.5818 |    0.5912 |    0.5828 |    0.5826 |      0.6004 |      0.5909 |      0.5999 |      0.5863 |      0.5689 |      0.5669 |      0.5660 |      0.5757 |      0.4817 |      0.4860 |      0.4813 |      0.4796 |      0.4730 |      0.4815 |      0.4836 |      0.4788 |      0.4743 |      0.4835 |      0.4745 |      0.4742 |      0.4776 |      0.4816 |
|             Energy [J]            | 323782.2711 |         0 |         0 |         0 |         0 |         0 |         0 |         0 |         0 |         0 |           0 |           0 |           0 |           0 |           0 |           0 |           0 |           0 |           0 |           0 |           0 |           0 |           0 |           0 |           0 |           0 |           0 |           0 |           0 |           0 |           0 |           0 |
|             Power [W]             |    225.8981 |         0 |         0 |         0 |         0 |         0 |         0 |         0 |         0 |         0 |           0 |           0 |           0 |           0 |           0 |           0 |           0 |           0 |           0 |           0 |           0 |           0 |           0 |           0 |           0 |           0 |           0 |           0 |           0 |           0 |           0 |           0 |
|          Energy DRAM [J]          |  30347.1440 |         0 |         0 |         0 |         0 |         0 |         0 |         0 |         0 |         0 |           0 |           0 |           0 |           0 |           0 |           0 |           0 |           0 |           0 |           0 |           0 |           0 |           0 |           0 |           0 |           0 |           0 |           0 |           0 |           0 |           0 |           0 |
|           Power DRAM [W]          |     21.1728 |         0 |         0 |         0 |         0 |         0 |         0 |         0 |         0 |         0 |           0 |           0 |           0 |           0 |           0 |           0 |           0 |           0 |           0 |           0 |           0 |           0 |           0 |           0 |           0 |           0 |           0 |           0 |           0 |           0 |           0 |           0 |
|            DP [MFLOP/s]           |   1702.5666 | 1702.1329 | 1691.0314 | 1702.3039 | 1702.1020 | 1702.1091 | 1690.8875 | 1702.0984 | 1702.2789 | 1702.0972 |   1690.7400 |   1702.1115 |   1702.1020 |   1702.2813 |   1691.0396 |   1702.2813 |   1702.2730 |   1702.0936 |   1690.8827 |   1702.1376 |   1702.1578 |   1702.1055 |   1691.0443 |   1702.1459 |   1701.8265 |   1702.3050 |   1691.0549 |   1702.3038 |   1702.1055 |   1702.2967 |   1690.8249 |   1702.2979 |
|          AVX DP [MFLOP/s]         |    283.2989 |  283.0160 |  286.8085 |  283.0445 |  283.0109 |  283.0121 |  286.7841 |  283.0103 |  283.0403 |  283.0101 |    286.7591 |    283.0125 |    283.0109 |    283.0407 |    286.8099 |    283.0407 |    283.0393 |    283.0095 |    286.7833 |    283.0168 |    283.0202 |    283.0115 |    286.8107 |    283.0182 |    282.9651 |    283.0447 |    286.8125 |    283.0445 |    283.0115 |    283.0433 |    286.7735 |    283.0435 |
|          Packed [MUOPS/s]         |     35.4124 |   35.3770 |   35.8511 |   35.3806 |   35.3764 |   35.3765 |   35.8480 |   35.3763 |   35.3800 |   35.3763 |     35.8449 |     35.3766 |     35.3764 |     35.3801 |     35.8512 |     35.3801 |     35.3799 |     35.3762 |     35.8479 |     35.3771 |     35.3775 |     35.3764 |     35.8513 |     35.3773 |     35.3706 |     35.3806 |     35.8516 |     35.3806 |     35.3764 |     35.3804 |     35.8467 |     35.3804 |
|          Scalar [MUOPS/s]         |   1419.2677 | 1419.1168 | 1404.2229 | 1419.2594 | 1419.0911 | 1419.0970 | 1404.1033 | 1419.0881 | 1419.2386 | 1419.0871 |   1403.9809 |   1419.0990 |   1419.0910 |   1419.2405 |   1404.2297 |   1419.2406 |   1419.2336 |   1419.0841 |   1404.0994 |   1419.1207 |   1419.1376 |   1419.0940 |   1404.2336 |   1419.1277 |   1418.8614 |   1419.2603 |   1404.2424 |   1419.2593 |   1419.0940 |   1419.2534 |   1404.0514 |   1419.2544 |
|  Memory read bandwidth [MBytes/s] |  71958.7667 |         0 |         0 |         0 |         0 |         0 |         0 |         0 |         0 |         0 |           0 |           0 |           0 |           0 |           0 |           0 |           0 |           0 |           0 |           0 |           0 |           0 |           0 |           0 |           0 |           0 |           0 |           0 |           0 |           0 |           0 |           0 |
|  Memory read data volume [GBytes] | 103139.2919 |         0 |         0 |         0 |         0 |         0 |         0 |         0 |         0 |         0 |           0 |           0 |           0 |           0 |           0 |           0 |           0 |           0 |           0 |           0 |           0 |           0 |           0 |           0 |           0 |           0 |           0 |           0 |           0 |           0 |           0 |           0 |
| Memory write bandwidth [MBytes/s] |  35373.2338 |         0 |         0 |         0 |         0 |         0 |         0 |         0 |         0 |         0 |           0 |           0 |           0 |           0 |           0 |           0 |           0 |           0 |           0 |           0 |           0 |           0 |           0 |           0 |           0 |           0 |           0 |           0 |           0 |           0 |           0 |           0 |
| Memory write data volume [GBytes] |  50700.8451 |         0 |         0 |         0 |         0 |         0 |         0 |         0 |         0 |         0 |           0 |           0 |           0 |           0 |           0 |           0 |           0 |           0 |           0 |           0 |           0 |           0 |           0 |           0 |           0 |           0 |           0 |           0 |           0 |           0 |           0 |           0 |
|    Memory bandwidth [MBytes/s]    | 107332.0005 |         0 |         0 |         0 |         0 |         0 |         0 |         0 |         0 |         0 |           0 |           0 |           0 |           0 |           0 |           0 |           0 |           0 |           0 |           0 |           0 |           0 |           0 |           0 |           0 |           0 |           0 |           0 |           0 |           0 |           0 |           0 |
|    Memory data volume [GBytes]    | 153840.1370 |         0 |         0 |         0 |         0 |         0 |         0 |         0 |         0 |         0 |           0 |           0 |           0 |           0 |           0 |           0 |           0 |           0 |           0 |           0 |           0 |           0 |           0 |           0 |           0 |           0 |           0 |           0 |           0 |           0 |           0 |           0 |
|       Operational intensity       |      0.0159 |         0 |         0 |         0 |         0 |         0 |         0 |         0 |         0 |         0 |           0 |           0 |           0 |           0 |           0 |           0 |           0 |           0 |           0 |           0 |           0 |           0 |           0 |           0 |           0 |           0 |           0 |           0 |           0 |           0 |           0 |           0 |
+-----------------------------------+-------------+-----------+-----------+-----------+-----------+-----------+-----------+-----------+-----------+-----------+-------------+-------------+-------------+-------------+-------------+-------------+-------------+-------------+-------------+-------------+-------------+-------------+-------------+-------------+-------------+-------------+-------------+-------------+-------------+-------------+-------------+-------------+

+----------------------------------------+-------------+-----------+-------------+------------+-----------+-----------+-----------+
|                 Metric                 |     Sum     |    Min    |     Max     |     Avg    |  %ile 25  |  %ile 50  |  %ile 75  |
+----------------------------------------+-------------+-----------+-------------+------------+-----------+-----------+-----------+
|        Runtime (RDTSC) [s] STAT        |  45869.5370 | 1433.3110 |   1433.7210 |  1433.4230 | 1433.3260 | 1433.4520 | 1433.4860 |
|        Runtime unhalted [s] STAT       |  45700.8345 | 1427.2282 |   1428.7835 |  1428.1511 | 1427.8701 | 1428.1505 | 1428.4366 |
|            Clock [MHz] STAT            |  76616.4813 | 2393.6409 |   2394.3192 |  2394.2650 | 2394.2984 | 2394.3114 | 2394.3162 |
|                CPI STAT                |     17.4752 |    0.4730 |      0.8090 |     0.5461 |    0.4813 |    0.5669 |    0.5909 |
|             Energy [J] STAT            | 323782.2711 |         0 | 323782.2711 | 10118.1960 |         0 |         0 |         0 |
|             Power [W] STAT             |    225.8981 |         0 |    225.8981 |     7.0593 |         0 |         0 |         0 |
|          Energy DRAM [J] STAT          |  30347.1440 |         0 |  30347.1440 |   948.3483 |         0 |         0 |         0 |
|           Power DRAM [W] STAT          |     21.1728 |         0 |     21.1728 |     0.6616 |         0 |         0 |         0 |
|            DP [MFLOP/s] STAT           |  54380.0192 | 1690.7400 |   1702.5666 |  1699.3756 | 1691.0549 | 1702.1055 | 1702.2789 |
|          AVX DP [MFLOP/s] STAT         |   9087.1576 |  282.9651 |    286.8125 |   283.9737 |  283.0115 |  283.0403 |  283.2989 |
|          Packed [MUOPS/s] STAT         |   1135.8948 |   35.3706 |     35.8516 |    35.4967 |   35.3764 |   35.3800 |   35.4124 |
|          Scalar [MUOPS/s] STAT         |  45292.8610 | 1403.9809 |   1419.2677 |  1415.4019 | 1404.2424 | 1419.0940 | 1419.2386 |
|  Memory read bandwidth [MBytes/s] STAT |  71958.7667 |         0 |  71958.7667 |  2248.7115 |         0 |         0 |         0 |
|  Memory read data volume [GBytes] STAT | 103139.2919 |         0 | 103139.2919 |  3223.1029 |         0 |         0 |         0 |
| Memory write bandwidth [MBytes/s] STAT |  35373.2338 |         0 |  35373.2338 |  1105.4136 |         0 |         0 |         0 |
| Memory write data volume [GBytes] STAT |  50700.8451 |         0 |  50700.8451 |  1584.4014 |         0 |         0 |         0 |
|    Memory bandwidth [MBytes/s] STAT    | 107332.0005 |         0 | 107332.0005 |  3354.1250 |         0 |         0 |         0 |
|    Memory data volume [GBytes] STAT    | 153840.1370 |         0 | 153840.1370 |  4807.5043 |         0 |         0 |         0 |
|       Operational intensity STAT       |      0.0159 |         0 |      0.0159 |     0.0005 |         0 |         0 |         0 |
+----------------------------------------+-------------+-----------+-------------+------------+-----------+-----------+-----------+

