WARN: Cannot extract OpenMP vendor from executable or commandline, assuming no OpenMP
 nx_glob, nz_glob:                  3000                  1250
 dx,dz:    8.00000000000000        8.00000000000000     
 dt:   2.666666666666666E-002
Group: 1
+------------------------------------------+---------+----------------+----------------+----------------+----------------+----------------+----------------+----------------+----------------+----------------+----------------+----------------+----------------+----------------+----------------+----------------+----------------+----------------+----------------+----------------+----------------+----------------+----------------+----------------+
|                   Event                  | Counter |    f0608:0:0   |    f0608:1:1   |    f0608:2:2   |    f0608:3:3   |    f0608:4:4   |    f0608:5:5   |    f0608:6:6   |    f0608:7:7   |    f0608:8:8   |    f0608:9:9   |   f0608:10:10  |   f0608:11:11  |   f0608:12:12  |   f0608:13:13  |   f0608:14:14  |   f0608:15:15  |   f0608:16:16  |   f0608:17:17  |   f0608:18:18  |   f0608:19:19  |   f0608:20:20  |   f0608:21:21  |   f0608:22:22  |
+------------------------------------------+---------+----------------+----------------+----------------+----------------+----------------+----------------+----------------+----------------+----------------+----------------+----------------+----------------+----------------+----------------+----------------+----------------+----------------+----------------+----------------+----------------+----------------+----------------+----------------+
|             INSTR_RETIRED_ANY            |  FIXC0  |  5948182410501 |  5815065831498 |  6242612630677 |  5818559316474 |  6665879680527 |  7898339899642 |  8478052457585 |  6496569694240 |  5834136849554 |  5785324300489 |  5862131523770 |  5986032075769 |  5985041638128 |  5932989384334 |  5812227849566 |  6014530759388 |  6060002193429 |  5818265305163 | 11229378138979 | 11260568072161 | 11469321547021 | 11340029657303 | 11331802137764 |
|           CPU_CLK_UNHALTED_CORE          |  FIXC1  |  4997704091492 |  5000826864168 |  5001028749812 |  5000195506755 |  4998187032214 |  5000026148821 |  4998991817918 |  4999263755059 |  4999181208092 |  4999022668848 |  5000234724097 |  4999129196537 |  4997823993030 |  4998349410349 |  4999914830290 |  5000232430816 |  5001325434556 |  5001254785959 |  5005402843771 |  5004465168616 |  5005473712335 |  5005214787933 |  5003990985130 |
|           CPU_CLK_UNHALTED_REF           |  FIXC2  |  4997704297536 |  5000825765280 |  5001026870688 |  5000195231808 |  4998186990048 |  5000025641376 |  4998990277056 |  4999264024320 |  4999178698560 |  4999020460704 |  5000235477312 |  4999129081824 |  4997825446656 |  4998349813536 |  4999914038496 |  5000234720832 |  5001331381440 |  5001257894496 |  5005399755840 |  5004467353440 |  5005474888800 |  5005208051328 |  5003993173152 |
|               TOPDOWN_SLOTS              |  FIXC3  | 24988520457460 | 25004134320840 | 25005143749060 | 25000977533775 | 24990935161070 | 25000130744105 | 24994959089590 | 24996318775295 | 24995906040460 | 24995113344240 | 25001173620485 | 24995645982685 | 24989119965150 | 24991747051745 | 24999574151450 | 25001162154080 | 25006627172780 | 25006273929795 | 25027014218855 | 25022325843080 | 25027368561675 | 25026073939665 | 25019954925650 |
|              PWR_PKG_ENERGY              |   PWR0  |    380328.2079 |              0 |              0 |              0 |              0 |              0 |              0 |              0 |              0 |              0 |              0 |              0 |              0 |              0 |              0 |              0 |              0 |              0 |              0 |              0 |              0 |              0 |              0 |
|              PWR_DRAM_ENERGY             |   PWR3  |     35288.1313 |              0 |              0 |              0 |              0 |              0 |              0 |              0 |              0 |              0 |              0 |              0 |              0 |              0 |              0 |              0 |              0 |              0 |              0 |              0 |              0 |              0 |              0 |
| FP_ARITH_INST_RETIRED_128B_PACKED_DOUBLE |   PMC0  |              0 |              0 |              0 |              0 |              0 |              0 |              0 |              0 |              0 |              0 |              0 |              0 |              0 |              0 |              0 |              0 |              0 |              0 |              0 |              0 |              0 |              0 |              0 |
|    FP_ARITH_INST_RETIRED_SCALAR_DOUBLE   |   PMC1  |  2809219877675 |  2830746134223 |  2809219259715 |  2830746125163 |  2809219240337 |  2830746131663 |  2809219265451 |  2809219244443 |  2830746119439 |  2809219235613 |  2830746107267 |  2809219221999 |  2830746098739 |  2809219224599 |  2830746175847 |  2809219225357 |  2809219223621 |  2830746107237 |  2809219226731 |  2830746100721 |  2809219201999 |  2830746103561 |  2809219198909 |
| FP_ARITH_INST_RETIRED_256B_PACKED_DOUBLE |   PMC2  |              0 |              0 |              0 |              0 |              0 |              0 |              0 |              0 |              0 |              0 |              0 |              0 |              0 |              0 |              0 |              0 |              0 |              0 |              0 |              0 |              0 |              0 |              0 |
| FP_ARITH_INST_RETIRED_512B_PACKED_DOUBLE |   PMC3  |    62316812013 |    64338729372 |    62271517500 |    64338729372 |    62271517500 |    64338729372 |    62271517500 |    62271517500 |    64338729372 |    62271517500 |    64338729372 |    62271517500 |    64338729372 |    62271517500 |    64338729372 |    62271517500 |    62271517500 |    64338729372 |    62271517500 |    64338729372 |    62271517500 |    64338729372 |    62271517500 |
|               CAS_COUNT_RD               | MBOX0C0 |   301764184974 |              0 |              0 |              0 |              0 |              0 |              0 |              0 |              0 |              0 |              0 |              0 |              0 |              0 |              0 |              0 |              0 |              0 |              0 |              0 |              0 |              0 |              0 |
|               CAS_COUNT_WR               | MBOX0C1 |   153683199079 |              0 |              0 |              0 |              0 |              0 |              0 |              0 |              0 |              0 |              0 |              0 |              0 |              0 |              0 |              0 |              0 |              0 |              0 |              0 |              0 |              0 |              0 |
|               CAS_COUNT_RD               | MBOX1C0 |   301632923528 |              0 |              0 |              0 |              0 |              0 |              0 |              0 |              0 |              0 |              0 |              0 |              0 |              0 |              0 |              0 |              0 |              0 |              0 |              0 |              0 |              0 |              0 |
|               CAS_COUNT_WR               | MBOX1C1 |   153684235586 |              0 |              0 |              0 |              0 |              0 |              0 |              0 |              0 |              0 |              0 |              0 |              0 |              0 |              0 |              0 |              0 |              0 |              0 |              0 |              0 |              0 |              0 |
|               CAS_COUNT_RD               | MBOX2C0 |   301849568313 |              0 |              0 |              0 |              0 |              0 |              0 |              0 |              0 |              0 |              0 |              0 |              0 |              0 |              0 |              0 |              0 |              0 |              0 |              0 |              0 |              0 |              0 |
|               CAS_COUNT_WR               | MBOX2C1 |   153684638786 |              0 |              0 |              0 |              0 |              0 |              0 |              0 |              0 |              0 |              0 |              0 |              0 |              0 |              0 |              0 |              0 |              0 |              0 |              0 |              0 |              0 |              0 |
|               CAS_COUNT_RD               | MBOX3C0 |   301686369608 |              0 |              0 |              0 |              0 |              0 |              0 |              0 |              0 |              0 |              0 |              0 |              0 |              0 |              0 |              0 |              0 |              0 |              0 |              0 |              0 |              0 |              0 |
|               CAS_COUNT_WR               | MBOX3C1 |   153696352793 |              0 |              0 |              0 |              0 |              0 |              0 |              0 |              0 |              0 |              0 |              0 |              0 |              0 |              0 |              0 |              0 |              0 |              0 |              0 |              0 |              0 |              0 |
|               CAS_COUNT_RD               | MBOX4C0 |    77107807302 |              0 |              0 |              0 |              0 |              0 |              0 |              0 |              0 |              0 |              0 |              0 |              0 |              0 |              0 |              0 |              0 |              0 |              0 |              0 |              0 |              0 |              0 |
|               CAS_COUNT_WR               | MBOX4C1 |    40889552248 |              0 |              0 |              0 |              0 |              0 |              0 |              0 |              0 |              0 |              0 |              0 |              0 |              0 |              0 |              0 |              0 |              0 |              0 |              0 |              0 |              0 |              0 |
|               CAS_COUNT_RD               | MBOX5C0 |    76884891994 |              0 |              0 |              0 |              0 |              0 |              0 |              0 |              0 |              0 |              0 |              0 |              0 |              0 |              0 |              0 |              0 |              0 |              0 |              0 |              0 |              0 |              0 |
|               CAS_COUNT_WR               | MBOX5C1 |    40885906531 |              0 |              0 |              0 |              0 |              0 |              0 |              0 |              0 |              0 |              0 |              0 |              0 |              0 |              0 |              0 |              0 |              0 |              0 |              0 |              0 |              0 |              0 |
|               CAS_COUNT_RD               | MBOX6C0 |    76959803709 |              0 |              0 |              0 |              0 |              0 |              0 |              0 |              0 |              0 |              0 |              0 |              0 |              0 |              0 |              0 |              0 |              0 |              0 |              0 |              0 |              0 |              0 |
|               CAS_COUNT_WR               | MBOX6C1 |    40885231743 |              0 |              0 |              0 |              0 |              0 |              0 |              0 |              0 |              0 |              0 |              0 |              0 |              0 |              0 |              0 |              0 |              0 |              0 |              0 |              0 |              0 |              0 |
|               CAS_COUNT_RD               | MBOX7C0 |    77030629407 |              0 |              0 |              0 |              0 |              0 |              0 |              0 |              0 |              0 |              0 |              0 |              0 |              0 |              0 |              0 |              0 |              0 |              0 |              0 |              0 |              0 |              0 |
|               CAS_COUNT_WR               | MBOX7C1 |    40877975132 |              0 |              0 |              0 |              0 |              0 |              0 |              0 |              0 |              0 |              0 |              0 |              0 |              0 |              0 |              0 |              0 |              0 |              0 |              0 |              0 |              0 |              0 |
+------------------------------------------+---------+----------------+----------------+----------------+----------------+----------------+----------------+----------------+----------------+----------------+----------------+----------------+----------------+----------------+----------------+----------------+----------------+----------------+----------------+----------------+----------------+----------------+----------------+----------------+

+-----------------------------------------------+---------+-----------------+----------------+----------------+--------------+
|                     Event                     | Counter |       Sum       |       Min      |       Max      |      Avg     |
+-----------------------------------------------+---------+-----------------+----------------+----------------+--------------+
|             INSTR_RETIRED_ANY STAT            |  FIXC0  | 169085043353962 |  5785324300489 | 11469321547021 | 7.351524e+12 |
|           CPU_CLK_UNHALTED_CORE STAT          |  FIXC1  | 115017240146598 |  4997704091492 |  5005473712335 | 5.000750e+12 |
|           CPU_CLK_UNHALTED_REF STAT           |  FIXC2  | 115017239334528 |  4997704297536 |  5005474888800 | 5.000750e+12 |
|               TOPDOWN_SLOTS STAT              |  FIXC3  | 575086200732990 | 24988520457460 | 25027368561675 |      nil     |
|              PWR_PKG_ENERGY STAT              |   PWR0  |     380328.2079 |              0 |    380328.2079 |   16536.0090 |
|              PWR_DRAM_ENERGY STAT             |   PWR3  |      35288.1313 |              0 |     35288.1313 |    1534.2666 |
| FP_ARITH_INST_RETIRED_128B_PACKED_DOUBLE STAT |   PMC0  |               0 |              0 |              0 |            0 |
|    FP_ARITH_INST_RETIRED_SCALAR_DOUBLE STAT   |   PMC1  |  64827311850309 |  2809219198909 |  2830746175847 | 2.818579e+12 |
| FP_ARITH_INST_RETIRED_256B_PACKED_DOUBLE STAT |   PMC2  |               0 |              0 |              0 |            0 |
| FP_ARITH_INST_RETIRED_512B_PACKED_DOUBLE STAT |   PMC3  |   1452962315733 |    62271517500 |    64338729372 | 6.317227e+10 |
|               CAS_COUNT_RD STAT               | MBOX0C0 |    301764184974 |              0 |   301764184974 | 1.312018e+10 |
|               CAS_COUNT_WR STAT               | MBOX0C1 |    153683199079 |              0 |   153683199079 | 6.681878e+09 |
|               CAS_COUNT_RD STAT               | MBOX1C0 |    301632923528 |              0 |   301632923528 |  13114474936 |
|               CAS_COUNT_WR STAT               | MBOX1C1 |    153684235586 |              0 |   153684235586 | 6.681923e+09 |
|               CAS_COUNT_RD STAT               | MBOX2C0 |    301849568313 |              0 |   301849568313 | 1.312389e+10 |
|               CAS_COUNT_WR STAT               | MBOX2C1 |    153684638786 |              0 |   153684638786 | 6.681941e+09 |
|               CAS_COUNT_RD STAT               | MBOX3C0 |    301686369608 |              0 |   301686369608 | 1.311680e+10 |
|               CAS_COUNT_WR STAT               | MBOX3C1 |    153696352793 |              0 |   153696352793 | 6.682450e+09 |
|               CAS_COUNT_RD STAT               | MBOX4C0 |     77107807302 |              0 |    77107807302 | 3.352513e+09 |
|               CAS_COUNT_WR STAT               | MBOX4C1 |     40889552248 |              0 |    40889552248 | 1.777807e+09 |
|               CAS_COUNT_RD STAT               | MBOX5C0 |     76884891994 |              0 |    76884891994 | 3.342821e+09 |
|               CAS_COUNT_WR STAT               | MBOX5C1 |     40885906531 |              0 |    40885906531 | 1.777648e+09 |
|               CAS_COUNT_RD STAT               | MBOX6C0 |     76959803709 |              0 |    76959803709 | 3.346078e+09 |
|               CAS_COUNT_WR STAT               | MBOX6C1 |     40885231743 |              0 |    40885231743 | 1.777619e+09 |
|               CAS_COUNT_RD STAT               | MBOX7C0 |     77030629407 |              0 |    77030629407 | 3.349158e+09 |
|               CAS_COUNT_WR STAT               | MBOX7C1 |     40877975132 |              0 |    40877975132 | 1.777303e+09 |
+-----------------------------------------------+---------+-----------------+----------------+----------------+--------------+

+-----------------------------------+-------------+-----------+-----------+-----------+-----------+-----------+-----------+-----------+-----------+-----------+-------------+-------------+-------------+-------------+-------------+-------------+-------------+-------------+-------------+-------------+-------------+-------------+-------------+
|               Metric              |  f0608:0:0  | f0608:1:1 | f0608:2:2 | f0608:3:3 | f0608:4:4 | f0608:5:5 | f0608:6:6 | f0608:7:7 | f0608:8:8 | f0608:9:9 | f0608:10:10 | f0608:11:11 | f0608:12:12 | f0608:13:13 | f0608:14:14 | f0608:15:15 | f0608:16:16 | f0608:17:17 | f0608:18:18 | f0608:19:19 | f0608:20:20 | f0608:21:21 | f0608:22:22 |
+-----------------------------------+-------------+-----------+-----------+-----------+-----------+-----------+-----------+-----------+-----------+-----------+-------------+-------------+-------------+-------------+-------------+-------------+-------------+-------------+-------------+-------------+-------------+-------------+-------------+
|        Runtime (RDTSC) [s]        |   2096.3370 | 2096.0910 | 2096.1530 | 2096.2850 | 2096.1360 | 2096.3200 | 2096.0790 | 2096.0700 | 2096.1210 | 2096.0750 |   2096.0670 |   2096.1200 |   2096.0770 |   2096.3350 |   2096.0880 |   2096.0840 |   2096.1090 |   2096.1550 |   2096.0630 |   2096.0630 |   2096.1330 |   2096.0600 |   2096.2140 |
|        Runtime unhalted [s]       |   2087.5764 | 2088.6226 | 2088.7107 | 2088.5349 | 2087.5264 | 2088.5248 | 2087.8648 | 2087.9781 | 2087.9728 | 2087.8705 |   2088.3757 |   2087.9399 |   2087.3726 |   2087.8354 |   2088.2459 |   2088.3791 |   2088.8327 |   2088.8102 |   2090.5361 |   2090.1458 |   2090.5633 |   2090.4574 |   2090.0800 |
|            Clock [MHz]            |   2394.0220 | 2394.3186 | 2394.3146 | 2394.1164 | 2394.3109 | 2394.0471 | 2394.3089 | 2394.3084 | 2394.2763 | 2394.3175 |   2394.3173 |   2394.2879 |   2394.3126 |   2394.0341 |   2394.3136 |   2394.3115 |   2394.3131 |   2394.3065 |   2394.3169 |   2394.3129 |   2394.3176 |   2394.3189 |   2394.1613 |
|                CPI                |      0.8402 |    0.8600 |    0.8011 |    0.8594 |    0.7498 |    0.6330 |    0.5896 |    0.7695 |    0.8569 |    0.8641 |      0.8530 |      0.8351 |      0.8351 |      0.8425 |      0.8602 |      0.8314 |      0.8253 |      0.8596 |      0.4457 |      0.4444 |      0.4364 |      0.4414 |      0.4416 |
|             Energy [J]            | 380328.2079 |         0 |         0 |         0 |         0 |         0 |         0 |         0 |         0 |         0 |           0 |           0 |           0 |           0 |           0 |           0 |           0 |           0 |           0 |           0 |           0 |           0 |           0 |
|             Power [W]             |    181.4251 |         0 |         0 |         0 |         0 |         0 |         0 |         0 |         0 |         0 |           0 |           0 |           0 |           0 |           0 |           0 |           0 |           0 |           0 |           0 |           0 |           0 |           0 |
|          Energy DRAM [J]          |  35288.1313 |         0 |         0 |         0 |         0 |         0 |         0 |         0 |         0 |         0 |           0 |           0 |           0 |           0 |           0 |           0 |           0 |           0 |           0 |           0 |           0 |           0 |           0 |
|           Power DRAM [W]          |     16.8332 |         0 |         0 |         0 |         0 |         0 |         0 |         0 |         0 |         0 |           0 |           0 |           0 |           0 |           0 |           0 |           0 |           0 |           0 |           0 |           0 |           0 |           0 |
|            DP [MFLOP/s]           |   1577.8734 | 1596.0452 | 1577.8387 | 1595.8975 | 1577.8515 | 1595.8708 | 1577.8944 | 1577.9012 | 1596.0223 | 1577.8974 |   1596.0635 |   1577.8636 |   1596.0558 |   1577.7017 |   1596.0475 |   1577.8907 |   1577.8718 |   1595.9965 |   1577.9065 |   1596.0665 |   1577.8538 |   1596.0688 |   1577.7928 |
|          AVX DP [MFLOP/s]         |    237.8122 |  245.5570 |  237.6602 |  245.5343 |  237.6621 |  245.5302 |  237.6686 |  237.6696 |  245.5535 |  237.6690 |    245.5598 |    237.6639 |    245.5586 |    237.6396 |    245.5574 |    237.6680 |    237.6652 |    245.5495 |    237.6704 |    245.5603 |    237.6625 |    245.5606 |    237.6533 |
|          Packed [MUOPS/s]         |     29.7265 |   30.6946 |   29.7075 |   30.6918 |   29.7078 |   30.6913 |   29.7086 |   29.7087 |   30.6942 |   29.7086 |     30.6950 |     29.7080 |     30.6948 |     29.7049 |     30.6947 |     29.7085 |     29.7081 |     30.6937 |     29.7088 |     30.6950 |     29.7078 |     30.6951 |     29.7067 |
|          Scalar [MUOPS/s]         |   1340.0612 | 1350.4882 | 1340.1785 | 1350.3632 | 1340.1894 | 1350.3407 | 1340.2259 | 1340.2316 | 1350.4689 | 1340.2284 |   1350.5036 |   1340.1996 |   1350.4972 |   1340.0622 |   1350.4901 |   1340.2226 |   1340.2067 |   1350.4469 |   1340.2361 |   1350.5062 |   1340.1913 |   1350.5081 |   1340.1395 |
|  Memory read bandwidth [MBytes/s] |  46249.5464 |         0 |         0 |         0 |         0 |         0 |         0 |         0 |         0 |         0 |           0 |           0 |           0 |           0 |           0 |           0 |           0 |           0 |           0 |           0 |           0 |           0 |           0 |
|  Memory read data volume [GBytes] |  96954.6354 |         0 |         0 |         0 |         0 |         0 |         0 |         0 |         0 |         0 |           0 |           0 |           0 |           0 |           0 |           0 |           0 |           0 |           0 |           0 |           0 |           0 |           0 |
| Memory write bandwidth [MBytes/s] |  23760.6711 |         0 |         0 |         0 |         0 |         0 |         0 |         0 |         0 |         0 |           0 |           0 |           0 |           0 |           0 |           0 |           0 |           0 |           0 |           0 |           0 |           0 |           0 |
| Memory write data volume [GBytes] |  49810.3739 |         0 |         0 |         0 |         0 |         0 |         0 |         0 |         0 |         0 |           0 |           0 |           0 |           0 |           0 |           0 |           0 |           0 |           0 |           0 |           0 |           0 |           0 |
|    Memory bandwidth [MBytes/s]    |  70010.2175 |         0 |         0 |         0 |         0 |         0 |         0 |         0 |         0 |         0 |           0 |           0 |           0 |           0 |           0 |           0 |           0 |           0 |           0 |           0 |           0 |           0 |           0 |
|    Memory data volume [GBytes]    | 146765.0093 |         0 |         0 |         0 |         0 |         0 |         0 |         0 |         0 |         0 |           0 |           0 |           0 |           0 |           0 |           0 |           0 |           0 |           0 |           0 |           0 |           0 |           0 |
|       Operational intensity       |      0.0225 |         0 |         0 |         0 |         0 |         0 |         0 |         0 |         0 |         0 |           0 |           0 |           0 |           0 |           0 |           0 |           0 |           0 |           0 |           0 |           0 |           0 |           0 |
+-----------------------------------+-------------+-----------+-----------+-----------+-----------+-----------+-----------+-----------+-----------+-----------+-------------+-------------+-------------+-------------+-------------+-------------+-------------+-------------+-------------+-------------+-------------+-------------+-------------+

+----------------------------------------+-------------+-----------+-------------+------------+-----------+-----------+-----------+
|                 Metric                 |     Sum     |    Min    |     Max     |     Avg    |  %ile 25  |  %ile 50  |  %ile 75  |
+----------------------------------------+-------------+-----------+-------------+------------+-----------+-----------+-----------+
|        Runtime (RDTSC) [s] STAT        |  48211.2350 | 2096.0600 |   2096.3370 |  2096.1407 | 2096.0750 | 2096.1090 | 2096.1530 |
|        Runtime unhalted [s] STAT       |  48038.7561 | 2087.3726 |   2090.5633 |  2088.6416 | 2087.8705 | 2088.3791 | 2088.8102 |
|            Clock [MHz] STAT            |  55067.9649 | 2394.0220 |   2394.3189 |  2394.2593 | 2394.2763 | 2394.3115 | 2394.3146 |
|                CPI STAT                |     16.7753 |    0.4364 |      0.8641 |     0.7294 |    0.5896 |    0.8314 |    0.8530 |
|             Energy [J] STAT            | 380328.2079 |         0 | 380328.2079 | 16536.0090 |         0 |         0 |         0 |
|             Power [W] STAT             |    181.4251 |         0 |    181.4251 |     7.8880 |         0 |         0 |         0 |
|          Energy DRAM [J] STAT          |  35288.1313 |         0 |  35288.1313 |  1534.2666 |         0 |         0 |         0 |
|           Power DRAM [W] STAT          |     16.8332 |         0 |     16.8332 |     0.7319 |         0 |         0 |         0 |
|            DP [MFLOP/s] STAT           |  36472.2719 | 1577.7017 |   1596.0688 |  1585.7510 | 1577.8636 | 1577.9012 | 1596.0223 |
|          AVX DP [MFLOP/s] STAT         |   5545.2858 |  237.6396 |    245.5606 |   241.0994 |  237.6639 |  237.6704 |  245.5535 |
|          Packed [MUOPS/s] STAT         |    693.1607 |   29.7049 |     30.6951 |    30.1374 |   29.7080 |   29.7088 |   30.6942 |
|          Scalar [MUOPS/s] STAT         |  30926.9861 | 1340.0612 |   1350.5081 |  1344.6516 | 1340.1913 | 1340.2316 | 1350.4689 |
|  Memory read bandwidth [MBytes/s] STAT |  46249.5464 |         0 |  46249.5464 |  2010.8498 |         0 |         0 |         0 |
|  Memory read data volume [GBytes] STAT |  96954.6354 |         0 |  96954.6354 |  4215.4189 |         0 |         0 |         0 |
| Memory write bandwidth [MBytes/s] STAT |  23760.6711 |         0 |  23760.6711 |  1033.0727 |         0 |         0 |         0 |
| Memory write data volume [GBytes] STAT |  49810.3739 |         0 |  49810.3739 |  2165.6684 |         0 |         0 |         0 |
|    Memory bandwidth [MBytes/s] STAT    |  70010.2175 |         0 |  70010.2175 |  3043.9225 |         0 |         0 |         0 |
|    Memory data volume [GBytes] STAT    | 146765.0093 |         0 | 146765.0093 |  6381.0874 |         0 |         0 |         0 |
|       Operational intensity STAT       |      0.0225 |         0 |      0.0225 |     0.0010 |         0 |         0 |         0 |
+----------------------------------------+-------------+-----------+-------------+------------+-----------+-----------+-----------+

