WARN: Cannot extract OpenMP vendor from executable or commandline, assuming no OpenMP
 nx_glob, nz_glob:                  3000                  1250
 dx,dz:    8.00000000000000        8.00000000000000     
 dt:   2.666666666666666E-002
Group: 1
+------------------------------------------+---------+----------------+----------------+----------------+----------------+----------------+----------------+----------------+----------------+----------------+----------------+----------------+----------------+----------------+----------------+----------------+----------------+
|                   Event                  | Counter |    f0608:0:0   |    f0608:1:1   |    f0608:2:2   |    f0608:3:3   |    f0608:4:4   |    f0608:5:5   |    f0608:6:6   |    f0608:7:7   |    f0608:8:8   |    f0608:9:9   |   f0608:10:10  |   f0608:11:11  |   f0608:12:12  |   f0608:13:13  |   f0608:14:14  |   f0608:15:15  |
+------------------------------------------+---------+----------------+----------------+----------------+----------------+----------------+----------------+----------------+----------------+----------------+----------------+----------------+----------------+----------------+----------------+----------------+----------------+
|             INSTR_RETIRED_ANY            |  FIXC0  |  8405325253071 |  8217355262196 |  9002177552698 |  8499460565495 |  8442163091452 |  8222356136540 |  8850858024915 |  8220276676907 |  9138421871329 |  9625657774986 |  8983984749140 |  8283804386866 |  8386524668562 |  8224089402430 |  8442973354527 |  8241757679867 |
|           CPU_CLK_UNHALTED_CORE          |  FIXC1  |  6825566493768 |  6825645785553 |  6825836218927 |  6825978125679 |  6825988078471 |  6826158172044 |  6825820036469 |  6826355628558 |  6827213522485 |  6827059313996 |  6826693032247 |  6827232499205 |  6826878727974 |  6825614082585 |  6827134978549 |  6827377544686 |
|           CPU_CLK_UNHALTED_REF           |  FIXC2  |  6825567328320 |  6825646462752 |  6825834508800 |  6825980079360 |  6825987080256 |  6826158256896 |  6825821500608 |  6826358148384 |  6827211891168 |  6827058430464 |  6826693485504 |  6827232280992 |  6826883355936 |  6825614911008 |  6827132550336 |  6827380384032 |
|               TOPDOWN_SLOTS              |  FIXC3  | 34127832468840 | 34128228927765 | 34129181094635 | 34129890628395 | 34129940392355 | 34130790860220 | 34129100182345 | 34131778142790 | 34136067612425 | 34135296569980 | 34133465161235 | 34136162496025 | 34134393639870 | 34128070412925 | 34135674892745 | 34136887723430 |
|              PWR_PKG_ENERGY              |   PWR0  |    441482.3942 |              0 |              0 |              0 |              0 |              0 |              0 |              0 |              0 |              0 |              0 |              0 |              0 |              0 |              0 |              0 |
|              PWR_DRAM_ENERGY             |   PWR3  |     40174.5792 |              0 |              0 |              0 |              0 |              0 |              0 |              0 |              0 |              0 |              0 |              0 |              0 |              0 |              0 |              0 |
| FP_ARITH_INST_RETIRED_128B_PACKED_DOUBLE |   PMC0  |              0 |              0 |              0 |              0 |              0 |              0 |              0 |              0 |              0 |              0 |              0 |              0 |              0 |              0 |              0 |              0 |
|    FP_ARITH_INST_RETIRED_SCALAR_DOUBLE   |   PMC1  |  4057779123568 |  4036251625373 |  4057778487589 |  4036251615051 |  4057778502569 |  4036251608955 |  4057778501643 |  4036251610667 |  4057778481927 |  4036251597209 |  4057778486815 |  4036251600053 |  4057778505297 |  4036251600283 |  4057778479389 |  4036251589483 |
| FP_ARITH_INST_RETIRED_256B_PACKED_DOUBLE |   PMC2  |              0 |              0 |              0 |              0 |              0 |              0 |              0 |              0 |              0 |              0 |              0 |              0 |              0 |              0 |              0 |              0 |
| FP_ARITH_INST_RETIRED_512B_PACKED_DOUBLE |   PMC3  |    83749014513 |    85095901872 |    83703720000 |    85095901872 |    83703720000 |    85095901872 |    83703720000 |    85095901872 |    83703720000 |    85095901872 |    83703720000 |    85095901872 |    83703720000 |    85095901872 |    83703720000 |    85095901872 |
|               CAS_COUNT_RD               | MBOX0C0 |   377276132982 |              0 |              0 |              0 |              0 |              0 |              0 |              0 |              0 |              0 |              0 |              0 |              0 |              0 |              0 |              0 |
|               CAS_COUNT_WR               | MBOX0C1 |   193877271325 |              0 |              0 |              0 |              0 |              0 |              0 |              0 |              0 |              0 |              0 |              0 |              0 |              0 |              0 |              0 |
|               CAS_COUNT_RD               | MBOX1C0 |   377195771833 |              0 |              0 |              0 |              0 |              0 |              0 |              0 |              0 |              0 |              0 |              0 |              0 |              0 |              0 |              0 |
|               CAS_COUNT_WR               | MBOX1C1 |   193868334706 |              0 |              0 |              0 |              0 |              0 |              0 |              0 |              0 |              0 |              0 |              0 |              0 |              0 |              0 |              0 |
|               CAS_COUNT_RD               | MBOX2C0 |   377296344203 |              0 |              0 |              0 |              0 |              0 |              0 |              0 |              0 |              0 |              0 |              0 |              0 |              0 |              0 |              0 |
|               CAS_COUNT_WR               | MBOX2C1 |   193883591578 |              0 |              0 |              0 |              0 |              0 |              0 |              0 |              0 |              0 |              0 |              0 |              0 |              0 |              0 |              0 |
|               CAS_COUNT_RD               | MBOX3C0 |   377314557329 |              0 |              0 |              0 |              0 |              0 |              0 |              0 |              0 |              0 |              0 |              0 |              0 |              0 |              0 |              0 |
|               CAS_COUNT_WR               | MBOX3C1 |   193892472904 |              0 |              0 |              0 |              0 |              0 |              0 |              0 |              0 |              0 |              0 |              0 |              0 |              0 |              0 |              0 |
|               CAS_COUNT_RD               | MBOX4C0 |       12463833 |              0 |              0 |              0 |              0 |              0 |              0 |              0 |              0 |              0 |              0 |              0 |              0 |              0 |              0 |              0 |
|               CAS_COUNT_WR               | MBOX4C1 |       13584868 |              0 |              0 |              0 |              0 |              0 |              0 |              0 |              0 |              0 |              0 |              0 |              0 |              0 |              0 |              0 |
|               CAS_COUNT_RD               | MBOX5C0 |       12471866 |              0 |              0 |              0 |              0 |              0 |              0 |              0 |              0 |              0 |              0 |              0 |              0 |              0 |              0 |              0 |
|               CAS_COUNT_WR               | MBOX5C1 |       13459865 |              0 |              0 |              0 |              0 |              0 |              0 |              0 |              0 |              0 |              0 |              0 |              0 |              0 |              0 |              0 |
|               CAS_COUNT_RD               | MBOX6C0 |       12626516 |              0 |              0 |              0 |              0 |              0 |              0 |              0 |              0 |              0 |              0 |              0 |              0 |              0 |              0 |              0 |
|               CAS_COUNT_WR               | MBOX6C1 |       13796410 |              0 |              0 |              0 |              0 |              0 |              0 |              0 |              0 |              0 |              0 |              0 |              0 |              0 |              0 |              0 |
|               CAS_COUNT_RD               | MBOX7C0 |       12393010 |              0 |              0 |              0 |              0 |              0 |              0 |              0 |              0 |              0 |              0 |              0 |              0 |              0 |              0 |              0 |
|               CAS_COUNT_WR               | MBOX7C1 |       13573335 |              0 |              0 |              0 |              0 |              0 |              0 |              0 |              0 |              0 |              0 |              0 |              0 |              0 |              0 |              0 |
+------------------------------------------+---------+----------------+----------------+----------------+----------------+----------------+----------------+----------------+----------------+----------------+----------------+----------------+----------------+----------------+----------------+----------------+----------------+

+-----------------------------------------------+---------+-----------------+----------------+----------------+---------------+
|                     Event                     | Counter |       Sum       |       Min      |       Max      |      Avg      |
+-----------------------------------------------+---------+-----------------+----------------+----------------+---------------+
|             INSTR_RETIRED_ANY STAT            |  FIXC0  | 137187186450981 |  8217355262196 |  9625657774986 |  8.574199e+12 |
|           CPU_CLK_UNHALTED_CORE STAT          |  FIXC1  | 109222552241196 |  6825566493768 |  6827377544686 |  6.826410e+12 |
|           CPU_CLK_UNHALTED_REF STAT           |  FIXC2  | 109222560654816 |  6825567328320 |  6827380384032 | 6826410040926 |
|               TOPDOWN_SLOTS STAT              |  FIXC3  | 546112761205980 | 34127832468840 | 34136887723430 |      nil      |
|              PWR_PKG_ENERGY STAT              |   PWR0  |     441482.3942 |              0 |    441482.3942 |    27592.6496 |
|              PWR_DRAM_ENERGY STAT             |   PWR3  |      40174.5792 |              0 |     40174.5792 |     2510.9112 |
| FP_ARITH_INST_RETIRED_128B_PACKED_DOUBLE STAT |   PMC0  |               0 |              0 |              0 |             0 |
|    FP_ARITH_INST_RETIRED_SCALAR_DOUBLE STAT   |   PMC1  |  64752241415871 |  4036251589483 |  4057779123568 |  4.047015e+12 |
| FP_ARITH_INST_RETIRED_256B_PACKED_DOUBLE STAT |   PMC2  |               0 |              0 |              0 |             0 |
| FP_ARITH_INST_RETIRED_512B_PACKED_DOUBLE STAT |   PMC3  |   1350442269489 |    83703720000 |    85095901872 |  8.440264e+10 |
|               CAS_COUNT_RD STAT               | MBOX0C0 |    377276132982 |              0 |   377276132982 |  2.357976e+10 |
|               CAS_COUNT_WR STAT               | MBOX0C1 |    193877271325 |              0 |   193877271325 |  1.211733e+10 |
|               CAS_COUNT_RD STAT               | MBOX1C0 |    377195771833 |              0 |   377195771833 |  2.357474e+10 |
|               CAS_COUNT_WR STAT               | MBOX1C1 |    193868334706 |              0 |   193868334706 |  1.211677e+10 |
|               CAS_COUNT_RD STAT               | MBOX2C0 |    377296344203 |              0 |   377296344203 |  2.358102e+10 |
|               CAS_COUNT_WR STAT               | MBOX2C1 |    193883591578 |              0 |   193883591578 |  1.211772e+10 |
|               CAS_COUNT_RD STAT               | MBOX3C0 |    377314557329 |              0 |   377314557329 |  2.358216e+10 |
|               CAS_COUNT_WR STAT               | MBOX3C1 |    193892472904 |              0 |   193892472904 |  1.211828e+10 |
|               CAS_COUNT_RD STAT               | MBOX4C0 |        12463833 |              0 |       12463833 |   778989.5625 |
|               CAS_COUNT_WR STAT               | MBOX4C1 |        13584868 |              0 |       13584868 |   849054.2500 |
|               CAS_COUNT_RD STAT               | MBOX5C0 |        12471866 |              0 |       12471866 |   779491.6250 |
|               CAS_COUNT_WR STAT               | MBOX5C1 |        13459865 |              0 |       13459865 |   841241.5625 |
|               CAS_COUNT_RD STAT               | MBOX6C0 |        12626516 |              0 |       12626516 |   789157.2500 |
|               CAS_COUNT_WR STAT               | MBOX6C1 |        13796410 |              0 |       13796410 |   862275.6250 |
|               CAS_COUNT_RD STAT               | MBOX7C0 |        12393010 |              0 |       12393010 |   774563.1250 |
|               CAS_COUNT_WR STAT               | MBOX7C1 |        13573335 |              0 |       13573335 |   848333.4375 |
+-----------------------------------------------+---------+-----------------+----------------+----------------+---------------+

+-----------------------------------+-------------+-----------+-----------+-----------+-----------+-----------+-----------+-----------+-----------+-----------+-------------+-------------+-------------+-------------+-------------+-------------+
|               Metric              |  f0608:0:0  | f0608:1:1 | f0608:2:2 | f0608:3:3 | f0608:4:4 | f0608:5:5 | f0608:6:6 | f0608:7:7 | f0608:8:8 | f0608:9:9 | f0608:10:10 | f0608:11:11 | f0608:12:12 | f0608:13:13 | f0608:14:14 | f0608:15:15 |
+-----------------------------------+-------------+-----------+-----------+-----------+-----------+-----------+-----------+-----------+-----------+-----------+-------------+-------------+-------------+-------------+-------------+-------------+
|        Runtime (RDTSC) [s]        |   2860.3290 | 2860.1520 | 2860.1500 | 2860.2030 | 2860.1580 | 2860.1520 | 2860.2990 | 2860.1680 | 2860.1940 | 2860.2540 |   2860.3350 |   2860.3090 |   2860.4400 |   2860.1540 |   2860.1840 |   2860.3090 |
|        Runtime unhalted [s]       |   2850.9009 | 2850.7719 | 2850.8501 | 2850.9350 | 2850.9189 | 2850.9922 | 2850.9851 | 2851.0657 | 2851.4646 | 2851.4217 |   2851.3586 |   2851.5827 |   2851.5709 |   2850.7591 |   2851.4256 |   2851.6263 |
|            Clock [MHz]            |   2394.1785 | 2394.3147 | 2394.3167 | 2394.2938 | 2394.3119 | 2394.3096 | 2394.1965 | 2394.3163 | 2394.2837 | 2394.2654 |   2394.1894 |   2394.1907 |   2394.0749 |   2394.3143 |   2394.2892 |   2394.2039 |
|                CPI                |      0.8121 |    0.8306 |    0.7582 |    0.8031 |    0.8086 |    0.8302 |    0.7712 |    0.8304 |    0.7471 |    0.7093 |      0.7599 |      0.8242 |      0.8140 |      0.8300 |      0.8086 |      0.8284 |
|             Energy [J]            | 441482.3942 |         0 |         0 |         0 |         0 |         0 |         0 |         0 |         0 |         0 |           0 |           0 |           0 |           0 |           0 |           0 |
|             Power [W]             |    154.3467 |         0 |         0 |         0 |         0 |         0 |         0 |         0 |         0 |         0 |           0 |           0 |           0 |           0 |           0 |           0 |
|          Energy DRAM [J]          |  40174.5792 |         0 |         0 |         0 |         0 |         0 |         0 |         0 |         0 |         0 |           0 |           0 |           0 |           0 |           0 |           0 |
|           Power DRAM [W]          |     14.0454 |         0 |         0 |         0 |         0 |         0 |         0 |         0 |         0 |         0 |           0 |           0 |           0 |           0 |           0 |           0 |
|            DP [MFLOP/s]           |   1652.8767 | 1649.2196 | 1652.8533 | 1649.1902 | 1652.8486 | 1649.2196 | 1652.7672 | 1649.2104 | 1652.8278 | 1649.1608 |   1652.7464 |   1649.1291 |   1652.6857 |   1649.2185 |   1652.8336 |   1649.1291 |
|          AVX DP [MFLOP/s]         |    234.2360 |  238.0178 |  234.1240 |  238.0136 |  234.1233 |  238.0178 |  234.1118 |  238.0165 |  234.1204 |  238.0094 |    234.1089 |    238.0048 |    234.1003 |    238.0177 |    234.1212 |    238.0048 |
|          Packed [MUOPS/s]         |     29.2795 |   29.7522 |   29.2655 |   29.7517 |   29.2654 |   29.7522 |   29.2640 |   29.7521 |   29.2650 |   29.7512 |     29.2636 |     29.7506 |     29.2625 |     29.7522 |     29.2652 |     29.7506 |
|          Scalar [MUOPS/s]         |   1418.6407 | 1411.2018 | 1418.7293 | 1411.1766 | 1418.7253 | 1411.2018 | 1418.6554 | 1411.1939 | 1418.7074 | 1411.1515 |   1418.6375 |   1411.1243 |   1418.5854 |   1411.2008 |   1418.7124 |   1411.1243 |
|  Memory read bandwidth [MBytes/s] |  33766.9187 |         0 |         0 |         0 |         0 |         0 |         0 |         0 |         0 |         0 |           0 |           0 |           0 |           0 |           0 |           0 |
|  Memory read data volume [GBytes] |  96584.4967 |         0 |         0 |         0 |         0 |         0 |         0 |         0 |         0 |         0 |           0 |           0 |           0 |           0 |           0 |           0 |
| Memory write bandwidth [MBytes/s] |  17353.5525 |         0 |         0 |         0 |         0 |         0 |         0 |         0 |         0 |         0 |           0 |           0 |           0 |           0 |           0 |           0 |
| Memory write data volume [GBytes] |  49636.8694 |         0 |         0 |         0 |         0 |         0 |         0 |         0 |         0 |         0 |           0 |           0 |           0 |           0 |           0 |           0 |
|    Memory bandwidth [MBytes/s]    |  51120.4712 |         0 |         0 |         0 |         0 |         0 |         0 |         0 |         0 |         0 |           0 |           0 |           0 |           0 |           0 |           0 |
|    Memory data volume [GBytes]    | 146221.3662 |         0 |         0 |         0 |         0 |         0 |         0 |         0 |         0 |         0 |           0 |           0 |           0 |           0 |           0 |           0 |
|       Operational intensity       |      0.0323 |         0 |         0 |         0 |         0 |         0 |         0 |         0 |         0 |         0 |           0 |           0 |           0 |           0 |           0 |           0 |
+-----------------------------------+-------------+-----------+-----------+-----------+-----------+-----------+-----------+-----------+-----------+-----------+-------------+-------------+-------------+-------------+-------------+-------------+

+----------------------------------------+-------------+-----------+-------------+------------+-----------+-----------+-----------+
|                 Metric                 |     Sum     |    Min    |     Max     |     Avg    |  %ile 25  |  %ile 50  |  %ile 75  |
+----------------------------------------+-------------+-----------+-------------+------------+-----------+-----------+-----------+
|        Runtime (RDTSC) [s] STAT        |  45763.7900 | 2860.1500 |   2860.4400 |  2860.2369 | 2860.1540 | 2860.1940 | 2860.3090 |
|        Runtime unhalted [s] STAT       |  45618.6293 | 2850.7591 |   2851.6263 |  2851.1643 | 2850.9009 | 2850.9922 | 2851.4256 |
|            Clock [MHz] STAT            |  38308.0495 | 2394.0749 |   2394.3167 |  2394.2531 | 2394.1907 | 2394.2837 | 2394.3119 |
|                CPI STAT                |     12.7659 |    0.7093 |      0.8306 |     0.7979 |    0.7599 |    0.8086 |    0.8284 |
|             Energy [J] STAT            | 441482.3942 |         0 | 441482.3942 | 27592.6496 |         0 |         0 |         0 |
|             Power [W] STAT             |    154.3467 |         0 |    154.3467 |     9.6467 |         0 |         0 |         0 |
|          Energy DRAM [J] STAT          |  40174.5792 |         0 |  40174.5792 |  2510.9112 |         0 |         0 |         0 |
|           Power DRAM [W] STAT          |     14.0454 |         0 |     14.0454 |     0.8778 |         0 |         0 |         0 |
|            DP [MFLOP/s] STAT           |  26415.9166 | 1649.1291 |   1652.8767 |  1650.9948 | 1649.1902 | 1649.2196 | 1652.8278 |
|          AVX DP [MFLOP/s] STAT         |   3777.1483 |  234.1003 |    238.0178 |   236.0718 |  234.1204 |  234.2360 |  238.0136 |
|          Packed [MUOPS/s] STAT         |    472.1435 |   29.2625 |     29.7522 |    29.5090 |   29.2650 |   29.2795 |   29.7517 |
|          Scalar [MUOPS/s] STAT         |  22638.7684 | 1411.1243 |   1418.7293 |  1414.9230 | 1411.1766 | 1411.2018 | 1418.6554 |
|  Memory read bandwidth [MBytes/s] STAT |  33766.9187 |         0 |  33766.9187 |  2110.4324 |         0 |         0 |         0 |
|  Memory read data volume [GBytes] STAT |  96584.4967 |         0 |  96584.4967 |  6036.5310 |         0 |         0 |         0 |
| Memory write bandwidth [MBytes/s] STAT |  17353.5525 |         0 |  17353.5525 |  1084.5970 |         0 |         0 |         0 |
| Memory write data volume [GBytes] STAT |  49636.8694 |         0 |  49636.8694 |  3102.3043 |         0 |         0 |         0 |
|    Memory bandwidth [MBytes/s] STAT    |  51120.4712 |         0 |  51120.4712 |  3195.0294 |         0 |         0 |         0 |
|    Memory data volume [GBytes] STAT    | 146221.3662 |         0 | 146221.3662 |  9138.8354 |         0 |         0 |         0 |
|       Operational intensity STAT       |      0.0323 |         0 |      0.0323 |     0.0020 |         0 |         0 |         0 |
+----------------------------------------+-------------+-----------+-------------+------------+-----------+-----------+-----------+

