WARN: Cannot extract OpenMP vendor from executable or commandline, assuming no OpenMP
 nx_glob, nz_glob:                  3000                  1250
 dx,dz:    8.00000000000000        8.00000000000000     
 dt:   2.666666666666666E-002
Group: 1
+------------------------------------------+---------+----------------+----------------+----------------+----------------+----------------+----------------+----------------+----------------+----------------+----------------+----------------+----------------+----------------+----------------+----------------+----------------+----------------+----------------+----------------+
|                   Event                  | Counter |    f0608:0:0   |    f0608:1:1   |    f0608:2:2   |    f0608:3:3   |    f0608:4:4   |    f0608:5:5   |    f0608:6:6   |    f0608:7:7   |    f0608:8:8   |    f0608:9:9   |   f0608:10:10  |   f0608:11:11  |   f0608:12:12  |   f0608:13:13  |   f0608:14:14  |   f0608:15:15  |   f0608:16:16  |   f0608:17:17  |   f0608:18:18  |
+------------------------------------------+---------+----------------+----------------+----------------+----------------+----------------+----------------+----------------+----------------+----------------+----------------+----------------+----------------+----------------+----------------+----------------+----------------+----------------+----------------+----------------+
|             INSTR_RETIRED_ANY            |  FIXC0  |  7001327990537 |  7067775415049 |  7346590962221 |  7878749835291 |  6968215241044 |  6986353727733 |  6983302579301 |  6997451882862 |  7483536764194 |  8427340928801 |  7347110832768 |  7005228117687 |  7297278111480 |  7346626963991 |  7213356826632 |  7140242575971 |  7115610491373 |  7519722794121 | 15104145418673 |
|           CPU_CLK_UNHALTED_CORE          |  FIXC1  |  6020480872179 |  6021673460888 |  6021332718942 |  6021171075285 |  6020628052620 |  6021021759178 |  6020474871061 |  6021821020708 |  6021093752636 |  6021282522084 |  6021922474877 |  6020858553895 |  6019947859945 |  6020203124711 |  6020358109672 |  6022608542763 |  6023080038834 |  6023419452905 |  6027197719268 |
|           CPU_CLK_UNHALTED_REF           |  FIXC2  |  6020480262720 |  6021673436640 |  6021330537312 |  6021170513184 |  6020628169344 |  6021021222240 |  6020473545696 |  6021822084768 |  6021091730016 |  6021278463936 |  6021922153728 |  6020858713632 |  6019949164704 |  6020201386848 |  6020355290016 |  6022610235360 |  6023083937472 |  6023420093664 |  6027193837920 |
|               TOPDOWN_SLOTS              |  FIXC3  | 30102404360895 | 30108367304440 | 30106663594710 | 30105855376425 | 30103140263100 | 30105108795890 | 30102374355305 | 30109105103540 | 30105468763180 | 30106412610420 | 30109612374385 | 30104292769475 | 30099739299725 | 30101015623555 | 30101790548360 | 30113042713815 | 30115400194170 | 30117097264525 | 30135988596340 |
|              PWR_PKG_ENERGY              |   PWR0  |    411839.5660 |              0 |              0 |              0 |              0 |              0 |              0 |              0 |              0 |              0 |              0 |              0 |              0 |              0 |              0 |              0 |              0 |              0 |              0 |
|              PWR_DRAM_ENERGY             |   PWR3  |     36563.0706 |              0 |              0 |              0 |              0 |              0 |              0 |              0 |              0 |              0 |              0 |              0 |              0 |              0 |              0 |              0 |              0 |              0 |              0 |
| FP_ARITH_INST_RETIRED_128B_PACKED_DOUBLE |   PMC0  |              0 |              0 |              0 |              0 |              0 |              0 |              0 |              0 |              0 |              0 |              0 |              0 |              0 |              0 |              0 |              0 |              0 |              0 |              0 |
|    FP_ARITH_INST_RETIRED_SCALAR_DOUBLE   |   PMC1  |  3411972593206 |  3411971976784 |  3411971990734 |  3411971991060 |  3390445112500 |  3411971963228 |  3411971992369 |  3411971966078 |  3411971971130 |  3411971969026 |  3411971956822 |  3411971960314 |  3411971964026 |  3411971956908 |  3390445086944 |  3411971949786 |  3411971961530 |  3411971948268 |  3411971949046 |
| FP_ARITH_INST_RETIRED_256B_PACKED_DOUBLE |   PMC2  |              0 |              0 |              0 |              0 |              0 |              0 |              0 |              0 |              0 |              0 |              0 |              0 |              0 |              0 |              0 |              0 |              0 |              0 |              0 |
| FP_ARITH_INST_RETIRED_512B_PACKED_DOUBLE |   PMC3  |    73707943263 |    73662648750 |    73662648750 |    73662648750 |    74337678750 |    73662648750 |    73662648750 |    73662648750 |    73662648750 |    73662648750 |    73662648750 |    73662648750 |    73662648750 |    73662648750 |    74337678750 |    73662648750 |    73662648750 |    73662648750 |    73662648750 |
|               CAS_COUNT_RD               | MBOX0C0 |   353542970982 |              0 |              0 |              0 |              0 |              0 |              0 |              0 |              0 |              0 |              0 |              0 |              0 |              0 |              0 |              0 |              0 |              0 |              0 |
|               CAS_COUNT_WR               | MBOX0C1 |   184878633489 |              0 |              0 |              0 |              0 |              0 |              0 |              0 |              0 |              0 |              0 |              0 |              0 |              0 |              0 |              0 |              0 |              0 |              0 |
|               CAS_COUNT_RD               | MBOX1C0 |   353490685267 |              0 |              0 |              0 |              0 |              0 |              0 |              0 |              0 |              0 |              0 |              0 |              0 |              0 |              0 |              0 |              0 |              0 |              0 |
|               CAS_COUNT_WR               | MBOX1C1 |   184873314472 |              0 |              0 |              0 |              0 |              0 |              0 |              0 |              0 |              0 |              0 |              0 |              0 |              0 |              0 |              0 |              0 |              0 |              0 |
|               CAS_COUNT_RD               | MBOX2C0 |   353533769063 |              0 |              0 |              0 |              0 |              0 |              0 |              0 |              0 |              0 |              0 |              0 |              0 |              0 |              0 |              0 |              0 |              0 |              0 |
|               CAS_COUNT_WR               | MBOX2C1 |   184889529912 |              0 |              0 |              0 |              0 |              0 |              0 |              0 |              0 |              0 |              0 |              0 |              0 |              0 |              0 |              0 |              0 |              0 |              0 |
|               CAS_COUNT_RD               | MBOX3C0 |   353577886433 |              0 |              0 |              0 |              0 |              0 |              0 |              0 |              0 |              0 |              0 |              0 |              0 |              0 |              0 |              0 |              0 |              0 |              0 |
|               CAS_COUNT_WR               | MBOX3C1 |   184888496272 |              0 |              0 |              0 |              0 |              0 |              0 |              0 |              0 |              0 |              0 |              0 |              0 |              0 |              0 |              0 |              0 |              0 |              0 |
|               CAS_COUNT_RD               | MBOX4C0 |     1357344674 |              0 |              0 |              0 |              0 |              0 |              0 |              0 |              0 |              0 |              0 |              0 |              0 |              0 |              0 |              0 |              0 |              0 |              0 |
|               CAS_COUNT_WR               | MBOX4C1 |      867504522 |              0 |              0 |              0 |              0 |              0 |              0 |              0 |              0 |              0 |              0 |              0 |              0 |              0 |              0 |              0 |              0 |              0 |              0 |
|               CAS_COUNT_RD               | MBOX5C0 |     1351367153 |              0 |              0 |              0 |              0 |              0 |              0 |              0 |              0 |              0 |              0 |              0 |              0 |              0 |              0 |              0 |              0 |              0 |              0 |
|               CAS_COUNT_WR               | MBOX5C1 |      865708296 |              0 |              0 |              0 |              0 |              0 |              0 |              0 |              0 |              0 |              0 |              0 |              0 |              0 |              0 |              0 |              0 |              0 |              0 |
|               CAS_COUNT_RD               | MBOX6C0 |     1355346395 |              0 |              0 |              0 |              0 |              0 |              0 |              0 |              0 |              0 |              0 |              0 |              0 |              0 |              0 |              0 |              0 |              0 |              0 |
|               CAS_COUNT_WR               | MBOX6C1 |      867864759 |              0 |              0 |              0 |              0 |              0 |              0 |              0 |              0 |              0 |              0 |              0 |              0 |              0 |              0 |              0 |              0 |              0 |              0 |
|               CAS_COUNT_RD               | MBOX7C0 |     1355696627 |              0 |              0 |              0 |              0 |              0 |              0 |              0 |              0 |              0 |              0 |              0 |              0 |              0 |              0 |              0 |              0 |              0 |              0 |
|               CAS_COUNT_WR               | MBOX7C1 |      868638595 |              0 |              0 |              0 |              0 |              0 |              0 |              0 |              0 |              0 |              0 |              0 |              0 |              0 |              0 |              0 |              0 |              0 |              0 |
+------------------------------------------+---------+----------------+----------------+----------------+----------------+----------------+----------------+----------------+----------------+----------------+----------------+----------------+----------------+----------------+----------------+----------------+----------------+----------------+----------------+----------------+

+-----------------------------------------------+---------+-----------------+----------------+----------------+--------------+
|                     Event                     | Counter |       Sum       |       Min      |       Max      |      Avg     |
+-----------------------------------------------+---------+-----------------+----------------+----------------+--------------+
|             INSTR_RETIRED_ANY STAT            |  FIXC0  | 146229967459729 |  6968215241044 | 15104145418673 | 7.696314e+12 |
|           CPU_CLK_UNHALTED_CORE STAT          |  FIXC1  | 114410575982451 |  6019947859945 |  6027197719268 | 6.021609e+12 |
|           CPU_CLK_UNHALTED_REF STAT           |  FIXC2  | 114410564779200 |  6019949164704 |  6027193837920 | 6.021609e+12 |
|               TOPDOWN_SLOTS STAT              |  FIXC3  | 572052879912255 | 30099739299725 | 30135988596340 |      nil     |
|              PWR_PKG_ENERGY STAT              |   PWR0  |     411839.5660 |              0 |    411839.5660 |   21675.7666 |
|              PWR_DRAM_ENERGY STAT             |   PWR3  |      36563.0706 |              0 |     36563.0706 |    1924.3721 |
| FP_ARITH_INST_RETIRED_128B_PACKED_DOUBLE STAT |   PMC0  |               0 |              0 |              0 |            0 |
|    FP_ARITH_INST_RETIRED_SCALAR_DOUBLE STAT   |   PMC1  |  64784414259759 |  3390445086944 |  3411972593206 | 3.409706e+12 |
| FP_ARITH_INST_RETIRED_256B_PACKED_DOUBLE STAT |   PMC2  |               0 |              0 |              0 |            0 |
| FP_ARITH_INST_RETIRED_512B_PACKED_DOUBLE STAT |   PMC3  |   1400985680763 |    73662648750 |    74337678750 | 7.373609e+10 |
|               CAS_COUNT_RD STAT               | MBOX0C0 |    353542970982 |              0 |   353542970982 | 1.860752e+10 |
|               CAS_COUNT_WR STAT               | MBOX0C1 |    184878633489 |              0 |   184878633489 | 9.730454e+09 |
|               CAS_COUNT_RD STAT               | MBOX1C0 |    353490685267 |              0 |   353490685267 | 1.860477e+10 |
|               CAS_COUNT_WR STAT               | MBOX1C1 |    184873314472 |              0 |   184873314472 | 9.730174e+09 |
|               CAS_COUNT_RD STAT               | MBOX2C0 |    353533769063 |              0 |   353533769063 |  18607040477 |
|               CAS_COUNT_WR STAT               | MBOX2C1 |    184889529912 |              0 |   184889529912 | 9.731028e+09 |
|               CAS_COUNT_RD STAT               | MBOX3C0 |    353577886433 |              0 |   353577886433 | 1.860936e+10 |
|               CAS_COUNT_WR STAT               | MBOX3C1 |    184888496272 |              0 |   184888496272 |   9730973488 |
|               CAS_COUNT_RD STAT               | MBOX4C0 |      1357344674 |              0 |     1357344674 | 7.143919e+07 |
|               CAS_COUNT_WR STAT               | MBOX4C1 |       867504522 |              0 |      867504522 | 4.565813e+07 |
|               CAS_COUNT_RD STAT               | MBOX5C0 |      1351367153 |              0 |     1351367153 |     71124587 |
|               CAS_COUNT_WR STAT               | MBOX5C1 |       865708296 |              0 |      865708296 | 4.556359e+07 |
|               CAS_COUNT_RD STAT               | MBOX6C0 |      1355346395 |              0 |     1355346395 | 7.133402e+07 |
|               CAS_COUNT_WR STAT               | MBOX6C1 |       867864759 |              0 |      867864759 | 4.567709e+07 |
|               CAS_COUNT_RD STAT               | MBOX7C0 |      1355696627 |              0 |     1355696627 | 7.135245e+07 |
|               CAS_COUNT_WR STAT               | MBOX7C1 |       868638595 |              0 |      868638595 | 4.571782e+07 |
+-----------------------------------------------+---------+-----------------+----------------+----------------+--------------+

+-----------------------------------+-------------+-----------+-----------+-----------+-----------+-----------+-----------+-----------+-----------+-----------+-------------+-------------+-------------+-------------+-------------+-------------+-------------+-------------+-------------+
|               Metric              |  f0608:0:0  | f0608:1:1 | f0608:2:2 | f0608:3:3 | f0608:4:4 | f0608:5:5 | f0608:6:6 | f0608:7:7 | f0608:8:8 | f0608:9:9 | f0608:10:10 | f0608:11:11 | f0608:12:12 | f0608:13:13 | f0608:14:14 | f0608:15:15 | f0608:16:16 | f0608:17:17 | f0608:18:18 |
+-----------------------------------+-------------+-----------+-----------+-----------+-----------+-----------+-----------+-----------+-----------+-----------+-------------+-------------+-------------+-------------+-------------+-------------+-------------+-------------+-------------+
|        Runtime (RDTSC) [s]        |   2524.2450 | 2524.0360 | 2523.9550 | 2524.0280 | 2524.0670 | 2523.9530 | 2524.0200 | 2523.9660 | 2523.9630 | 2523.9870 |   2524.2850 |   2523.9900 |   2523.9590 |   2523.9660 |   2524.0060 |   2523.9870 |   2524.0180 |   2524.2180 |   2523.9510 |
|        Runtime unhalted [s]       |   2514.8008 | 2515.0040 | 2514.8493 | 2514.7952 | 2514.5975 | 2514.7156 | 2514.5015 | 2515.0600 | 2514.7437 | 2514.8282 |   2515.4015 |   2514.6466 |   2514.2711 |   2514.3877 |   2514.4531 |   2515.3826 |   2515.6179 |   2515.9582 |   2517.2938 |
|            Clock [MHz]            |   2394.0192 | 2394.2998 | 2394.3124 | 2394.2990 | 2394.2710 | 2394.3154 | 2394.3021 | 2394.3047 | 2394.3179 | 2394.3133 |   2394.0205 |   2394.3159 |   2394.3109 |   2394.3026 |   2394.3024 |   2394.3105 |   2394.2730 |   2394.0854 |   2394.3179 |
|                CPI                |      0.8599 |    0.8520 |    0.8196 |    0.7642 |    0.8640 |    0.8618 |    0.8621 |    0.8606 |    0.8046 |    0.7145 |      0.8196 |      0.8595 |      0.8250 |      0.8195 |      0.8346 |      0.8435 |      0.8465 |      0.8010 |      0.3990 |
|             Energy [J]            | 411839.5660 |         0 |         0 |         0 |         0 |         0 |         0 |         0 |         0 |         0 |           0 |           0 |           0 |           0 |           0 |           0 |           0 |           0 |           0 |
|             Power [W]             |    163.1536 |         0 |         0 |         0 |         0 |         0 |         0 |         0 |         0 |         0 |           0 |           0 |           0 |           0 |           0 |           0 |           0 |           0 |           0 |
|          Energy DRAM [J]          |  36563.0706 |         0 |         0 |         0 |         0 |         0 |         0 |         0 |         0 |         0 |           0 |           0 |           0 |           0 |           0 |           0 |           0 |           0 |           0 |
|           Power DRAM [W]          |     14.4848 |         0 |         0 |         0 |         0 |         0 |         0 |         0 |         0 |         0 |           0 |           0 |           0 |           0 |           0 |           0 |           0 |           0 |           0 |
|            DP [MFLOP/s]           |   1585.2804 | 1585.2679 | 1585.3187 | 1585.2729 | 1578.8593 | 1585.3200 | 1585.2779 | 1585.3118 | 1585.3137 | 1585.2986 |   1585.1115 |   1585.2968 |   1585.3162 |   1585.3118 |   1578.8974 |   1585.2986 |   1585.2792 |   1585.1536 |   1585.3212 |
|          AVX DP [MFLOP/s]         |    233.6000 |  233.4757 |  233.4832 |  233.4765 |  235.6124 |  233.4834 |  233.4772 |  233.4822 |  233.4825 |  233.4803 |    233.4527 |    233.4800 |    233.4829 |    233.4822 |    235.6181 |    233.4803 |    233.4774 |    233.4589 |    233.4836 |
|          Packed [MUOPS/s]         |     29.2000 |   29.1845 |   29.1854 |   29.1846 |   29.4515 |   29.1854 |   29.1847 |   29.1853 |   29.1853 |   29.1850 |     29.1816 |     29.1850 |     29.1854 |     29.1853 |     29.4523 |     29.1850 |     29.1847 |     29.1824 |     29.1855 |
|          Scalar [MUOPS/s]         |   1351.6804 | 1351.7921 | 1351.8355 | 1351.7964 | 1343.2469 | 1351.8366 | 1351.8007 | 1351.8296 | 1351.8312 | 1351.8184 |   1351.6588 |   1351.8168 |   1351.8334 |   1351.8296 |   1343.2793 |   1351.8184 |   1351.8018 |   1351.6946 |   1351.8376 |
|  Memory read bandwidth [MBytes/s] |  35991.8171 |         0 |         0 |         0 |         0 |         0 |         0 |         0 |         0 |         0 |           0 |           0 |           0 |           0 |           0 |           0 |           0 |           0 |           0 |
|  Memory read data volume [GBytes] |  90852.1643 |         0 |         0 |         0 |         0 |         0 |         0 |         0 |         0 |         0 |           0 |           0 |           0 |           0 |           0 |           0 |           0 |           0 |           0 |
| Memory write bandwidth [MBytes/s] |  18838.1002 |         0 |         0 |         0 |         0 |         0 |         0 |         0 |         0 |         0 |           0 |           0 |           0 |           0 |           0 |           0 |           0 |           0 |           0 |
| Memory write data volume [GBytes] |  47551.9802 |         0 |         0 |         0 |         0 |         0 |         0 |         0 |         0 |         0 |           0 |           0 |           0 |           0 |           0 |           0 |           0 |           0 |           0 |
|    Memory bandwidth [MBytes/s]    |  54829.9172 |         0 |         0 |         0 |         0 |         0 |         0 |         0 |         0 |         0 |           0 |           0 |           0 |           0 |           0 |           0 |           0 |           0 |           0 |
|    Memory data volume [GBytes]    | 138404.1444 |         0 |         0 |         0 |         0 |         0 |         0 |         0 |         0 |         0 |           0 |           0 |           0 |           0 |           0 |           0 |           0 |           0 |           0 |
|       Operational intensity       |      0.0289 |         0 |         0 |         0 |         0 |         0 |         0 |         0 |         0 |         0 |           0 |           0 |           0 |           0 |           0 |           0 |           0 |           0 |           0 |
+-----------------------------------+-------------+-----------+-----------+-----------+-----------+-----------+-----------+-----------+-----------+-----------+-------------+-------------+-------------+-------------+-------------+-------------+-------------+-------------+-------------+

+----------------------------------------+-------------+-----------+-------------+------------+-----------+-----------+-----------+
|                 Metric                 |     Sum     |    Min    |     Max     |     Avg    |  %ile 25  |  %ile 50  |  %ile 75  |
+----------------------------------------+-------------+-----------+-------------+------------+-----------+-----------+-----------+
|        Runtime (RDTSC) [s] STAT        |  47956.6000 | 2523.9510 |   2524.2850 |  2524.0316 | 2523.9630 | 2523.9900 | 2524.0280 |
|        Runtime unhalted [s] STAT       |  47785.3083 | 2514.2711 |   2517.2938 |  2515.0162 | 2514.5975 | 2514.8008 | 2515.0600 |
|            Clock [MHz] STAT            |  45490.9939 | 2394.0192 |   2394.3179 |  2394.2628 | 2394.2730 | 2394.3026 | 2394.3124 |
|                CPI STAT                |     15.3115 |    0.3990 |      0.8640 |     0.8059 |    0.8046 |    0.8346 |    0.8595 |
|             Energy [J] STAT            | 411839.5660 |         0 | 411839.5660 | 21675.7666 |         0 |         0 |         0 |
|             Power [W] STAT             |    163.1536 |         0 |    163.1536 |     8.5870 |         0 |         0 |         0 |
|          Energy DRAM [J] STAT          |  36563.0706 |         0 |  36563.0706 |  1924.3721 |         0 |         0 |         0 |
|           Power DRAM [W] STAT          |     14.4848 |         0 |     14.4848 |     0.7624 |         0 |         0 |         0 |
|            DP [MFLOP/s] STAT           |  30107.5075 | 1578.8593 |   1585.3212 |  1584.6057 | 1585.2679 | 1585.2968 | 1585.3118 |
|          AVX DP [MFLOP/s] STAT         |   4440.4695 |  233.4527 |    235.6181 |   233.7089 |  233.4772 |  233.4822 |  233.4832 |
|          Packed [MUOPS/s] STAT         |    555.0589 |   29.1816 |     29.4523 |    29.2136 |   29.1847 |   29.1853 |   29.1854 |
|          Scalar [MUOPS/s] STAT         |  25667.0381 | 1343.2469 |   1351.8376 |  1350.8967 | 1351.6946 | 1351.8168 | 1351.8296 |
|  Memory read bandwidth [MBytes/s] STAT |  35991.8171 |         0 |  35991.8171 |  1894.3062 |         0 |         0 |         0 |
|  Memory read data volume [GBytes] STAT |  90852.1643 |         0 |  90852.1643 |  4781.6929 |         0 |         0 |         0 |
| Memory write bandwidth [MBytes/s] STAT |  18838.1002 |         0 |  18838.1002 |   991.4790 |         0 |         0 |         0 |
| Memory write data volume [GBytes] STAT |  47551.9802 |         0 |  47551.9802 |  2502.7358 |         0 |         0 |         0 |
|    Memory bandwidth [MBytes/s] STAT    |  54829.9172 |         0 |  54829.9172 |  2885.7851 |         0 |         0 |         0 |
|    Memory data volume [GBytes] STAT    | 138404.1444 |         0 | 138404.1444 |  7284.4287 |         0 |         0 |         0 |
|       Operational intensity STAT       |      0.0289 |         0 |      0.0289 |     0.0015 |         0 |         0 |         0 |
+----------------------------------------+-------------+-----------+-------------+------------+-----------+-----------+-----------+

