WARN: Cannot extract OpenMP vendor from executable or commandline, assuming no OpenMP
 nx_glob, nz_glob:                  3000                  1250
 dx,dz:    8.00000000000000        8.00000000000000     
 dt:   2.666666666666666E-002
Group: 1
+------------------------------------------+---------+----------------+----------------+----------------+----------------+----------------+----------------+----------------+----------------+----------------+----------------+----------------+----------------+----------------+----------------+----------------+----------------+----------------+----------------+----------------+----------------+----------------+----------------+----------------+----------------+----------------+----------------+----------------+----------------+----------------+----------------+----------------+----------------+----------------+----------------+----------------+----------------+----------------+----------------+----------------+----------------+----------------+
|                   Event                  | Counter |    f0608:0:0   |    f0608:1:1   |    f0608:2:2   |    f0608:3:3   |    f0608:4:4   |    f0608:5:5   |    f0608:6:6   |    f0608:7:7   |    f0608:8:8   |    f0608:9:9   |   f0608:10:10  |   f0608:11:11  |   f0608:12:12  |   f0608:13:13  |   f0608:14:14  |   f0608:15:15  |   f0608:16:16  |   f0608:17:17  |   f0608:18:18  |   f0608:19:19  |   f0608:20:20  |   f0608:21:21  |   f0608:22:22  |   f0608:23:23  |   f0608:24:24  |   f0608:25:25  |   f0608:26:26  |   f0608:27:27  |   f0608:28:28  |   f0608:29:29  |   f0608:30:30  |   f0608:31:31  |   f0608:32:32  |   f0608:33:33  |   f0608:34:34  |   f0608:35:35  |   f0608:36:36  |   f0608:37:37  |   f0608:38:38  |   f0608:39:39  |   f0608:40:40  |
+------------------------------------------+---------+----------------+----------------+----------------+----------------+----------------+----------------+----------------+----------------+----------------+----------------+----------------+----------------+----------------+----------------+----------------+----------------+----------------+----------------+----------------+----------------+----------------+----------------+----------------+----------------+----------------+----------------+----------------+----------------+----------------+----------------+----------------+----------------+----------------+----------------+----------------+----------------+----------------+----------------+----------------+----------------+----------------+
|             INSTR_RETIRED_ANY            |  FIXC0  |  5890728885683 |  5713871317722 |  5647205743857 |  5635037065205 |  5743774207342 |  5793473520750 |  5787709880462 |  5786569933529 |  5702738573459 |  5866615362535 |  5870388518276 |  5889021191188 |  5887990655328 |  5824589687661 |  5792571944075 |  5825821170476 |  5854656707769 |  5833498212420 |  3760552688288 |  3479691278824 |  3378986649945 |  3450631311901 |  3352146874159 |  3396421199033 |  3335733640945 |  3385882400174 |  3364741463780 |  3516141290055 |  3626199376648 |  3890106147387 |  3543299424680 |  3796847236217 |  3366185541922 |  3398060621762 |  3358735486751 |  3327104308586 |  7112801989934 |  7118124834565 |  7103443583451 |  7182810179832 |  7175941044986 |
|           CPU_CLK_UNHALTED_CORE          |  FIXC1  |  2893678938055 |  2895053165292 |  2895054473754 |  2894866506495 |  2894783359206 |  2894317475443 |  2894996554416 |  2894950199249 |  2895155864236 |  2895144857268 |  2895555037057 |  2895234668645 |  2895298816161 |  2894934315301 |  2895556476950 |  2894986378537 |  2895203603730 |  2895673173901 |  2893405102646 |  2893921346014 |  2894709919923 |  2893995693570 |  2893479351623 |  2893946031176 |  2893659093075 |  2894646280038 |  2894140829563 |  2894135309418 |  2894482072671 |  2894564621426 |  2894112925814 |  2894630194735 |  2894047558274 |  2893943151592 |  2894606649219 |  2894431634222 |  2897029456864 |  2897341341314 |  2897330292834 |  2897316279823 |  2897270443240 |
|           CPU_CLK_UNHALTED_REF           |  FIXC2  |  2893681515264 |  2895051985824 |  2895052752864 |  2894864199648 |  2894780803008 |  2894315963424 |  2894995015680 |  2894949118464 |  2895154533504 |  2895143595744 |  2895554071104 |  2895234619776 |  2895297620256 |  2894932385760 |  2895555588000 |  2894986778016 |  2895203913120 |  2895672540864 |  2893406004672 |  2893922146656 |  2894711455104 |  2893996804128 |  2893480872384 |  2893946554176 |  2893659520128 |  2894647545120 |  2894142198816 |  2894135549472 |  2894482270080 |  2894565171552 |  2894112610080 |  2894629901664 |  2894048541600 |  2893943447616 |  2894606641728 |  2894431307808 |  2897027320896 |  2897340899520 |  2897332427136 |  2897312253888 |  2897269951392 |
|               TOPDOWN_SLOTS              |  FIXC3  | 14468394690275 | 14475265826460 | 14475272368770 | 14474332532475 | 14473916796030 | 14471587377215 | 14474982772080 | 14474750996245 | 14475779321180 | 14475724286340 | 14477775185285 | 14476173343225 | 14476494080805 | 14474671576505 | 14477782384750 | 14474931892685 | 14476018018650 | 14478365869505 | 14467025513230 | 14469606730070 | 14473549599615 | 14469978467850 | 14467396758115 | 14469730155880 | 14468295465375 | 14473231400190 | 14470704147815 | 14470676547090 | 14472410363355 | 14472823107130 | 14470564629070 | 14473150973675 | 14470237791370 | 14469715757960 | 14473033246095 | 14472158171110 | 14485147284320 | 14486706706570 | 14486651464170 | 14486581399115 | 14486352216200 |
|              PWR_PKG_ENERGY              |   PWR0  |    281559.6808 |              0 |              0 |              0 |              0 |              0 |              0 |              0 |              0 |              0 |              0 |              0 |              0 |              0 |              0 |              0 |              0 |              0 |              0 |              0 |              0 |              0 |              0 |              0 |              0 |              0 |              0 |              0 |              0 |              0 |              0 |              0 |              0 |              0 |              0 |              0 |    141484.6381 |              0 |              0 |              0 |              0 |
|              PWR_DRAM_ENERGY             |   PWR3  |     26183.5505 |              0 |              0 |              0 |              0 |              0 |              0 |              0 |              0 |              0 |              0 |              0 |              0 |              0 |              0 |              0 |              0 |              0 |              0 |              0 |              0 |              0 |              0 |              0 |              0 |              0 |              0 |              0 |              0 |              0 |              0 |              0 |              0 |              0 |              0 |              0 |     11305.7320 |              0 |              0 |              0 |              0 |
| FP_ARITH_INST_RETIRED_128B_PACKED_DOUBLE |   PMC0  |              0 |              0 |              0 |              0 |              0 |              0 |              0 |              0 |              0 |              0 |              0 |              0 |              0 |              0 |              0 |              0 |              0 |              0 |              0 |              0 |              0 |              0 |              0 |              0 |              0 |              0 |              0 |              0 |              0 |              0 |              0 |              0 |              0 |              0 |              0 |              0 |              0 |              0 |              0 |              0 |              0 |
|    FP_ARITH_INST_RETIRED_SCALAR_DOUBLE   |   PMC1  |  1582187603879 |  1582186990790 |  1603713871458 |  1582186974966 |  1582186984252 |  1582186984096 |  1582186971118 |  1582186954216 |  1603713818502 |  1582186959129 |  1582186962758 |  1582186953418 |  1582186944820 |  1582186948651 |  1603713826916 |  1582186926146 |  1582186902709 |  1582186914204 |  1582186911770 |  1582186902948 |  1603713791762 |  1582186897856 |  1582186896328 |  1582186888964 |  1582186894656 |  1582186881218 |  1603713770180 |  1582186828689 |  1582186859766 |  1582186849484 |  1582186853840 |  1582186850104 |  1603713717706 |  1582186846018 |  1582186807782 |  1582186827426 |  1582186814234 |  1582186809712 |  1603713695734 |  1582186793262 |  1582186794320 |
| FP_ARITH_INST_RETIRED_256B_PACKED_DOUBLE |   PMC2  |              0 |              0 |              0 |              0 |              0 |              0 |              0 |              0 |              0 |              0 |              0 |              0 |              0 |              0 |              0 |              0 |              0 |              0 |              0 |              0 |              0 |              0 |              0 |              0 |              0 |              0 |              0 |              0 |              0 |              0 |              0 |              0 |              0 |              0 |              0 |              0 |              0 |              0 |              0 |              0 |              0 |
| FP_ARITH_INST_RETIRED_512B_PACKED_DOUBLE |   PMC3  |    44259759513 |    44214465000 |    43539435000 |    44214465000 |    44214465000 |    44214465000 |    44214465000 |    44214465000 |    43539435000 |    44214465000 |    44214465000 |    44214465000 |    44214465000 |    44214465000 |    43539435000 |    44214465000 |    44214465000 |    44214465000 |    44214465000 |    44214465000 |    43539435000 |    44214465000 |    44214465000 |    44214465000 |    44214465000 |    44214465000 |    43539435000 |    44214465000 |    44214465000 |    44214465000 |    44214465000 |    44214465000 |    43539435000 |    44214465000 |    44214465000 |    44214465000 |    44214465000 |    44214465000 |    43539435000 |    44214465000 |    44214465000 |
|               CAS_COUNT_RD               | MBOX0C0 |   172333745434 |              0 |              0 |              0 |              0 |              0 |              0 |              0 |              0 |              0 |              0 |              0 |              0 |              0 |              0 |              0 |              0 |              0 |              0 |              0 |              0 |              0 |              0 |              0 |              0 |              0 |              0 |              0 |              0 |              0 |              0 |              0 |              0 |              0 |              0 |              0 |    29694036181 |              0 |              0 |              0 |              0 |
|               CAS_COUNT_WR               | MBOX0C1 |    87791158187 |              0 |              0 |              0 |              0 |              0 |              0 |              0 |              0 |              0 |              0 |              0 |              0 |              0 |              0 |              0 |              0 |              0 |              0 |              0 |              0 |              0 |              0 |              0 |              0 |              0 |              0 |              0 |              0 |              0 |              0 |              0 |              0 |              0 |              0 |              0 |    18320614294 |              0 |              0 |              0 |              0 |
|               CAS_COUNT_RD               | MBOX1C0 |   172269803843 |              0 |              0 |              0 |              0 |              0 |              0 |              0 |              0 |              0 |              0 |              0 |              0 |              0 |              0 |              0 |              0 |              0 |              0 |              0 |              0 |              0 |              0 |              0 |              0 |              0 |              0 |              0 |              0 |              0 |              0 |              0 |              0 |              0 |              0 |              0 |    29666182399 |              0 |              0 |              0 |              0 |
|               CAS_COUNT_WR               | MBOX1C1 |    87778451758 |              0 |              0 |              0 |              0 |              0 |              0 |              0 |              0 |              0 |              0 |              0 |              0 |              0 |              0 |              0 |              0 |              0 |              0 |              0 |              0 |              0 |              0 |              0 |              0 |              0 |              0 |              0 |              0 |              0 |              0 |              0 |              0 |              0 |              0 |              0 |    18307690969 |              0 |              0 |              0 |              0 |
|               CAS_COUNT_RD               | MBOX2C0 |   172293879074 |              0 |              0 |              0 |              0 |              0 |              0 |              0 |              0 |              0 |              0 |              0 |              0 |              0 |              0 |              0 |              0 |              0 |              0 |              0 |              0 |              0 |              0 |              0 |              0 |              0 |              0 |              0 |              0 |              0 |              0 |              0 |              0 |              0 |              0 |              0 |    29691212025 |              0 |              0 |              0 |              0 |
|               CAS_COUNT_WR               | MBOX2C1 |    87789973919 |              0 |              0 |              0 |              0 |              0 |              0 |              0 |              0 |              0 |              0 |              0 |              0 |              0 |              0 |              0 |              0 |              0 |              0 |              0 |              0 |              0 |              0 |              0 |              0 |              0 |              0 |              0 |              0 |              0 |              0 |              0 |              0 |              0 |              0 |              0 |    18322411098 |              0 |              0 |              0 |              0 |
|               CAS_COUNT_RD               | MBOX3C0 |   172321123648 |              0 |              0 |              0 |              0 |              0 |              0 |              0 |              0 |              0 |              0 |              0 |              0 |              0 |              0 |              0 |              0 |              0 |              0 |              0 |              0 |              0 |              0 |              0 |              0 |              0 |              0 |              0 |              0 |              0 |              0 |              0 |              0 |              0 |              0 |              0 |    29632014402 |              0 |              0 |              0 |              0 |
|               CAS_COUNT_WR               | MBOX3C1 |    87784413942 |              0 |              0 |              0 |              0 |              0 |              0 |              0 |              0 |              0 |              0 |              0 |              0 |              0 |              0 |              0 |              0 |              0 |              0 |              0 |              0 |              0 |              0 |              0 |              0 |              0 |              0 |              0 |              0 |              0 |              0 |              0 |              0 |              0 |              0 |              0 |    18297662163 |              0 |              0 |              0 |              0 |
|               CAS_COUNT_RD               | MBOX4C0 |   170608044277 |              0 |              0 |              0 |              0 |              0 |              0 |              0 |              0 |              0 |              0 |              0 |              0 |              0 |              0 |              0 |              0 |              0 |              0 |              0 |              0 |              0 |              0 |              0 |              0 |              0 |              0 |              0 |              0 |              0 |              0 |              0 |              0 |              0 |              0 |              0 |       67774356 |              0 |              0 |              0 |              0 |
|               CAS_COUNT_WR               | MBOX4C1 |    87726959297 |              0 |              0 |              0 |              0 |              0 |              0 |              0 |              0 |              0 |              0 |              0 |              0 |              0 |              0 |              0 |              0 |              0 |              0 |              0 |              0 |              0 |              0 |              0 |              0 |              0 |              0 |              0 |              0 |              0 |              0 |              0 |              0 |              0 |              0 |              0 |       59146157 |              0 |              0 |              0 |              0 |
|               CAS_COUNT_RD               | MBOX5C0 |   170612219230 |              0 |              0 |              0 |              0 |              0 |              0 |              0 |              0 |              0 |              0 |              0 |              0 |              0 |              0 |              0 |              0 |              0 |              0 |              0 |              0 |              0 |              0 |              0 |              0 |              0 |              0 |              0 |              0 |              0 |              0 |              0 |              0 |              0 |              0 |              0 |       58496210 |              0 |              0 |              0 |              0 |
|               CAS_COUNT_WR               | MBOX5C1 |    87709251041 |              0 |              0 |              0 |              0 |              0 |              0 |              0 |              0 |              0 |              0 |              0 |              0 |              0 |              0 |              0 |              0 |              0 |              0 |              0 |              0 |              0 |              0 |              0 |              0 |              0 |              0 |              0 |              0 |              0 |              0 |              0 |              0 |              0 |              0 |              0 |       45717547 |              0 |              0 |              0 |              0 |
|               CAS_COUNT_RD               | MBOX6C0 |   170605536975 |              0 |              0 |              0 |              0 |              0 |              0 |              0 |              0 |              0 |              0 |              0 |              0 |              0 |              0 |              0 |              0 |              0 |              0 |              0 |              0 |              0 |              0 |              0 |              0 |              0 |              0 |              0 |              0 |              0 |              0 |              0 |              0 |              0 |              0 |              0 |       57809578 |              0 |              0 |              0 |              0 |
|               CAS_COUNT_WR               | MBOX6C1 |    87709591512 |              0 |              0 |              0 |              0 |              0 |              0 |              0 |              0 |              0 |              0 |              0 |              0 |              0 |              0 |              0 |              0 |              0 |              0 |              0 |              0 |              0 |              0 |              0 |              0 |              0 |              0 |              0 |              0 |              0 |              0 |              0 |              0 |              0 |              0 |              0 |       47369684 |              0 |              0 |              0 |              0 |
|               CAS_COUNT_RD               | MBOX7C0 |   170593686320 |              0 |              0 |              0 |              0 |              0 |              0 |              0 |              0 |              0 |              0 |              0 |              0 |              0 |              0 |              0 |              0 |              0 |              0 |              0 |              0 |              0 |              0 |              0 |              0 |              0 |              0 |              0 |              0 |              0 |              0 |              0 |              0 |              0 |              0 |              0 |       66087003 |              0 |              0 |              0 |              0 |
|               CAS_COUNT_WR               | MBOX7C1 |    87703907496 |              0 |              0 |              0 |              0 |              0 |              0 |              0 |              0 |              0 |              0 |              0 |              0 |              0 |              0 |              0 |              0 |              0 |              0 |              0 |              0 |              0 |              0 |              0 |              0 |              0 |              0 |              0 |              0 |              0 |              0 |              0 |              0 |              0 |              0 |              0 |       58601411 |              0 |              0 |              0 |              0 |
+------------------------------------------+---------+----------------+----------------+----------------+----------------+----------------+----------------+----------------+----------------+----------------+----------------+----------------+----------------+----------------+----------------+----------------+----------------+----------------+----------------+----------------+----------------+----------------+----------------+----------------+----------------+----------------+----------------+----------------+----------------+----------------+----------------+----------------+----------------+----------------+----------------+----------------+----------------+----------------+----------------+----------------+----------------+----------------+

+-----------------------------------------------+---------+-----------------+----------------+----------------+--------------+
|                     Event                     | Counter |       Sum       |       Min      |       Max      |      Avg     |
+-----------------------------------------------+---------+-----------------+----------------+----------------+--------------+
|             INSTR_RETIRED_ANY STAT            |  FIXC0  | 202766851151562 |  3327104308586 |  7182810179832 | 4.945533e+12 |
|           CPU_CLK_UNHALTED_CORE STAT          |  FIXC1  | 118691589442770 |  2893405102646 |  2897341341314 | 2.894917e+12 |
|           CPU_CLK_UNHALTED_REF STAT           |  FIXC2  | 118691578395936 |  2893406004672 |  2897340899520 | 2.894917e+12 |
|               TOPDOWN_SLOTS STAT              |  FIXC3  | 593457947213850 | 14467025513230 | 14486706706570 |      nil     |
|              PWR_PKG_ENERGY STAT              |   PWR0  |     423044.3189 |              0 |    281559.6808 |   10318.1541 |
|              PWR_DRAM_ENERGY STAT             |   PWR3  |      37489.2825 |              0 |     26183.5505 |     914.3727 |
| FP_ARITH_INST_RETIRED_128B_PACKED_DOUBLE STAT |   PMC0  |               0 |              0 |              0 |            0 |
|    FP_ARITH_INST_RETIRED_SCALAR_DOUBLE STAT   |   PMC1  |  65020351675787 |  1582186793262 |  1603713871458 | 1.585862e+12 |
| FP_ARITH_INST_RETIRED_256B_PACKED_DOUBLE STAT |   PMC2  |               0 |              0 |              0 |            0 |
| FP_ARITH_INST_RETIRED_512B_PACKED_DOUBLE STAT |   PMC3  |   1808113149513 |    43539435000 |    44259759513 | 4.410032e+10 |
|               CAS_COUNT_RD STAT               | MBOX0C0 |    202027781615 |              0 |   172333745434 | 4.927507e+09 |
|               CAS_COUNT_WR STAT               | MBOX0C1 |    106111772481 |              0 |    87791158187 | 2.588092e+09 |
|               CAS_COUNT_RD STAT               | MBOX1C0 |    201935986242 |              0 |   172269803843 | 4.925268e+09 |
|               CAS_COUNT_WR STAT               | MBOX1C1 |    106086142727 |              0 |    87778451758 | 2.587467e+09 |
|               CAS_COUNT_RD STAT               | MBOX2C0 |    201985091099 |              0 |   172293879074 | 4.926466e+09 |
|               CAS_COUNT_WR STAT               | MBOX2C1 |    106112385017 |              0 |    87789973919 | 2.588107e+09 |
|               CAS_COUNT_RD STAT               | MBOX3C0 |    201953138050 |              0 |   172321123648 | 4.925686e+09 |
|               CAS_COUNT_WR STAT               | MBOX3C1 |    106082076105 |              0 |    87784413942 | 2.587368e+09 |
|               CAS_COUNT_RD STAT               | MBOX4C0 |    170675818633 |              0 |   170608044277 | 4.162825e+09 |
|               CAS_COUNT_WR STAT               | MBOX4C1 |     87786105454 |              0 |    87726959297 | 2.141125e+09 |
|               CAS_COUNT_RD STAT               | MBOX5C0 |    170670715440 |              0 |   170612219230 | 4.162700e+09 |
|               CAS_COUNT_WR STAT               | MBOX5C1 |     87754968588 |              0 |    87709251041 | 2.140365e+09 |
|               CAS_COUNT_RD STAT               | MBOX6C0 |    170663346553 |              0 |   170605536975 | 4.162521e+09 |
|               CAS_COUNT_WR STAT               | MBOX6C1 |     87756961196 |              0 |    87709591512 | 2.140414e+09 |
|               CAS_COUNT_RD STAT               | MBOX7C0 |    170659773323 |              0 |   170593686320 | 4.162433e+09 |
|               CAS_COUNT_WR STAT               | MBOX7C1 |     87762508907 |              0 |    87703907496 | 2.140549e+09 |
+-----------------------------------------------+---------+-----------------+----------------+----------------+--------------+

+-----------------------------------+-------------+-----------+-----------+-----------+-----------+-----------+-----------+-----------+-----------+-----------+-------------+-------------+-------------+-------------+-------------+-------------+-------------+-------------+-------------+-------------+-------------+-------------+-------------+-------------+-------------+-------------+-------------+-------------+-------------+-------------+-------------+-------------+-------------+-------------+-------------+-------------+-------------+-------------+-------------+-------------+-------------+
|               Metric              |  f0608:0:0  | f0608:1:1 | f0608:2:2 | f0608:3:3 | f0608:4:4 | f0608:5:5 | f0608:6:6 | f0608:7:7 | f0608:8:8 | f0608:9:9 | f0608:10:10 | f0608:11:11 | f0608:12:12 | f0608:13:13 | f0608:14:14 | f0608:15:15 | f0608:16:16 | f0608:17:17 | f0608:18:18 | f0608:19:19 | f0608:20:20 | f0608:21:21 | f0608:22:22 | f0608:23:23 | f0608:24:24 | f0608:25:25 | f0608:26:26 | f0608:27:27 | f0608:28:28 | f0608:29:29 | f0608:30:30 | f0608:31:31 | f0608:32:32 | f0608:33:33 | f0608:34:34 | f0608:35:35 | f0608:36:36 | f0608:37:37 | f0608:38:38 | f0608:39:39 | f0608:40:40 |
+-----------------------------------+-------------+-----------+-----------+-----------+-----------+-----------+-----------+-----------+-----------+-----------+-------------+-------------+-------------+-------------+-------------+-------------+-------------+-------------+-------------+-------------+-------------+-------------+-------------+-------------+-------------+-------------+-------------+-------------+-------------+-------------+-------------+-------------+-------------+-------------+-------------+-------------+-------------+-------------+-------------+-------------+-------------+
|        Runtime (RDTSC) [s]        |   1214.2720 | 1214.4160 | 1214.3550 | 1214.5330 | 1214.2960 | 1214.3440 | 1214.2930 | 1214.3030 | 1214.3540 | 1214.4430 |   1214.2930 |   1214.3160 |   1214.2930 |   1214.6460 |   1214.5100 |   1214.2950 |   1214.2880 |   1214.4010 |   1214.3760 |   1214.2800 |   1214.2910 |   1214.2980 |   1214.5670 |   1214.2810 |   1214.7630 |   1214.3940 |   1214.2860 |   1214.2790 |   1214.4610 |   1214.2900 |   1214.2910 |   1214.5460 |   1214.3820 |   1214.3490 |   1214.3040 |   1214.3450 |   1214.2690 |   1214.2880 |   1214.4980 |   1214.4480 |   1214.2890 |
|        Runtime unhalted [s]       |   1208.5630 | 1209.2690 | 1209.1387 | 1209.1118 | 1209.0247 | 1208.8283 | 1209.1127 | 1209.0940 | 1209.1829 | 1209.1766 |   1209.3489 |   1209.2145 |   1209.2420 |   1209.3228 |   1209.3515 |   1209.1106 |   1209.2002 |   1209.3972 |   1208.4482 |   1208.6635 |   1208.9929 |   1208.6958 |   1208.6571 |   1208.6749 |   1209.0178 |   1208.9679 |   1208.7571 |   1208.7543 |   1208.8997 |   1208.9340 |   1208.7433 |   1209.1724 |   1208.7159 |   1208.6717 |   1208.9507 |   1208.8780 |   1209.9628 |   1210.0936 |   1210.2940 |   1210.1645 |   1210.0639 |
|            Clock [MHz]            |   2394.3116 | 2394.0533 | 2394.3128 | 2394.2109 | 2394.3149 | 2394.3176 | 2394.3161 | 2394.3145 | 2394.3088 | 2394.3121 |   2394.3099 |   2394.3103 |   2394.3098 |   2393.8491 |   2394.3059 |   2394.3103 |   2394.3126 |   2394.3117 |   2394.3138 |   2394.3146 |   2394.3137 |   2394.3118 |   2393.9608 |   2394.3126 |   2393.3963 |   2394.3109 |   2394.3101 |   2394.3122 |   2394.3111 |   2394.3110 |   2394.3159 |   2393.8938 |   2394.3151 |   2394.3167 |   2394.3132 |   2394.3128 |   2394.3145 |   2394.3120 |   2393.9044 |   2394.1540 |   2394.3124 |
|                CPI                |      0.4912 |    0.5067 |    0.5127 |    0.5137 |    0.5040 |    0.4996 |    0.5002 |    0.5003 |    0.5077 |    0.4935 |      0.4932 |      0.4916 |      0.4917 |      0.4970 |      0.4999 |      0.4969 |      0.4945 |      0.4964 |      0.7694 |      0.8317 |      0.8567 |      0.8387 |      0.8632 |      0.8521 |      0.8675 |      0.8549 |      0.8601 |      0.8231 |      0.7982 |      0.7441 |      0.8168 |      0.7624 |      0.8597 |      0.8516 |      0.8618 |      0.8700 |      0.4073 |      0.4070 |      0.4079 |      0.4034 |      0.4037 |
|             Energy [J]            | 281559.6808 |         0 |         0 |         0 |         0 |         0 |         0 |         0 |         0 |         0 |           0 |           0 |           0 |           0 |           0 |           0 |           0 |           0 |           0 |           0 |           0 |           0 |           0 |           0 |           0 |           0 |           0 |           0 |           0 |           0 |           0 |           0 |           0 |           0 |           0 |           0 | 141484.6381 |           0 |           0 |           0 |           0 |
|             Power [W]             |    231.8753 |         0 |         0 |         0 |         0 |         0 |         0 |         0 |         0 |         0 |           0 |           0 |           0 |           0 |           0 |           0 |           0 |           0 |           0 |           0 |           0 |           0 |           0 |           0 |           0 |           0 |           0 |           0 |           0 |           0 |           0 |           0 |           0 |           0 |           0 |           0 |    116.5184 |           0 |           0 |           0 |           0 |
|          Energy DRAM [J]          |  26183.5505 |         0 |         0 |         0 |         0 |         0 |         0 |         0 |         0 |         0 |           0 |           0 |           0 |           0 |           0 |           0 |           0 |           0 |           0 |           0 |           0 |           0 |           0 |           0 |           0 |           0 |           0 |           0 |           0 |           0 |           0 |           0 |           0 |           0 |           0 |           0 |  11305.7320 |           0 |           0 |           0 |           0 |
|           Power DRAM [W]          |     21.5632 |         0 |         0 |         0 |         0 |         0 |         0 |         0 |         0 |         0 |           0 |           0 |           0 |           0 |           0 |           0 |           0 |           0 |           0 |           0 |           0 |           0 |           0 |           0 |           0 |           0 |           0 |           0 |           0 |           0 |           0 |           0 |           0 |           0 |           0 |           0 |      9.3107 |           0 |           0 |           0 |           0 |
|            DP [MFLOP/s]           |   1594.5897 | 1594.1018 | 1607.4619 | 1593.9482 | 1594.2593 | 1594.1963 | 1594.2632 | 1594.2501 | 1607.4631 | 1594.0663 |   1594.2632 |   1594.2330 |   1594.2632 |   1593.7999 |   1607.2567 |   1594.2606 |   1594.2697 |   1594.1214 |   1594.1542 |   1594.2803 |   1607.5465 |   1594.2566 |   1593.9035 |   1594.2789 |   1593.6463 |   1594.1306 |   1607.5531 |   1594.2815 |   1594.0426 |   1594.2671 |   1594.2658 |   1593.9310 |   1607.4260 |   1594.1896 |   1594.2487 |   1594.1949 |   1594.2946 |   1594.2697 |   1607.2724 |   1594.0596 |   1594.2683 |
|          AVX DP [MFLOP/s]         |    291.5970 |  291.2640 |  286.8317 |  291.2360 |  291.2928 |  291.2813 |  291.2936 |  291.2912 |  286.8319 |  291.2576 |    291.2936 |    291.2880 |    291.2936 |    291.2089 |    286.7951 |    291.2931 |    291.2948 |    291.2676 |    291.2736 |    291.2967 |    286.8468 |    291.2924 |    291.2278 |    291.2964 |    291.1808 |    291.2693 |    286.8480 |    291.2969 |    291.2533 |    291.2943 |    291.2940 |    291.2329 |    286.8253 |    291.2801 |    291.2909 |    291.2811 |    291.2993 |    291.2948 |    286.7979 |    291.2564 |    291.2945 |
|          Packed [MUOPS/s]         |     36.4496 |   36.4080 |   35.8540 |   36.4045 |   36.4116 |   36.4102 |   36.4117 |   36.4114 |   35.8540 |   36.4072 |     36.4117 |     36.4110 |     36.4117 |     36.4011 |     35.8494 |     36.4116 |     36.4118 |     36.4085 |     36.4092 |     36.4121 |     35.8558 |     36.4115 |     36.4035 |     36.4121 |     36.3976 |     36.4087 |     35.8560 |     36.4121 |     36.4067 |     36.4118 |     36.4118 |     36.4041 |     35.8532 |     36.4100 |     36.4114 |     36.4101 |     36.4124 |     36.4118 |     35.8497 |     36.4070 |     36.4118 |
|          Scalar [MUOPS/s]         |   1302.9927 | 1302.8377 | 1320.6302 | 1302.7122 | 1302.9665 | 1302.9150 | 1302.9697 | 1302.9589 | 1320.6312 | 1302.8087 |   1302.9697 |   1302.9450 |   1302.9697 |   1302.5910 |   1320.4616 |   1302.9675 |   1302.9750 |   1302.8538 |   1302.8806 |   1302.9836 |   1320.6997 |   1302.9643 |   1302.6757 |   1302.9825 |   1302.4655 |   1302.8612 |   1320.7051 |   1302.9846 |   1302.7894 |   1302.9728 |   1302.9717 |   1302.6982 |   1320.6007 |   1302.9095 |   1302.9578 |   1302.9138 |   1302.9953 |   1302.9749 |   1320.4745 |   1302.8032 |   1302.9738 |
|  Memory read bandwidth [MBytes/s] |  72294.2096 |         0 |         0 |         0 |         0 |         0 |         0 |         0 |         0 |         0 |           0 |           0 |           0 |           0 |           0 |           0 |           0 |           0 |           0 |           0 |           0 |           0 |           0 |           0 |           0 |           0 |           0 |           0 |           0 |           0 |           0 |           0 |           0 |           0 |           0 |           0 |   6268.5873 |           0 |           0 |           0 |           0 |
|  Memory read data volume [GBytes] |  87784.8345 |         0 |         0 |         0 |         0 |         0 |         0 |         0 |         0 |         0 |           0 |           0 |           0 |           0 |           0 |           0 |           0 |           0 |           0 |           0 |           0 |           0 |           0 |           0 |           0 |           0 |           0 |           0 |           0 |           0 |           0 |           0 |           0 |           0 |           0 |           0 |   7611.7512 |           0 |           0 |           0 |           0 |
| Memory write bandwidth [MBytes/s] |  36999.6156 |         0 |         0 |         0 |         0 |         0 |         0 |         0 |         0 |         0 |           0 |           0 |           0 |           0 |           0 |           0 |           0 |           0 |           0 |           0 |           0 |           0 |           0 |           0 |           0 |           0 |           0 |           0 |           0 |           0 |           0 |           0 |           0 |           0 |           0 |           0 |   3871.7859 |           0 |           0 |           0 |           0 |
| Memory write data volume [GBytes] |  44927.5973 |         0 |         0 |         0 |         0 |         0 |         0 |         0 |         0 |         0 |           0 |           0 |           0 |           0 |           0 |           0 |           0 |           0 |           0 |           0 |           0 |           0 |           0 |           0 |           0 |           0 |           0 |           0 |           0 |           0 |           0 |           0 |           0 |           0 |           0 |           0 |   4701.3897 |           0 |           0 |           0 |           0 |
|    Memory bandwidth [MBytes/s]    | 109293.8252 |         0 |         0 |         0 |         0 |         0 |         0 |         0 |         0 |         0 |           0 |           0 |           0 |           0 |           0 |           0 |           0 |           0 |           0 |           0 |           0 |           0 |           0 |           0 |           0 |           0 |           0 |           0 |           0 |           0 |           0 |           0 |           0 |           0 |           0 |           0 |  10140.3732 |           0 |           0 |           0 |           0 |
|    Memory data volume [GBytes]    | 132712.4317 |         0 |         0 |         0 |         0 |         0 |         0 |         0 |         0 |         0 |           0 |           0 |           0 |           0 |           0 |           0 |           0 |           0 |           0 |           0 |           0 |           0 |           0 |           0 |           0 |           0 |           0 |           0 |           0 |           0 |           0 |           0 |           0 |           0 |           0 |           0 |  12313.1408 |           0 |           0 |           0 |           0 |
|       Operational intensity       |      0.0146 |         0 |         0 |         0 |         0 |         0 |         0 |         0 |         0 |         0 |           0 |           0 |           0 |           0 |           0 |           0 |           0 |           0 |           0 |           0 |           0 |           0 |           0 |           0 |           0 |           0 |           0 |           0 |           0 |           0 |           0 |           0 |           0 |           0 |           0 |           0 |      0.1572 |           0 |           0 |           0 |           0 |
+-----------------------------------+-------------+-----------+-----------+-----------+-----------+-----------+-----------+-----------+-----------+-----------+-------------+-------------+-------------+-------------+-------------+-------------+-------------+-------------+-------------+-------------+-------------+-------------+-------------+-------------+-------------+-------------+-------------+-------------+-------------+-------------+-------------+-------------+-------------+-------------+-------------+-------------+-------------+-------------+-------------+-------------+-------------+

+----------------------------------------+-------------+-----------+-------------+------------+-----------+-----------+-----------+
|                 Metric                 |     Sum     |    Min    |     Max     |     Avg    |  %ile 25  |  %ile 50  |  %ile 75  |
+----------------------------------------+-------------+-----------+-------------+------------+-----------+-----------+-----------+
|        Runtime (RDTSC) [s] STAT        |  49789.2260 | 1214.2690 |   1214.7630 |  1214.3714 | 1214.2900 | 1214.3160 | 1214.4160 |
|        Runtime unhalted [s] STAT       |  49573.8634 | 1208.4482 |   1210.2940 |  1209.1186 | 1208.7543 | 1209.0940 | 1209.2420 |
|            Clock [MHz] STAT            |  98163.7359 | 2393.3963 |   2394.3176 |  2394.2375 | 2394.3088 | 2394.3118 | 2394.3137 |
|                CPI STAT                |     26.0021 |    0.4034 |      0.8700 |     0.6342 |    0.4935 |    0.5077 |    0.8387 |
|             Energy [J] STAT            | 423044.3189 |         0 | 281559.6808 | 10318.1541 |         0 |         0 |         0 |
|             Power [W] STAT             |    348.3937 |         0 |    231.8753 |     8.4974 |         0 |         0 |         0 |
|          Energy DRAM [J] STAT          |  37489.2825 |         0 |  26183.5505 |   914.3727 |         0 |         0 |         0 |
|           Power DRAM [W] STAT          |     30.8739 |         0 |     21.5632 |     0.7530 |         0 |         0 |         0 |
|            DP [MFLOP/s] STAT           |  65453.8294 | 1593.6463 |   1607.5531 |  1596.4349 | 1594.1214 | 1594.2606 | 1594.2803 |
|          AVX DP [MFLOP/s] STAT         |  11911.4353 |  286.7951 |    291.5970 |   290.5228 |  291.2278 |  291.2811 |  291.2936 |
|          Packed [MUOPS/s] STAT         |   1488.9294 |   35.8494 |     36.4496 |    36.3154 |   36.4035 |   36.4101 |   36.4117 |
|          Scalar [MUOPS/s] STAT         |  53542.3945 | 1302.4655 |   1320.7051 |  1305.9121 | 1302.8538 | 1302.9675 | 1302.9836 |
|  Memory read bandwidth [MBytes/s] STAT |  78562.7969 |         0 |  72294.2096 |  1916.1658 |         0 |         0 |         0 |
|  Memory read data volume [GBytes] STAT |  95396.5857 |         0 |  87784.8345 |  2326.7460 |         0 |         0 |         0 |
| Memory write bandwidth [MBytes/s] STAT |  40871.4015 |         0 |  36999.6156 |   996.8635 |         0 |         0 |         0 |
| Memory write data volume [GBytes] STAT |  49628.9870 |         0 |  44927.5973 |  1210.4631 |         0 |         0 |         0 |
|    Memory bandwidth [MBytes/s] STAT    | 119434.1984 |         0 | 109293.8252 |  2913.0292 |         0 |         0 |         0 |
|    Memory data volume [GBytes] STAT    | 145025.5725 |         0 | 132712.4317 |  3537.2091 |         0 |         0 |         0 |
|       Operational intensity STAT       |      0.1718 |         0 |      0.1572 |     0.0042 |         0 |         0 |         0 |
+----------------------------------------+-------------+-----------+-------------+------------+-----------+-----------+-----------+

