WARN: Cannot extract OpenMP vendor from executable or commandline, assuming no OpenMP
 nx_glob, nz_glob:                  3000                  1250
 dx,dz:    8.00000000000000        8.00000000000000     
 dt:   2.666666666666666E-002
Group: 1
+------------------------------------------+---------+----------------+----------------+----------------+----------------+----------------+----------------+----------------+----------------+----------------+----------------+----------------+----------------+----------------+
|                   Event                  | Counter |    f0608:0:0   |    f0608:1:1   |    f0608:2:2   |    f0608:3:3   |    f0608:4:4   |    f0608:5:5   |    f0608:6:6   |    f0608:7:7   |    f0608:8:8   |    f0608:9:9   |   f0608:10:10  |   f0608:11:11  |   f0608:12:12  |
+------------------------------------------+---------+----------------+----------------+----------------+----------------+----------------+----------------+----------------+----------------+----------------+----------------+----------------+----------------+----------------+
|             INSTR_RETIRED_ANY            |  FIXC0  | 10109505703568 | 10174688911644 | 11923472723664 | 10218805319411 | 10105303004288 | 10986404041684 | 10569461346784 | 10114393632663 | 10158766714471 | 10171684182647 | 10568650607871 | 11022329660371 | 10846185386529 |
|           CPU_CLK_UNHALTED_CORE          |  FIXC1  |  7752125526264 |  7754173289854 |  7755487287627 |  7753768589280 |  7754333897286 |  7754241679142 |  7754132506133 |  7754325244566 |  7755150773267 |  7754111180407 |  7753760020305 |  7755558975619 |  7755211586338 |
|           CPU_CLK_UNHALTED_REF           |  FIXC2  |  7752123278496 |  7754170952064 |  7755482111040 |  7753769418144 |  7754332359168 |  7754238597600 |  7754133614880 |  7754330420736 |  7755148569504 |  7754112696288 |  7753758185472 |  7755559060992 |  7755217267488 |
|               TOPDOWN_SLOTS              |  FIXC3  | 38760627631320 | 38770866449270 | 38777436438135 | 38768842946400 | 38771669486430 | 38771208395710 | 38770662530665 | 38771626222830 | 38775753866335 | 38770555902035 | 38768800101525 | 38777794878095 | 38776057931690 |
|              PWR_PKG_ENERGY              |   PWR0  |    475611.8325 |              0 |              0 |              0 |              0 |              0 |              0 |              0 |              0 |              0 |              0 |              0 |              0 |
|              PWR_DRAM_ENERGY             |   PWR3  |     43368.0313 |              0 |              0 |              0 |              0 |              0 |              0 |              0 |              0 |              0 |              0 |              0 |              0 |
| FP_ARITH_INST_RETIRED_128B_PACKED_DOUBLE |   PMC0  |              0 |              0 |              0 |              0 |              0 |              0 |              0 |              0 |              0 |              0 |              0 |              0 |              0 |
|    FP_ARITH_INST_RETIRED_SCALAR_DOUBLE   |   PMC1  |  4983435139125 |  4983434524692 |  4961907639430 |  4983434518702 |  4983434519186 |  4983434517898 |  4961907637760 |  4983434516692 |  4983434513020 |  4983434515112 |  4961907627210 |  4983434517052 |  4983434504808 |
| FP_ARITH_INST_RETIRED_256B_PACKED_DOUBLE |   PMC2  |              0 |              0 |              0 |              0 |              0 |              0 |              0 |              0 |              0 |              0 |              0 |              0 |              0 |
| FP_ARITH_INST_RETIRED_512B_PACKED_DOUBLE |   PMC3  |   100244992635 |   100199698122 |    98132486250 |   100199698122 |   100199698122 |   100199698122 |    98132486250 |   100199698122 |   100199698122 |   100199698122 |    98132486250 |   100199698122 |   100199698122 |
|               CAS_COUNT_RD               | MBOX0C0 |   386888635327 |              0 |              0 |              0 |              0 |              0 |              0 |              0 |              0 |              0 |              0 |              0 |              0 |
|               CAS_COUNT_WR               | MBOX0C1 |   192685682577 |              0 |              0 |              0 |              0 |              0 |              0 |              0 |              0 |              0 |              0 |              0 |              0 |
|               CAS_COUNT_RD               | MBOX1C0 |   386883696895 |              0 |              0 |              0 |              0 |              0 |              0 |              0 |              0 |              0 |              0 |              0 |              0 |
|               CAS_COUNT_WR               | MBOX1C1 |   192666406016 |              0 |              0 |              0 |              0 |              0 |              0 |              0 |              0 |              0 |              0 |              0 |              0 |
|               CAS_COUNT_RD               | MBOX2C0 |   386871495115 |              0 |              0 |              0 |              0 |              0 |              0 |              0 |              0 |              0 |              0 |              0 |              0 |
|               CAS_COUNT_WR               | MBOX2C1 |   192663248733 |              0 |              0 |              0 |              0 |              0 |              0 |              0 |              0 |              0 |              0 |              0 |              0 |
|               CAS_COUNT_RD               | MBOX3C0 |   386880296826 |              0 |              0 |              0 |              0 |              0 |              0 |              0 |              0 |              0 |              0 |              0 |              0 |
|               CAS_COUNT_WR               | MBOX3C1 |   192677635173 |              0 |              0 |              0 |              0 |              0 |              0 |              0 |              0 |              0 |              0 |              0 |              0 |
|               CAS_COUNT_RD               | MBOX4C0 |       14273512 |              0 |              0 |              0 |              0 |              0 |              0 |              0 |              0 |              0 |              0 |              0 |              0 |
|               CAS_COUNT_WR               | MBOX4C1 |       15447180 |              0 |              0 |              0 |              0 |              0 |              0 |              0 |              0 |              0 |              0 |              0 |              0 |
|               CAS_COUNT_RD               | MBOX5C0 |       14318034 |              0 |              0 |              0 |              0 |              0 |              0 |              0 |              0 |              0 |              0 |              0 |              0 |
|               CAS_COUNT_WR               | MBOX5C1 |       15279744 |              0 |              0 |              0 |              0 |              0 |              0 |              0 |              0 |              0 |              0 |              0 |              0 |
|               CAS_COUNT_RD               | MBOX6C0 |       14776787 |              0 |              0 |              0 |              0 |              0 |              0 |              0 |              0 |              0 |              0 |              0 |              0 |
|               CAS_COUNT_WR               | MBOX6C1 |       15647997 |              0 |              0 |              0 |              0 |              0 |              0 |              0 |              0 |              0 |              0 |              0 |              0 |
|               CAS_COUNT_RD               | MBOX7C0 |       14122940 |              0 |              0 |              0 |              0 |              0 |              0 |              0 |              0 |              0 |              0 |              0 |              0 |
|               CAS_COUNT_WR               | MBOX7C1 |       15443609 |              0 |              0 |              0 |              0 |              0 |              0 |              0 |              0 |              0 |              0 |              0 |              0 |
+------------------------------------------+---------+----------------+----------------+----------------+----------------+----------------+----------------+----------------+----------------+----------------+----------------+----------------+----------------+----------------+

+-----------------------------------------------+---------+-----------------+----------------+----------------+--------------+
|                     Event                     | Counter |       Sum       |       Min      |       Max      |      Avg     |
+-----------------------------------------------+---------+-----------------+----------------+----------------+--------------+
|             INSTR_RETIRED_ANY STAT            |  FIXC0  | 136969651235595 | 10105303004288 | 11923472723664 |      nil     |
|           CPU_CLK_UNHALTED_CORE STAT          |  FIXC1  | 100806380556088 |  7752125526264 |  7755558975619 | 7.754337e+12 |
|           CPU_CLK_UNHALTED_REF STAT           |  FIXC2  | 100806376531872 |  7752123278496 |  7755559060992 | 7.754337e+12 |
|               TOPDOWN_SLOTS STAT              |  FIXC3  | 504031902780440 | 38760627631320 | 38777794878095 |      nil     |
|              PWR_PKG_ENERGY STAT              |   PWR0  |     475611.8325 |              0 |    475611.8325 |   36585.5256 |
|              PWR_DRAM_ENERGY STAT             |   PWR3  |      43368.0313 |              0 |     43368.0313 |    3336.0024 |
| FP_ARITH_INST_RETIRED_128B_PACKED_DOUBLE STAT |   PMC0  |               0 |              0 |              0 |            0 |
|    FP_ARITH_INST_RETIRED_SCALAR_DOUBLE STAT   |   PMC1  |  64720068690687 |  4961907627210 |  4983435139125 | 4.978467e+12 |
| FP_ARITH_INST_RETIRED_256B_PACKED_DOUBLE STAT |   PMC2  |               0 |              0 |              0 |            0 |
| FP_ARITH_INST_RETIRED_512B_PACKED_DOUBLE STAT |   PMC3  |   1296439734483 |    98132486250 |   100244992635 | 9.972613e+10 |
|               CAS_COUNT_RD STAT               | MBOX0C0 |    386888635327 |              0 |   386888635327 | 2.976066e+10 |
|               CAS_COUNT_WR STAT               | MBOX0C1 |    192685682577 |              0 |   192685682577 | 1.482198e+10 |
|               CAS_COUNT_RD STAT               | MBOX1C0 |    386883696895 |              0 |   386883696895 | 2.976028e+10 |
|               CAS_COUNT_WR STAT               | MBOX1C1 |    192666406016 |              0 |   192666406016 | 1.482049e+10 |
|               CAS_COUNT_RD STAT               | MBOX2C0 |    386871495115 |              0 |   386871495115 | 2.975935e+10 |
|               CAS_COUNT_WR STAT               | MBOX2C1 |    192663248733 |              0 |   192663248733 | 1.482025e+10 |
|               CAS_COUNT_RD STAT               | MBOX3C0 |    386880296826 |              0 |   386880296826 | 2.976002e+10 |
|               CAS_COUNT_WR STAT               | MBOX3C1 |    192677635173 |              0 |   192677635173 | 1.482136e+10 |
|               CAS_COUNT_RD STAT               | MBOX4C0 |        14273512 |              0 |       14273512 | 1.097962e+06 |
|               CAS_COUNT_WR STAT               | MBOX4C1 |        15447180 |              0 |       15447180 | 1.188245e+06 |
|               CAS_COUNT_RD STAT               | MBOX5C0 |        14318034 |              0 |       14318034 | 1.101387e+06 |
|               CAS_COUNT_WR STAT               | MBOX5C1 |        15279744 |              0 |       15279744 | 1.175365e+06 |
|               CAS_COUNT_RD STAT               | MBOX6C0 |        14776787 |              0 |       14776787 | 1.136676e+06 |
|               CAS_COUNT_WR STAT               | MBOX6C1 |        15647997 |              0 |       15647997 | 1.203692e+06 |
|               CAS_COUNT_RD STAT               | MBOX7C0 |        14122940 |              0 |       14122940 |      1086380 |
|               CAS_COUNT_WR STAT               | MBOX7C1 |        15443609 |              0 |       15443609 | 1.187970e+06 |
+-----------------------------------------------+---------+-----------------+----------------+----------------+--------------+

+-----------------------------------+-------------+-----------+-----------+-----------+-----------+-----------+-----------+-----------+-----------+-----------+-------------+-------------+-------------+
|               Metric              |  f0608:0:0  | f0608:1:1 | f0608:2:2 | f0608:3:3 | f0608:4:4 | f0608:5:5 | f0608:6:6 | f0608:7:7 | f0608:8:8 | f0608:9:9 | f0608:10:10 | f0608:11:11 | f0608:12:12 |
+-----------------------------------+-------------+-----------+-----------+-----------+-----------+-----------+-----------+-----------+-----------+-----------+-------------+-------------+-------------+
|        Runtime (RDTSC) [s]        |   3247.9070 | 3247.9220 | 3247.9250 | 3247.9430 | 3247.9240 | 3247.9780 | 3247.9750 | 3247.9370 | 3247.9310 | 3247.9510 |   3247.8990 |   3248.0230 |   3247.9390 |
|        Runtime unhalted [s]       |   3237.7235 | 3238.5799 | 3239.1213 | 3238.4310 | 3238.6498 | 3238.6087 | 3238.5662 | 3238.6392 | 3238.9839 | 3238.5583 |   3238.4045 |   3239.2207 |   3239.0043 |
|            Clock [MHz]            |   2394.3144 | 2394.3135 | 2394.3199 | 2394.2977 | 2394.3112 | 2394.3136 | 2394.3100 | 2394.3143 | 2394.3166 | 2394.3091 |   2394.3155 |   2394.2669 |   2394.3179 |
|                CPI                |      0.7668 |    0.7621 |    0.6504 |    0.7588 |    0.7674 |    0.7058 |    0.7336 |    0.7667 |    0.7634 |    0.7623 |      0.7337 |      0.7036 |      0.7150 |
|             Energy [J]            | 475611.8325 |         0 |         0 |         0 |         0 |         0 |         0 |         0 |         0 |         0 |           0 |           0 |           0 |
|             Power [W]             |    146.4364 |         0 |         0 |         0 |         0 |         0 |         0 |         0 |         0 |         0 |           0 |           0 |           0 |
|          Energy DRAM [J]          |  43368.0313 |         0 |         0 |         0 |         0 |         0 |         0 |         0 |         0 |         0 |           0 |           0 |           0 |
|           Power DRAM [W]          |     13.3526 |         0 |         0 |         0 |         0 |         0 |         0 |         0 |         0 |         0 |           0 |           0 |           0 |
|            DP [MFLOP/s]           |   1781.2687 | 1781.1487 | 1769.4274 | 1781.1372 | 1781.1476 | 1781.1180 | 1769.4002 | 1781.1405 | 1781.1438 | 1781.1328 |   1769.4416 |   1781.0933 |   1781.1394 |
|          AVX DP [MFLOP/s]         |    246.9159 |  246.8032 |  241.7112 |  246.8016 |  246.8031 |  246.7990 |  241.7075 |  246.8021 |  246.8025 |  246.8010 |    241.7131 |    246.7955 |    246.8019 |
|          Packed [MUOPS/s]         |     30.8645 |   30.8504 |   30.2139 |   30.8502 |   30.8504 |   30.8499 |   30.2134 |   30.8503 |   30.8503 |   30.8501 |     30.2141 |     30.8494 |     30.8502 |
|          Scalar [MUOPS/s]         |   1534.3528 | 1534.3455 | 1527.7162 | 1534.3356 | 1534.3446 | 1534.3190 | 1527.6927 | 1534.3384 | 1534.3413 | 1534.3318 |   1527.7284 |   1534.2978 |   1534.3375 |
|  Memory read bandwidth [MBytes/s] |  30495.0922 |         0 |         0 |         0 |         0 |         0 |         0 |         0 |         0 |         0 |           0 |           0 |           0 |
|  Memory read data volume [GBytes] |  99045.2234 |         0 |         0 |         0 |         0 |         0 |         0 |         0 |         0 |         0 |           0 |           0 |           0 |
| Memory write bandwidth [MBytes/s] |  15187.7214 |         0 |         0 |         0 |         0 |         0 |         0 |         0 |         0 |         0 |           0 |           0 |           0 |
| Memory write data volume [GBytes] |  49328.3066 |         0 |         0 |         0 |         0 |         0 |         0 |         0 |         0 |         0 |           0 |           0 |           0 |
|    Memory bandwidth [MBytes/s]    |  45682.8136 |         0 |         0 |         0 |         0 |         0 |         0 |         0 |         0 |         0 |           0 |           0 |           0 |
|    Memory data volume [GBytes]    | 148373.5300 |         0 |         0 |         0 |         0 |         0 |         0 |         0 |         0 |         0 |           0 |           0 |           0 |
|       Operational intensity       |      0.0390 |         0 |         0 |         0 |         0 |         0 |         0 |         0 |         0 |         0 |           0 |           0 |           0 |
+-----------------------------------+-------------+-----------+-----------+-----------+-----------+-----------+-----------+-----------+-----------+-----------+-------------+-------------+-------------+

+----------------------------------------+-------------+-----------+-------------+------------+-----------+-----------+-----------+
|                 Metric                 |     Sum     |    Min    |     Max     |     Avg    |  %ile 25  |  %ile 50  |  %ile 75  |
+----------------------------------------+-------------+-----------+-------------+------------+-----------+-----------+-----------+
|        Runtime (RDTSC) [s] STAT        |  42223.2540 | 3247.8990 |   3248.0230 |  3247.9426 | 3247.9220 | 3247.9370 | 3247.9510 |
|        Runtime unhalted [s] STAT       |  42102.4913 | 3237.7235 |   3239.2207 |  3238.6532 | 3238.4310 | 3238.6087 | 3238.9839 |
|            Clock [MHz] STAT            |  31126.0206 | 2394.2669 |   2394.3199 |  2394.3093 | 2394.3091 | 2394.3136 | 2394.3155 |
|                CPI STAT                |      9.5896 |    0.6504 |      0.7674 |     0.7377 |    0.7058 |    0.7588 |    0.7634 |
|             Energy [J] STAT            | 475611.8325 |         0 | 475611.8325 | 36585.5256 |         0 |         0 |         0 |
|             Power [W] STAT             |    146.4364 |         0 |    146.4364 |    11.2643 |         0 |         0 |         0 |
|          Energy DRAM [J] STAT          |  43368.0313 |         0 |  43368.0313 |  3336.0024 |         0 |         0 |         0 |
|           Power DRAM [W] STAT          |     13.3526 |         0 |     13.3526 |     1.0271 |         0 |         0 |         0 |
|            DP [MFLOP/s] STAT           |  23119.7392 | 1769.4002 |   1781.2687 |  1778.4415 | 1769.4416 | 1781.1372 | 1781.1438 |
|          AVX DP [MFLOP/s] STAT         |   3193.2576 |  241.7075 |    246.9159 |   245.6352 |  241.7131 |  246.8016 |  246.8025 |
|          Packed [MUOPS/s] STAT         |    399.1571 |   30.2134 |     30.8645 |    30.7044 |   30.2141 |   30.8502 |   30.8503 |
|          Scalar [MUOPS/s] STAT         |  19926.4816 | 1527.6927 |   1534.3528 |  1532.8063 | 1527.7284 | 1534.3356 | 1534.3413 |
|  Memory read bandwidth [MBytes/s] STAT |  30495.0922 |         0 |  30495.0922 |  2345.7763 |         0 |         0 |         0 |
|  Memory read data volume [GBytes] STAT |  99045.2234 |         0 |  99045.2234 |  7618.8633 |         0 |         0 |         0 |
| Memory write bandwidth [MBytes/s] STAT |  15187.7214 |         0 |  15187.7214 |  1168.2863 |         0 |         0 |         0 |
| Memory write data volume [GBytes] STAT |  49328.3066 |         0 |  49328.3066 |  3794.4851 |         0 |         0 |         0 |
|    Memory bandwidth [MBytes/s] STAT    |  45682.8136 |         0 |  45682.8136 |  3514.0626 |         0 |         0 |         0 |
|    Memory data volume [GBytes] STAT    | 148373.5300 |         0 | 148373.5300 | 11413.3485 |         0 |         0 |         0 |
|       Operational intensity STAT       |      0.0390 |         0 |      0.0390 |     0.0030 |         0 |         0 |         0 |
+----------------------------------------+-------------+-----------+-------------+------------+-----------+-----------+-----------+

