WARN: Cannot extract OpenMP vendor from executable or commandline, assuming no OpenMP
 nx_glob, nz_glob:                  3000                  1250
 dx,dz:    8.00000000000000        8.00000000000000     
 dt:   2.666666666666666E-002
Group: 1
+------------------------------------------+---------+----------------+----------------+----------------+----------------+----------------+----------------+----------------+----------------+----------------+----------------+----------------+----------------+----------------+----------------+----------------+----------------+----------------+----------------+----------------+----------------+----------------+----------------+----------------+----------------+----------------+----------------+----------------+----------------+----------------+----------------+----------------+----------------+----------------+----------------+----------------+----------------+----------------+
|                   Event                  | Counter |    f0608:0:0   |    f0608:1:1   |    f0608:2:2   |    f0608:3:3   |    f0608:4:4   |    f0608:5:5   |    f0608:6:6   |    f0608:7:7   |    f0608:8:8   |    f0608:9:9   |   f0608:10:10  |   f0608:11:11  |   f0608:12:12  |   f0608:13:13  |   f0608:14:14  |   f0608:15:15  |   f0608:16:16  |   f0608:17:17  |   f0608:18:18  |   f0608:19:19  |   f0608:20:20  |   f0608:21:21  |   f0608:22:22  |   f0608:23:23  |   f0608:24:24  |   f0608:25:25  |   f0608:26:26  |   f0608:27:27  |   f0608:28:28  |   f0608:29:29  |   f0608:30:30  |   f0608:31:31  |   f0608:32:32  |   f0608:33:33  |   f0608:34:34  |   f0608:35:35  |   f0608:36:36  |
+------------------------------------------+---------+----------------+----------------+----------------+----------------+----------------+----------------+----------------+----------------+----------------+----------------+----------------+----------------+----------------+----------------+----------------+----------------+----------------+----------------+----------------+----------------+----------------+----------------+----------------+----------------+----------------+----------------+----------------+----------------+----------------+----------------+----------------+----------------+----------------+----------------+----------------+----------------+----------------+
|             INSTR_RETIRED_ANY            |  FIXC0  |  4449345184542 |  4188323751402 |  3670473172253 |  3711514545010 |  3690646821476 |  3687836541030 |  3707262849599 |  3689378779055 |  3753649269988 |  4010591888268 |  3705556736281 |  3683973417115 |  3868952208273 |  4129674980653 |  4048993030090 |  3832804474267 |  3938781637599 |  3676104944087 |  6351074093015 |  6361341580373 |  6348109819257 |  6316331805666 |  6317037071838 |  6287816292626 |  6383081547532 |  6347877850719 |  6409685216149 |  6315852315104 |  6342345814465 |  6374916778368 |  6311101088316 |  6402529662217 |  6308509738699 |  6089623351631 |  6271061563002 |  6266190627103 |  8195209942878 |
|           CPU_CLK_UNHALTED_CORE          |  FIXC1  |  3171779037195 |  3174077914073 |  3173621767232 |  3173790307082 |  3173301543443 |  3173795333849 |  3173014398515 |  3174268334399 |  3174280153819 |  3173612657599 |  3173870891231 |  3174082561668 |  3174277076495 |  3173019180848 |  3173903327283 |  3171202066806 |  3174736689848 |  3174267953260 |  3175442720894 |  3174160355498 |  3174677257564 |  3174780837394 |  3174444371790 |  3174182450913 |  3174205412435 |  3174858295883 |  3174592398512 |  3174483114389 |  3174793902743 |  3174575601281 |  3174506236607 |  3174418865611 |  3174776906599 |  3174634000936 |  3174877609537 |  3174542610152 |  3177889239636 |
|           CPU_CLK_UNHALTED_REF           |  FIXC2  |  3171782001600 |  3174077678112 |  3173621211936 |  3173790782976 |  3173302026720 |  3173796444960 |  3173015272608 |  3174268838880 |  3174279149760 |  3173611472640 |  3173873225184 |  3174083368128 |  3174278780064 |  3173019160512 |  3173902611072 |  3171204776928 |  3174739874688 |  3174269712192 |  3175441550112 |  3174159409344 |  3174678287808 |  3174779787648 |  3174443344704 |  3174180532512 |  3174203457216 |  3174857542560 |  3174591993504 |  3174482288640 |  3174793074048 |  3174574531680 |  3174504188352 |  3174418054368 |  3174776922240 |  3174634643328 |  3174877538688 |  3174539755104 |  3177891654144 |
|               TOPDOWN_SLOTS              |  FIXC3  | 15858895185975 | 15870389570365 | 15868108836160 | 15868951535410 | 15866507717215 | 15868976669245 | 15865071992575 | 15871341671995 | 15871400769095 | 15868063287995 | 15869354456155 | 15870412808340 | 15871385382475 | 15865095904240 | 15869516636415 | 15856010334030 | 15873683449240 | 15871339766300 | 15877213604470 | 15870801777490 | 15873386287820 | 15873904186970 | 15872221858950 | 15870912254565 | 15871027062175 | 15874291479415 | 15872961992560 | 15872415571945 | 15873969513715 | 15872878006405 | 15872531183035 | 15872094328055 | 15873884532995 | 15873170004680 | 15874388047685 | 15872713050760 | 15889446198180 |
|              PWR_PKG_ENERGY              |   PWR0  |    309064.3016 |              0 |              0 |              0 |              0 |              0 |              0 |              0 |              0 |              0 |              0 |              0 |              0 |              0 |              0 |              0 |              0 |              0 |              0 |              0 |              0 |              0 |              0 |              0 |              0 |              0 |              0 |              0 |              0 |              0 |              0 |              0 |              0 |              0 |              0 |              0 |    131190.3728 |
|              PWR_DRAM_ENERGY             |   PWR3  |     28905.7810 |              0 |              0 |              0 |              0 |              0 |              0 |              0 |              0 |              0 |              0 |              0 |              0 |              0 |              0 |              0 |              0 |              0 |              0 |              0 |              0 |              0 |              0 |              0 |              0 |              0 |              0 |              0 |              0 |              0 |              0 |              0 |              0 |              0 |              0 |              0 |      9965.3611 |
| FP_ARITH_INST_RETIRED_128B_PACKED_DOUBLE |   PMC0  |              0 |              0 |              0 |              0 |              0 |              0 |              0 |              0 |              0 |              0 |              0 |              0 |              0 |              0 |              0 |              0 |              0 |              0 |              0 |              0 |              0 |              0 |              0 |              0 |              0 |              0 |              0 |              0 |              0 |              0 |              0 |              0 |              0 |              0 |              0 |              0 |              0 |
|    FP_ARITH_INST_RETIRED_SCALAR_DOUBLE   |   PMC1  |  1754402638380 |  1754402029530 |  1754402006488 |  1754402009460 |  1754401996104 |  1754402017526 |  1775928877912 |  1754401994110 |  1754402000948 |  1754401987436 |  1754401973454 |  1754401975348 |  1754401973398 |  1754401978206 |  1754401968815 |  1754401958038 |  1754401960476 |  1754401955170 |  1775928827588 |  1754401938462 |  1754401947678 |  1754401925544 |  1754401931770 |  1754401919946 |  1754401923438 |  1754401909330 |  1754401889020 |  1754401886084 |  1754401894580 |  1754401881448 |  1775928764434 |  1754401883092 |  1754401877592 |  1754401862460 |  1754401861704 |  1754401861386 |  1754401882560 |
| FP_ARITH_INST_RETIRED_256B_PACKED_DOUBLE |   PMC2  |              0 |              0 |              0 |              0 |              0 |              0 |              0 |              0 |              0 |              0 |              0 |              0 |              0 |              0 |              0 |              0 |              0 |              0 |              0 |              0 |              0 |              0 |              0 |              0 |              0 |              0 |              0 |              0 |              0 |              0 |              0 |              0 |              0 |              0 |              0 |              0 |              0 |
| FP_ARITH_INST_RETIRED_512B_PACKED_DOUBLE |   PMC3  |    46453607013 |    46408312500 |    46408312500 |    46408312500 |    46408312500 |    46408312500 |    45058252500 |    46408312500 |    46408312500 |    46408312500 |    46408312500 |    46408312500 |    46408312500 |    46408312500 |    46408312500 |    46408312500 |    46408312500 |    46408312500 |    45058252500 |    46408312500 |    46408312500 |    46408312500 |    46408312500 |    46408312500 |    46408312500 |    46408312500 |    46408312500 |    46408312500 |    46408312500 |    46408312500 |    45058252500 |    46408312500 |    46408312500 |    46408312500 |    46408312500 |    46408312500 |    46408312500 |
|               CAS_COUNT_RD               | MBOX0C0 |   190441188607 |              0 |              0 |              0 |              0 |              0 |              0 |              0 |              0 |              0 |              0 |              0 |              0 |              0 |              0 |              0 |              0 |              0 |              0 |              0 |              0 |              0 |              0 |              0 |              0 |              0 |              0 |              0 |              0 |              0 |              0 |              0 |              0 |              0 |              0 |              0 |       50673825 |
|               CAS_COUNT_WR               | MBOX0C1 |    96901897138 |              0 |              0 |              0 |              0 |              0 |              0 |              0 |              0 |              0 |              0 |              0 |              0 |              0 |              0 |              0 |              0 |              0 |              0 |              0 |              0 |              0 |              0 |              0 |              0 |              0 |              0 |              0 |              0 |              0 |              0 |              0 |              0 |              0 |              0 |              0 |       70931958 |
|               CAS_COUNT_RD               | MBOX1C0 |   190382395984 |              0 |              0 |              0 |              0 |              0 |              0 |              0 |              0 |              0 |              0 |              0 |              0 |              0 |              0 |              0 |              0 |              0 |              0 |              0 |              0 |              0 |              0 |              0 |              0 |              0 |              0 |              0 |              0 |              0 |              0 |              0 |              0 |              0 |              0 |              0 |       54938183 |
|               CAS_COUNT_WR               | MBOX1C1 |    96887633547 |              0 |              0 |              0 |              0 |              0 |              0 |              0 |              0 |              0 |              0 |              0 |              0 |              0 |              0 |              0 |              0 |              0 |              0 |              0 |              0 |              0 |              0 |              0 |              0 |              0 |              0 |              0 |              0 |              0 |              0 |              0 |              0 |              0 |              0 |              0 |       75055161 |
|               CAS_COUNT_RD               | MBOX2C0 |   190379654607 |              0 |              0 |              0 |              0 |              0 |              0 |              0 |              0 |              0 |              0 |              0 |              0 |              0 |              0 |              0 |              0 |              0 |              0 |              0 |              0 |              0 |              0 |              0 |              0 |              0 |              0 |              0 |              0 |              0 |              0 |              0 |              0 |              0 |              0 |              0 |       50509745 |
|               CAS_COUNT_WR               | MBOX2C1 |    96896277819 |              0 |              0 |              0 |              0 |              0 |              0 |              0 |              0 |              0 |              0 |              0 |              0 |              0 |              0 |              0 |              0 |              0 |              0 |              0 |              0 |              0 |              0 |              0 |              0 |              0 |              0 |              0 |              0 |              0 |              0 |              0 |              0 |              0 |              0 |              0 |       71156666 |
|               CAS_COUNT_RD               | MBOX3C0 |   190436056989 |              0 |              0 |              0 |              0 |              0 |              0 |              0 |              0 |              0 |              0 |              0 |              0 |              0 |              0 |              0 |              0 |              0 |              0 |              0 |              0 |              0 |              0 |              0 |              0 |              0 |              0 |              0 |              0 |              0 |              0 |              0 |              0 |              0 |              0 |              0 |       50292323 |
|               CAS_COUNT_WR               | MBOX3C1 |    96890652366 |              0 |              0 |              0 |              0 |              0 |              0 |              0 |              0 |              0 |              0 |              0 |              0 |              0 |              0 |              0 |              0 |              0 |              0 |              0 |              0 |              0 |              0 |              0 |              0 |              0 |              0 |              0 |              0 |              0 |              0 |              0 |              0 |              0 |              0 |              0 |       71367171 |
|               CAS_COUNT_RD               | MBOX4C0 |   193969445346 |              0 |              0 |              0 |              0 |              0 |              0 |              0 |              0 |              0 |              0 |              0 |              0 |              0 |              0 |              0 |              0 |              0 |              0 |              0 |              0 |              0 |              0 |              0 |              0 |              0 |              0 |              0 |              0 |              0 |              0 |              0 |              0 |              0 |              0 |              0 |       65632618 |
|               CAS_COUNT_WR               | MBOX4C1 |    97165090412 |              0 |              0 |              0 |              0 |              0 |              0 |              0 |              0 |              0 |              0 |              0 |              0 |              0 |              0 |              0 |              0 |              0 |              0 |              0 |              0 |              0 |              0 |              0 |              0 |              0 |              0 |              0 |              0 |              0 |              0 |              0 |              0 |              0 |              0 |              0 |       58130965 |
|               CAS_COUNT_RD               | MBOX5C0 |   193997702484 |              0 |              0 |              0 |              0 |              0 |              0 |              0 |              0 |              0 |              0 |              0 |              0 |              0 |              0 |              0 |              0 |              0 |              0 |              0 |              0 |              0 |              0 |              0 |              0 |              0 |              0 |              0 |              0 |              0 |              0 |              0 |              0 |              0 |              0 |              0 |       62258277 |
|               CAS_COUNT_WR               | MBOX5C1 |    97165074143 |              0 |              0 |              0 |              0 |              0 |              0 |              0 |              0 |              0 |              0 |              0 |              0 |              0 |              0 |              0 |              0 |              0 |              0 |              0 |              0 |              0 |              0 |              0 |              0 |              0 |              0 |              0 |              0 |              0 |              0 |              0 |              0 |              0 |              0 |              0 |       48572608 |
|               CAS_COUNT_RD               | MBOX6C0 |   194011011309 |              0 |              0 |              0 |              0 |              0 |              0 |              0 |              0 |              0 |              0 |              0 |              0 |              0 |              0 |              0 |              0 |              0 |              0 |              0 |              0 |              0 |              0 |              0 |              0 |              0 |              0 |              0 |              0 |              0 |              0 |              0 |              0 |              0 |              0 |              0 |       57414775 |
|               CAS_COUNT_WR               | MBOX6C1 |    97162866504 |              0 |              0 |              0 |              0 |              0 |              0 |              0 |              0 |              0 |              0 |              0 |              0 |              0 |              0 |              0 |              0 |              0 |              0 |              0 |              0 |              0 |              0 |              0 |              0 |              0 |              0 |              0 |              0 |              0 |              0 |              0 |              0 |              0 |              0 |              0 |       48375243 |
|               CAS_COUNT_RD               | MBOX7C0 |   193973446167 |              0 |              0 |              0 |              0 |              0 |              0 |              0 |              0 |              0 |              0 |              0 |              0 |              0 |              0 |              0 |              0 |              0 |              0 |              0 |              0 |              0 |              0 |              0 |              0 |              0 |              0 |              0 |              0 |              0 |              0 |              0 |              0 |              0 |              0 |              0 |       65775401 |
|               CAS_COUNT_WR               | MBOX7C1 |    97161255713 |              0 |              0 |              0 |              0 |              0 |              0 |              0 |              0 |              0 |              0 |              0 |              0 |              0 |              0 |              0 |              0 |              0 |              0 |              0 |              0 |              0 |              0 |              0 |              0 |              0 |              0 |              0 |              0 |              0 |              0 |              0 |              0 |              0 |              0 |              0 |       57229347 |
+------------------------------------------+---------+----------------+----------------+----------------+----------------+----------------+----------------+----------------+----------------+----------------+----------------+----------------+----------------+----------------+----------------+----------------+----------------+----------------+----------------+----------------+----------------+----------------+----------------+----------------+----------------+----------------+----------------+----------------+----------------+----------------+----------------+----------------+----------------+----------------+----------------+----------------+----------------+----------------+

+-----------------------------------------------+---------+-----------------+----------------+----------------+--------------+
|                     Event                     | Counter |       Sum       |       Min      |       Max      |      Avg     |
+-----------------------------------------------+---------+-----------------+----------------+----------------+--------------+
|             INSTR_RETIRED_ANY STAT            |  FIXC0  | 191443560389946 |  3670473172253 |  8195209942878 | 5.174150e+12 |
|           CPU_CLK_UNHALTED_CORE STAT          |  FIXC1  | 117445743383019 |  3171202066806 |  3177889239636 | 3.174209e+12 |
|           CPU_CLK_UNHALTED_REF STAT           |  FIXC2  | 117445744944960 |  3171204776928 |  3177891654144 | 3.174209e+12 |
|               TOPDOWN_SLOTS STAT              |  FIXC3  | 587228716915095 | 15856010334030 | 15889446198180 |      nil     |
|              PWR_PKG_ENERGY STAT              |   PWR0  |     440254.6744 |              0 |    309064.3016 |   11898.7750 |
|              PWR_DRAM_ENERGY STAT             |   PWR3  |      38871.1421 |              0 |     28905.7810 |    1050.5714 |
| FP_ARITH_INST_RETIRED_128B_PACKED_DOUBLE STAT |   PMC0  |               0 |              0 |              0 |            0 |
|    FP_ARITH_INST_RETIRED_SCALAR_DOUBLE STAT   |   PMC1  |  64977453168915 |  1754401861386 |  1775928877912 | 1.756147e+12 |
| FP_ARITH_INST_RETIRED_256B_PACKED_DOUBLE STAT |   PMC2  |               0 |              0 |              0 |            0 |
| FP_ARITH_INST_RETIRED_512B_PACKED_DOUBLE STAT |   PMC3  |   1713102677013 |    45058252500 |    46453607013 | 4.630007e+10 |
|               CAS_COUNT_RD STAT               | MBOX0C0 |    190491862432 |              0 |   190441188607 | 5.148429e+09 |
|               CAS_COUNT_WR STAT               | MBOX0C1 |     96972829096 |              0 |    96901897138 | 2.620887e+09 |
|               CAS_COUNT_RD STAT               | MBOX1C0 |    190437334167 |              0 |   190382395984 | 5.146955e+09 |
|               CAS_COUNT_WR STAT               | MBOX1C1 |     96962688708 |              0 |    96887633547 | 2.620613e+09 |
|               CAS_COUNT_RD STAT               | MBOX2C0 |    190430164352 |              0 |   190379654607 | 5.146761e+09 |
|               CAS_COUNT_WR STAT               | MBOX2C1 |     96967434485 |              0 |    96896277819 | 2.620741e+09 |
|               CAS_COUNT_RD STAT               | MBOX3C0 |    190486349312 |              0 |   190436056989 | 5.148280e+09 |
|               CAS_COUNT_WR STAT               | MBOX3C1 |     96962019537 |              0 |    96890652366 | 2.620595e+09 |
|               CAS_COUNT_RD STAT               | MBOX4C0 |    194035077964 |              0 |   193969445346 | 5.244191e+09 |
|               CAS_COUNT_WR STAT               | MBOX4C1 |     97223221377 |              0 |    97165090412 | 2.627655e+09 |
|               CAS_COUNT_RD STAT               | MBOX5C0 |    194059960761 |              0 |   193997702484 | 5.244864e+09 |
|               CAS_COUNT_WR STAT               | MBOX5C1 |     97213646751 |              0 |    97165074143 | 2.627396e+09 |
|               CAS_COUNT_RD STAT               | MBOX6C0 |    194068426084 |              0 |   194011011309 | 5.245093e+09 |
|               CAS_COUNT_WR STAT               | MBOX6C1 |     97211241747 |              0 |    97162866504 | 2.627331e+09 |
|               CAS_COUNT_RD STAT               | MBOX7C0 |    194039221568 |              0 |   193973446167 | 5.244303e+09 |
|               CAS_COUNT_WR STAT               | MBOX7C1 |     97218485060 |              0 |    97161255713 | 2.627527e+09 |
+-----------------------------------------------+---------+-----------------+----------------+----------------+--------------+

+-----------------------------------+-------------+-----------+-----------+-----------+-----------+-----------+-----------+-----------+-----------+-----------+-------------+-------------+-------------+-------------+-------------+-------------+-------------+-------------+-------------+-------------+-------------+-------------+-------------+-------------+-------------+-------------+-------------+-------------+-------------+-------------+-------------+-------------+-------------+-------------+-------------+-------------+-------------+
|               Metric              |  f0608:0:0  | f0608:1:1 | f0608:2:2 | f0608:3:3 | f0608:4:4 | f0608:5:5 | f0608:6:6 | f0608:7:7 | f0608:8:8 | f0608:9:9 | f0608:10:10 | f0608:11:11 | f0608:12:12 | f0608:13:13 | f0608:14:14 | f0608:15:15 | f0608:16:16 | f0608:17:17 | f0608:18:18 | f0608:19:19 | f0608:20:20 | f0608:21:21 | f0608:22:22 | f0608:23:23 | f0608:24:24 | f0608:25:25 | f0608:26:26 | f0608:27:27 | f0608:28:28 | f0608:29:29 | f0608:30:30 | f0608:31:31 | f0608:32:32 | f0608:33:33 | f0608:34:34 | f0608:35:35 | f0608:36:36 |
+-----------------------------------+-------------+-----------+-----------+-----------+-----------+-----------+-----------+-----------+-----------+-----------+-------------+-------------+-------------+-------------+-------------+-------------+-------------+-------------+-------------+-------------+-------------+-------------+-------------+-------------+-------------+-------------+-------------+-------------+-------------+-------------+-------------+-------------+-------------+-------------+-------------+-------------+-------------+
|        Runtime (RDTSC) [s]        |   1331.3380 | 1331.5450 | 1331.5940 | 1331.2690 | 1331.2970 | 1331.3960 | 1331.2940 | 1331.5290 | 1331.2800 | 1331.4950 |   1331.2840 |   1331.4590 |   1331.4380 |   1331.5300 |   1331.3930 |   1331.4480 |   1331.4180 |   1331.2830 |   1331.2750 |   1331.2780 |   1331.5700 |   1331.4000 |   1331.2770 |   1331.3120 |   1331.6920 |   1331.2740 |   1331.4970 |   1331.4870 |   1331.2810 |   1331.4570 |   1331.4350 |   1331.3730 |   1331.2750 |   1331.4270 |   1331.3500 |   1331.3330 |   1331.5170 |
|        Runtime unhalted [s]       |   1324.7151 | 1325.6726 | 1325.4824 | 1325.5539 | 1325.3502 | 1325.5559 | 1325.2323 | 1325.9624 | 1325.7597 | 1325.6905 |   1325.5877 |   1325.6746 |   1325.7568 |   1325.4043 |   1325.5996 |   1324.6284 |   1325.9483 |   1325.7533 |   1326.2430 |   1325.7088 |   1326.2145 |   1325.9657 |   1325.8265 |   1325.7163 |   1326.1266 |   1326.0004 |   1325.8896 |   1326.0457 |   1325.9720 |   1326.0542 |   1325.8503 |   1325.8148 |   1325.9658 |   1326.0489 |   1326.0655 |   1325.8681 |   1327.2657 |
|            Clock [MHz]            |   2394.3080 | 2394.3153 | 2394.3150 | 2394.3122 | 2394.3114 | 2394.3119 | 2394.3074 | 2393.9349 | 2394.3111 | 2393.9327 |   2394.3104 |   2394.3144 |   2394.3119 |   2394.0011 |   2394.3157 |   2394.0294 |   2394.3117 |   2394.3115 |   2394.3154 |   2394.3126 |   2393.7879 |   2394.3167 |   2394.3144 |   2394.3165 |   2393.5930 |   2394.3122 |   2394.3116 |   2393.9477 |   2394.3150 |   2394.0021 |   2394.3187 |   2394.3160 |   2394.3128 |   2394.0545 |   2394.2089 |   2394.3147 |   2394.3109 |
|                CPI                |      0.7129 |    0.7578 |    0.8646 |    0.8551 |    0.8598 |    0.8606 |    0.8559 |    0.8604 |    0.8457 |    0.7913 |      0.8565 |      0.8616 |      0.8204 |      0.7683 |      0.7839 |      0.8274 |      0.8060 |      0.8635 |      0.5000 |      0.4990 |      0.5001 |      0.5026 |      0.5025 |      0.5048 |      0.4973 |      0.5001 |      0.4953 |      0.5026 |      0.5006 |      0.4980 |      0.5030 |      0.4958 |      0.5033 |      0.5213 |      0.5063 |      0.5066 |      0.3878 |
|             Energy [J]            | 309064.3016 |         0 |         0 |         0 |         0 |         0 |         0 |         0 |         0 |         0 |           0 |           0 |           0 |           0 |           0 |           0 |           0 |           0 |           0 |           0 |           0 |           0 |           0 |           0 |           0 |           0 |           0 |           0 |           0 |           0 |           0 |           0 |           0 |           0 |           0 |           0 | 131190.3728 |
|             Power [W]             |    232.1456 |         0 |         0 |         0 |         0 |         0 |         0 |         0 |         0 |         0 |           0 |           0 |           0 |           0 |           0 |           0 |           0 |           0 |           0 |           0 |           0 |           0 |           0 |           0 |           0 |           0 |           0 |           0 |           0 |           0 |           0 |           0 |           0 |           0 |           0 |           0 |     98.5270 |
|          Energy DRAM [J]          |  28905.7810 |         0 |         0 |         0 |         0 |         0 |         0 |         0 |         0 |         0 |           0 |           0 |           0 |           0 |           0 |           0 |           0 |           0 |           0 |           0 |           0 |           0 |           0 |           0 |           0 |           0 |           0 |           0 |           0 |           0 |           0 |           0 |           0 |           0 |           0 |           0 |   9965.3611 |
|           Power DRAM [W]          |     21.7118 |         0 |         0 |         0 |         0 |         0 |         0 |         0 |         0 |         0 |           0 |           0 |           0 |           0 |           0 |           0 |           0 |           0 |           0 |           0 |           0 |           0 |           0 |           0 |           0 |           0 |           0 |           0 |           0 |           0 |           0 |           0 |           0 |           0 |           0 |           0 |      7.4842 |
|            DP [MFLOP/s]           |   1596.9134 | 1596.3926 | 1596.3338 | 1596.7235 | 1596.6899 | 1596.5712 | 1604.7506 | 1596.4117 | 1596.7103 | 1596.4525 |   1596.7055 |   1596.4956 |   1596.5208 |   1596.4105 |   1596.5748 |   1596.5088 |   1596.5448 |   1596.7067 |   1604.7735 |   1596.7127 |   1596.3625 |   1596.5663 |   1596.7139 |   1596.6719 |   1596.2163 |   1596.7174 |   1596.4500 |   1596.4620 |   1596.7090 |   1596.4980 |   1604.5806 |   1596.5987 |   1596.7162 |   1596.5339 |   1596.6263 |   1596.6466 |   1596.4260 |
|          AVX DP [MFLOP/s]         |    279.1394 |  278.8238 |  278.8136 |  278.8817 |  278.8758 |  278.8551 |  270.7636 |  278.8272 |  278.8793 |  278.8343 |    278.8785 |    278.8419 |    278.8463 |    278.8270 |    278.8557 |    278.8442 |    278.8504 |    278.8787 |    270.7675 |    278.8798 |    278.8186 |    278.8542 |    278.8800 |    278.8726 |    278.7931 |    278.8806 |    278.8339 |    278.8360 |    278.8791 |    278.8423 |    270.7350 |    278.8599 |    278.8804 |    278.8486 |    278.8647 |    278.8682 |    278.8297 |
|          Packed [MUOPS/s]         |     34.8924 |   34.8530 |   34.8517 |   34.8602 |   34.8595 |   34.8569 |   33.8455 |   34.8534 |   34.8599 |   34.8543 |     34.8598 |     34.8552 |     34.8558 |     34.8534 |     34.8570 |     34.8555 |     34.8563 |     34.8598 |     33.8459 |     34.8600 |     34.8523 |     34.8568 |     34.8600 |     34.8591 |     34.8491 |     34.8601 |     34.8542 |     34.8545 |     34.8599 |     34.8553 |     33.8419 |     34.8575 |     34.8600 |     34.8561 |     34.8581 |     34.8585 |     34.8537 |
|          Scalar [MUOPS/s]         |   1317.7740 | 1317.5687 | 1317.5202 | 1317.8419 | 1317.8141 | 1317.7162 | 1333.9870 | 1317.5845 | 1317.8310 | 1317.6182 |   1317.8270 |   1317.6538 |   1317.6746 |   1317.5835 |   1317.7191 |   1317.6646 |   1317.6943 |   1317.8280 |   1334.0060 |   1317.8329 |   1317.5439 |   1317.7121 |   1317.8339 |   1317.7992 |   1317.4232 |   1317.8368 |   1317.6161 |   1317.6260 |   1317.8299 |   1317.6557 |   1333.8456 |   1317.7388 |   1317.8358 |   1317.6854 |   1317.7616 |   1317.7784 |   1317.5963 |
|  Memory read bandwidth [MBytes/s] |  73914.9770 |         0 |         0 |         0 |         0 |         0 |         0 |         0 |         0 |         0 |           0 |           0 |           0 |           0 |           0 |           0 |           0 |           0 |           0 |           0 |           0 |           0 |           0 |           0 |           0 |           0 |           0 |           0 |           0 |           0 |           0 |           0 |           0 |           0 |           0 |           0 |     21.9897 |
|  Memory read data volume [GBytes] |  98405.8177 |         0 |         0 |         0 |         0 |         0 |         0 |         0 |         0 |         0 |           0 |           0 |           0 |           0 |           0 |           0 |           0 |           0 |           0 |           0 |           0 |           0 |           0 |           0 |           0 |           0 |           0 |           0 |           0 |           0 |           0 |           0 |           0 |           0 |           0 |           0 |     29.2797 |
| Memory write bandwidth [MBytes/s] |  37314.9177 |         0 |         0 |         0 |         0 |         0 |         0 |         0 |         0 |         0 |           0 |           0 |           0 |           0 |           0 |           0 |           0 |           0 |           0 |           0 |           0 |           0 |           0 |           0 |           0 |           0 |           0 |           0 |           0 |           0 |           0 |           0 |           0 |           0 |           0 |           0 |     24.0721 |
| Memory write data volume [GBytes] |  49678.7678 |         0 |         0 |         0 |         0 |         0 |         0 |         0 |         0 |         0 |           0 |           0 |           0 |           0 |           0 |           0 |           0 |           0 |           0 |           0 |           0 |           0 |           0 |           0 |           0 |           0 |           0 |           0 |           0 |           0 |           0 |           0 |           0 |           0 |           0 |           0 |     32.0524 |
|    Memory bandwidth [MBytes/s]    | 111229.8947 |         0 |         0 |         0 |         0 |         0 |         0 |         0 |         0 |         0 |           0 |           0 |           0 |           0 |           0 |           0 |           0 |           0 |           0 |           0 |           0 |           0 |           0 |           0 |           0 |           0 |           0 |           0 |           0 |           0 |           0 |           0 |           0 |           0 |           0 |           0 |     46.0618 |
|    Memory data volume [GBytes]    | 148084.5855 |         0 |         0 |         0 |         0 |         0 |         0 |         0 |         0 |         0 |           0 |           0 |           0 |           0 |           0 |           0 |           0 |           0 |           0 |           0 |           0 |           0 |           0 |           0 |           0 |           0 |           0 |           0 |           0 |           0 |           0 |           0 |           0 |           0 |           0 |           0 |     61.3321 |
|       Operational intensity       |      0.0144 |         0 |         0 |         0 |         0 |         0 |         0 |         0 |         0 |         0 |           0 |           0 |           0 |           0 |           0 |           0 |           0 |           0 |           0 |           0 |           0 |           0 |           0 |           0 |           0 |           0 |           0 |           0 |           0 |           0 |           0 |           0 |           0 |           0 |           0 |           0 |     34.6583 |
+-----------------------------------+-------------+-----------+-----------+-----------+-----------+-----------+-----------+-----------+-----------+-----------+-------------+-------------+-------------+-------------+-------------+-------------+-------------+-------------+-------------+-------------+-------------+-------------+-------------+-------------+-------------+-------------+-------------+-------------+-------------+-------------+-------------+-------------+-------------+-------------+-------------+-------------+-------------+

+----------------------------------------+-------------+-----------+-------------+------------+-----------+-----------+-----------+
|                 Metric                 |     Sum     |    Min    |     Max     |     Avg    |  %ile 25  |  %ile 50  |  %ile 75  |
+----------------------------------------+-------------+-----------+-------------+------------+-----------+-----------+-----------+
|        Runtime (RDTSC) [s] STAT        |  49261.8000 | 1331.2690 |   1331.6920 |  1331.4000 | 1331.2830 | 1331.3960 | 1331.4870 |
|        Runtime unhalted [s] STAT       |  49053.9704 | 1324.6284 |   1327.2657 |  1325.7830 | 1325.5877 | 1325.8148 | 1325.9720 |
|            Clock [MHz] STAT            |  88585.9476 | 2393.5930 |   2394.3187 |  2394.2148 | 2394.0545 | 2394.3117 | 2394.3147 |
|                CPI STAT                |     24.2787 |    0.3878 |      0.8646 |     0.6562 |    0.5001 |    0.5213 |    0.8457 |
|             Energy [J] STAT            | 440254.6744 |         0 | 309064.3016 | 11898.7750 |         0 |         0 |         0 |
|             Power [W] STAT             |    330.6726 |         0 |    232.1456 |     8.9371 |         0 |         0 |         0 |
|          Energy DRAM [J] STAT          |  38871.1421 |         0 |  28905.7810 |  1050.5714 |         0 |         0 |         0 |
|           Power DRAM [W] STAT          |     29.1960 |         0 |     21.7118 |     0.7891 |         0 |         0 |         0 |
|            DP [MFLOP/s] STAT           |  59097.3988 | 1596.2163 |   1604.7735 |  1597.2270 | 1596.4525 | 1596.5748 | 1596.7103 |
|          AVX DP [MFLOP/s] STAT         |  10293.5407 |  270.7350 |    279.1394 |   278.2038 |  278.8272 |  278.8504 |  278.8785 |
|          Packed [MUOPS/s] STAT         |   1286.6926 |   33.8419 |     34.8924 |    34.7755 |   34.8534 |   34.8563 |   34.8598 |
|          Scalar [MUOPS/s] STAT         |  48803.8583 | 1317.4232 |   1334.0060 |  1319.0232 | 1317.6182 | 1317.7191 | 1317.8299 |
|  Memory read bandwidth [MBytes/s] STAT |  73936.9667 |         0 |  73914.9770 |  1998.2964 |         0 |         0 |         0 |
|  Memory read data volume [GBytes] STAT |  98435.0974 |         0 |  98405.8177 |  2660.4080 |         0 |         0 |         0 |
| Memory write bandwidth [MBytes/s] STAT |  37338.9898 |         0 |  37314.9177 |  1009.1619 |         0 |         0 |         0 |
| Memory write data volume [GBytes] STAT |  49710.8202 |         0 |  49678.7678 |  1343.5357 |         0 |         0 |         0 |
|    Memory bandwidth [MBytes/s] STAT    | 111275.9565 |         0 | 111229.8947 |  3007.4583 |         0 |         0 |         0 |
|    Memory data volume [GBytes] STAT    | 148145.9176 |         0 | 148084.5855 |  4003.9437 |         0 |         0 |         0 |
|       Operational intensity STAT       |     34.6727 |         0 |     34.6583 |     0.9371 |         0 |         0 |         0 |
+----------------------------------------+-------------+-----------+-------------+------------+-----------+-----------+-----------+

