WARN: Cannot extract OpenMP vendor from executable or commandline, assuming no OpenMP
 nx_glob, nz_glob:                  3000                  1250
 dx,dz:    8.00000000000000        8.00000000000000     
 dt:   2.666666666666666E-002
Group: 1
+------------------------------------------+---------+----------------+----------------+----------------+----------------+----------------+----------------+----------------+----------------+----------------+----------------+----------------+----------------+----------------+----------------+----------------+----------------+----------------+----------------+----------------+----------------+----------------+----------------+----------------+----------------+----------------+
|                   Event                  | Counter |    f0608:0:0   |    f0608:1:1   |    f0608:2:2   |    f0608:3:3   |    f0608:4:4   |    f0608:5:5   |    f0608:6:6   |    f0608:7:7   |    f0608:8:8   |    f0608:9:9   |   f0608:10:10  |   f0608:11:11  |   f0608:12:12  |   f0608:13:13  |   f0608:14:14  |   f0608:15:15  |   f0608:16:16  |   f0608:17:17  |   f0608:18:18  |   f0608:19:19  |   f0608:20:20  |   f0608:21:21  |   f0608:22:22  |   f0608:23:23  |   f0608:24:24  |
+------------------------------------------+---------+----------------+----------------+----------------+----------------+----------------+----------------+----------------+----------------+----------------+----------------+----------------+----------------+----------------+----------------+----------------+----------------+----------------+----------------+----------------+----------------+----------------+----------------+----------------+----------------+----------------+
|             INSTR_RETIRED_ANY            |  FIXC0  |  6439647024048 |  5348609864667 |  5770348780015 |  5517088920012 |  5421797760372 |  5493526174164 |  5351300971736 |  5473220583402 |  5387776975031 |  5929980484019 |  5533822544847 |  5383785893876 |  5485705835866 |  5831371248661 |  7298522396147 |  7144330775918 |  5985362591057 |  6376005178569 | 10368260946847 | 10619510965259 | 10539805409957 | 10520497481386 | 10486031655473 | 10477306808108 | 10557945424096 |
|           CPU_CLK_UNHALTED_CORE          |  FIXC1  |  4632875532727 |  4632426211292 |  4634569864397 |  4632890088493 |  4633402261570 |  4633331766394 |  4633705883070 |  4633870996664 |  4634062008210 |  4633725489928 |  4633872322711 |  4633612285091 |  4633080990550 |  4633595010229 |  4634710359580 |  4634827252653 |  4633653420529 |  4634066020697 |  4637412447380 |  4636578886316 |  4637460537606 |  4637667356256 |  4637712702525 |  4637348481533 |  4636980228513 |
|           CPU_CLK_UNHALTED_REF           |  FIXC2  |  4632877127136 |  4632425587584 |  4634568535776 |  4632890175936 |  4633402627968 |  4633332084000 |  4633707841728 |  4633871187168 |  4634060542848 |  4633721804736 |  4633872014496 |  4633613218080 |  4633082736000 |  4633594652640 |  4634709437376 |  4634826640704 |  4633659002976 |  4634068243872 |  4637408939712 |  4636578626592 |  4637461654848 |  4637667002400 |  4637719779456 |  4637348088672 |  4636977298944 |
|               TOPDOWN_SLOTS              |  FIXC3  | 23164377663635 | 23162131056460 | 23172849321985 | 23164450442465 | 23167011307850 | 23166658831970 | 23168529415350 | 23169354983320 | 23170310041050 | 23168627449640 | 23169361613555 | 23168061425455 | 23165404952750 | 23167975051145 | 23173551797900 | 23174136263265 | 23168267102645 | 23170330103485 | 23187062236900 | 23182894431580 | 23187302688030 | 23188336781280 | 23188563512625 | 23186742407665 | 23184901142565 |
|              PWR_PKG_ENERGY              |   PWR0  |    369012.5894 |              0 |              0 |              0 |              0 |              0 |              0 |              0 |              0 |              0 |              0 |              0 |              0 |              0 |              0 |              0 |              0 |              0 |              0 |              0 |              0 |              0 |              0 |              0 |              0 |
|              PWR_DRAM_ENERGY             |   PWR3  |     34445.0764 |              0 |              0 |              0 |              0 |              0 |              0 |              0 |              0 |              0 |              0 |              0 |              0 |              0 |              0 |              0 |              0 |              0 |              0 |              0 |              0 |              0 |              0 |              0 |              0 |
| FP_ARITH_INST_RETIRED_128B_PACKED_DOUBLE |   PMC0  |              0 |              0 |              0 |              0 |              0 |              0 |              0 |              0 |              0 |              0 |              0 |              0 |              0 |              0 |              0 |              0 |              0 |              0 |              0 |              0 |              0 |              0 |              0 |              0 |              0 |
|    FP_ARITH_INST_RETIRED_SCALAR_DOUBLE   |   PMC1  |  2593951035901 |  2593950412728 |  2593950414126 |  2593950419330 |  2593950440830 |  2593950394898 |  2593950412761 |  2593950409198 |  2593950400714 |  2593950382844 |  2593950413326 |  2593950384594 |  2593950372022 |  2593950393080 |  2593950375500 |  2593950375474 |  2593950375188 |  2593950377756 |  2593950360426 |  2593950353368 |  2593950355624 |  2593950350532 |  2593950353788 |  2593950346488 |  2593950346490 |
| FP_ARITH_INST_RETIRED_256B_PACKED_DOUBLE |   PMC2  |              0 |              0 |              0 |              0 |              0 |              0 |              0 |              0 |              0 |              0 |              0 |              0 |              0 |              0 |              0 |              0 |              0 |              0 |              0 |              0 |              0 |              0 |              0 |              0 |              0 |
| FP_ARITH_INST_RETIRED_512B_PACKED_DOUBLE |   PMC3  |    62148054513 |    62102760000 |    62102760000 |    62102760000 |    62102760000 |    62102760000 |    62102760000 |    62102760000 |    62102760000 |    62102760000 |    62102760000 |    62102760000 |    62102760000 |    62102760000 |    62102760000 |    62102760000 |    62102760000 |    62102760000 |    62102760000 |    62102760000 |    62102760000 |    62102760000 |    62102760000 |    62102760000 |    62102760000 |
|               CAS_COUNT_RD               | MBOX0C0 |   279718307114 |              0 |              0 |              0 |              0 |              0 |              0 |              0 |              0 |              0 |              0 |              0 |              0 |              0 |              0 |              0 |              0 |              0 |              0 |              0 |              0 |              0 |              0 |              0 |              0 |
|               CAS_COUNT_WR               | MBOX0C1 |   141839513046 |              0 |              0 |              0 |              0 |              0 |              0 |              0 |              0 |              0 |              0 |              0 |              0 |              0 |              0 |              0 |              0 |              0 |              0 |              0 |              0 |              0 |              0 |              0 |              0 |
|               CAS_COUNT_RD               | MBOX1C0 |   279644265045 |              0 |              0 |              0 |              0 |              0 |              0 |              0 |              0 |              0 |              0 |              0 |              0 |              0 |              0 |              0 |              0 |              0 |              0 |              0 |              0 |              0 |              0 |              0 |              0 |
|               CAS_COUNT_WR               | MBOX1C1 |   141828541965 |              0 |              0 |              0 |              0 |              0 |              0 |              0 |              0 |              0 |              0 |              0 |              0 |              0 |              0 |              0 |              0 |              0 |              0 |              0 |              0 |              0 |              0 |              0 |              0 |
|               CAS_COUNT_RD               | MBOX2C0 |   279705261061 |              0 |              0 |              0 |              0 |              0 |              0 |              0 |              0 |              0 |              0 |              0 |              0 |              0 |              0 |              0 |              0 |              0 |              0 |              0 |              0 |              0 |              0 |              0 |              0 |
|               CAS_COUNT_WR               | MBOX2C1 |   141847281830 |              0 |              0 |              0 |              0 |              0 |              0 |              0 |              0 |              0 |              0 |              0 |              0 |              0 |              0 |              0 |              0 |              0 |              0 |              0 |              0 |              0 |              0 |              0 |              0 |
|               CAS_COUNT_RD               | MBOX3C0 |   279700014373 |              0 |              0 |              0 |              0 |              0 |              0 |              0 |              0 |              0 |              0 |              0 |              0 |              0 |              0 |              0 |              0 |              0 |              0 |              0 |              0 |              0 |              0 |              0 |              0 |
|               CAS_COUNT_WR               | MBOX3C1 |   141850660633 |              0 |              0 |              0 |              0 |              0 |              0 |              0 |              0 |              0 |              0 |              0 |              0 |              0 |              0 |              0 |              0 |              0 |              0 |              0 |              0 |              0 |              0 |              0 |              0 |
|               CAS_COUNT_RD               | MBOX4C0 |   101981673900 |              0 |              0 |              0 |              0 |              0 |              0 |              0 |              0 |              0 |              0 |              0 |              0 |              0 |              0 |              0 |              0 |              0 |              0 |              0 |              0 |              0 |              0 |              0 |              0 |
|               CAS_COUNT_WR               | MBOX4C1 |    53335128552 |              0 |              0 |              0 |              0 |              0 |              0 |              0 |              0 |              0 |              0 |              0 |              0 |              0 |              0 |              0 |              0 |              0 |              0 |              0 |              0 |              0 |              0 |              0 |              0 |
|               CAS_COUNT_RD               | MBOX5C0 |   101994651724 |              0 |              0 |              0 |              0 |              0 |              0 |              0 |              0 |              0 |              0 |              0 |              0 |              0 |              0 |              0 |              0 |              0 |              0 |              0 |              0 |              0 |              0 |              0 |              0 |
|               CAS_COUNT_WR               | MBOX5C1 |    53340582919 |              0 |              0 |              0 |              0 |              0 |              0 |              0 |              0 |              0 |              0 |              0 |              0 |              0 |              0 |              0 |              0 |              0 |              0 |              0 |              0 |              0 |              0 |              0 |              0 |
|               CAS_COUNT_RD               | MBOX6C0 |   101993516005 |              0 |              0 |              0 |              0 |              0 |              0 |              0 |              0 |              0 |              0 |              0 |              0 |              0 |              0 |              0 |              0 |              0 |              0 |              0 |              0 |              0 |              0 |              0 |              0 |
|               CAS_COUNT_WR               | MBOX6C1 |    53336903276 |              0 |              0 |              0 |              0 |              0 |              0 |              0 |              0 |              0 |              0 |              0 |              0 |              0 |              0 |              0 |              0 |              0 |              0 |              0 |              0 |              0 |              0 |              0 |              0 |
|               CAS_COUNT_RD               | MBOX7C0 |   101992222974 |              0 |              0 |              0 |              0 |              0 |              0 |              0 |              0 |              0 |              0 |              0 |              0 |              0 |              0 |              0 |              0 |              0 |              0 |              0 |              0 |              0 |              0 |              0 |              0 |
|               CAS_COUNT_WR               | MBOX7C1 |    53336702634 |              0 |              0 |              0 |              0 |              0 |              0 |              0 |              0 |              0 |              0 |              0 |              0 |              0 |              0 |              0 |              0 |              0 |              0 |              0 |              0 |              0 |              0 |              0 |              0 |
+------------------------------------------+---------+----------------+----------------+----------------+----------------+----------------+----------------+----------------+----------------+----------------+----------------+----------------+----------------+----------------+----------------+----------------+----------------+----------------+----------------+----------------+----------------+----------------+----------------+----------------+----------------+----------------+

+-----------------------------------------------+---------+-----------------+----------------+----------------+--------------+
|                     Event                     | Counter |       Sum       |       Min      |       Max      |      Avg     |
+-----------------------------------------------+---------+-----------------+----------------+----------------+--------------+
|             INSTR_RETIRED_ANY STAT            |  FIXC0  | 178741562693533 |  5348609864667 | 10619510965259 | 7.149663e+12 |
|           CPU_CLK_UNHALTED_CORE STAT          |  FIXC1  | 115867438404914 |  4632426211292 |  4637712702525 | 4.634698e+12 |
|           CPU_CLK_UNHALTED_REF STAT           |  FIXC2  | 115867444851648 |  4632425587584 |  4637719779456 | 4.634698e+12 |
|               TOPDOWN_SLOTS STAT              |  FIXC3  | 579337192024570 | 23162131056460 | 23188563512625 |      nil     |
|              PWR_PKG_ENERGY STAT              |   PWR0  |     369012.5894 |              0 |    369012.5894 |   14760.5036 |
|              PWR_DRAM_ENERGY STAT             |   PWR3  |      34445.0764 |              0 |     34445.0764 |    1377.8031 |
| FP_ARITH_INST_RETIRED_128B_PACKED_DOUBLE STAT |   PMC0  |               0 |              0 |              0 |            0 |
|    FP_ARITH_INST_RETIRED_SCALAR_DOUBLE STAT   |   PMC1  |  64848760256986 |  2593950346488 |  2593951035901 | 2.593950e+12 |
| FP_ARITH_INST_RETIRED_256B_PACKED_DOUBLE STAT |   PMC2  |               0 |              0 |              0 |            0 |
| FP_ARITH_INST_RETIRED_512B_PACKED_DOUBLE STAT |   PMC3  |   1552614294513 |    62102760000 |    62148054513 | 6.210457e+10 |
|               CAS_COUNT_RD STAT               | MBOX0C0 |    279718307114 |              0 |   279718307114 | 1.118873e+10 |
|               CAS_COUNT_WR STAT               | MBOX0C1 |    141839513046 |              0 |   141839513046 | 5.673581e+09 |
|               CAS_COUNT_RD STAT               | MBOX1C0 |    279644265045 |              0 |   279644265045 | 1.118577e+10 |
|               CAS_COUNT_WR STAT               | MBOX1C1 |    141828541965 |              0 |   141828541965 | 5.673142e+09 |
|               CAS_COUNT_RD STAT               | MBOX2C0 |    279705261061 |              0 |   279705261061 | 1.118821e+10 |
|               CAS_COUNT_WR STAT               | MBOX2C1 |    141847281830 |              0 |   141847281830 | 5.673891e+09 |
|               CAS_COUNT_RD STAT               | MBOX3C0 |    279700014373 |              0 |   279700014373 | 1.118800e+10 |
|               CAS_COUNT_WR STAT               | MBOX3C1 |    141850660633 |              0 |   141850660633 | 5.674026e+09 |
|               CAS_COUNT_RD STAT               | MBOX4C0 |    101981673900 |              0 |   101981673900 |   4079266956 |
|               CAS_COUNT_WR STAT               | MBOX4C1 |     53335128552 |              0 |    53335128552 | 2.133405e+09 |
|               CAS_COUNT_RD STAT               | MBOX5C0 |    101994651724 |              0 |   101994651724 | 4.079786e+09 |
|               CAS_COUNT_WR STAT               | MBOX5C1 |     53340582919 |              0 |    53340582919 | 2.133623e+09 |
|               CAS_COUNT_RD STAT               | MBOX6C0 |    101993516005 |              0 |   101993516005 | 4.079741e+09 |
|               CAS_COUNT_WR STAT               | MBOX6C1 |     53336903276 |              0 |    53336903276 | 2.133476e+09 |
|               CAS_COUNT_RD STAT               | MBOX7C0 |    101992222974 |              0 |   101992222974 | 4.079689e+09 |
|               CAS_COUNT_WR STAT               | MBOX7C1 |     53336702634 |              0 |    53336702634 | 2.133468e+09 |
+-----------------------------------------------+---------+-----------------+----------------+----------------+--------------+

+-----------------------------------+-------------+-----------+-----------+-----------+-----------+-----------+-----------+-----------+-----------+-----------+-------------+-------------+-------------+-------------+-------------+-------------+-------------+-------------+-------------+-------------+-------------+-------------+-------------+-------------+-------------+
|               Metric              |  f0608:0:0  | f0608:1:1 | f0608:2:2 | f0608:3:3 | f0608:4:4 | f0608:5:5 | f0608:6:6 | f0608:7:7 | f0608:8:8 | f0608:9:9 | f0608:10:10 | f0608:11:11 | f0608:12:12 | f0608:13:13 | f0608:14:14 | f0608:15:15 | f0608:16:16 | f0608:17:17 | f0608:18:18 | f0608:19:19 | f0608:20:20 | f0608:21:21 | f0608:22:22 | f0608:23:23 | f0608:24:24 |
+-----------------------------------+-------------+-----------+-----------+-----------+-----------+-----------+-----------+-----------+-----------+-----------+-------------+-------------+-------------+-------------+-------------+-------------+-------------+-------------+-------------+-------------+-------------+-------------+-------------+-------------+-------------+
|        Runtime (RDTSC) [s]        |   1942.3400 | 1942.5400 | 1942.4740 | 1942.3340 | 1942.4610 | 1942.6410 | 1942.2590 | 1942.4910 | 1942.2600 | 1942.6960 |   1942.2520 |   1942.3340 |   1942.4160 |   1942.2620 |   1942.3410 |   1942.2750 |   1942.3100 |   1942.3400 |   1942.3070 |   1942.2490 |   1942.2450 |   1942.2610 |   1942.5120 |   1942.3240 |   1942.2500 |
|        Runtime unhalted [s]       |   1934.9529 | 1935.0105 | 1935.7876 | 1934.9567 | 1935.3148 | 1935.4950 | 1935.2939 | 1935.5904 | 1935.4477 | 1935.7131 |   1935.3667 |   1935.2575 |   1935.1232 |   1935.2507 |   1935.7137 |   1935.7655 |   1935.2753 |   1935.4499 |   1936.8443 |   1936.4959 |   1936.8609 |   1936.9520 |   1937.1871 |   1936.8937 |   1936.6643 |
|            Clock [MHz]            |   2394.3083 | 2394.0060 | 2394.1527 | 2394.3120 | 2394.1335 | 2393.8741 | 2394.3153 | 2394.0348 | 2394.3108 | 2393.8098 |   2394.3125 |   2394.3126 |   2394.2038 |   2394.3127 |   2394.3165 |   2394.3127 |   2394.3094 |   2394.3083 |   2394.3153 |   2394.3140 |   2394.3172 |   2394.3121 |   2394.0412 |   2394.2196 |   2394.3143 |
|                CPI                |      0.7194 |    0.8661 |    0.8032 |    0.8397 |    0.8546 |    0.8434 |    0.8659 |    0.8466 |    0.8601 |    0.7814 |      0.8374 |      0.8607 |      0.8446 |      0.7946 |      0.6350 |      0.6487 |      0.7742 |      0.7268 |      0.4473 |      0.4366 |      0.4400 |      0.4408 |      0.4423 |      0.4426 |      0.4392 |
|             Energy [J]            | 369012.5894 |         0 |         0 |         0 |         0 |         0 |         0 |         0 |         0 |         0 |           0 |           0 |           0 |           0 |           0 |           0 |           0 |           0 |           0 |           0 |           0 |           0 |           0 |           0 |           0 |
|             Power [W]             |    189.9835 |         0 |         0 |         0 |         0 |         0 |         0 |         0 |         0 |         0 |           0 |           0 |           0 |           0 |           0 |           0 |           0 |           0 |           0 |           0 |           0 |           0 |           0 |           0 |           0 |
|          Energy DRAM [J]          |  34445.0764 |         0 |         0 |         0 |         0 |         0 |         0 |         0 |         0 |         0 |           0 |           0 |           0 |           0 |           0 |           0 |           0 |           0 |           0 |           0 |           0 |           0 |           0 |           0 |           0 |
|           Power DRAM [W]          |     17.7338 |         0 |         0 |         0 |         0 |         0 |         0 |         0 |         0 |         0 |           0 |           0 |           0 |           0 |           0 |           0 |           0 |           0 |           0 |           0 |           0 |           0 |           0 |           0 |           0 |
|            DP [MFLOP/s]           |   1591.4492 | 1591.0985 | 1591.1526 | 1591.2673 | 1591.1632 | 1591.0158 | 1591.3287 | 1591.1386 | 1591.3279 | 1590.9707 |   1591.3344 |   1591.2672 |   1591.2001 |   1591.3262 |   1591.2615 |   1591.3156 |   1591.2869 |   1591.2623 |   1591.2893 |   1591.3369 |   1591.3401 |   1591.3270 |   1591.1214 |   1591.2754 |   1591.3360 |
|          AVX DP [MFLOP/s]         |    255.9719 |  255.7590 |  255.7677 |  255.7861 |  255.7694 |  255.7457 |  255.7960 |  255.7654 |  255.7959 |  255.7385 |    255.7969 |    255.7861 |    255.7753 |    255.7956 |    255.7852 |    255.7939 |    255.7893 |    255.7853 |    255.7897 |    255.7973 |    255.7978 |    255.7957 |    255.7627 |    255.7874 |    255.7972 |
|          Packed [MUOPS/s]         |     31.9965 |   31.9699 |   31.9710 |   31.9733 |   31.9712 |   31.9682 |   31.9745 |   31.9707 |   31.9745 |   31.9673 |     31.9746 |     31.9733 |     31.9719 |     31.9745 |     31.9731 |     31.9742 |     31.9737 |     31.9732 |     31.9737 |     31.9747 |     31.9747 |     31.9745 |     31.9703 |     31.9734 |     31.9746 |
|          Scalar [MUOPS/s]         |   1335.4773 | 1335.3395 | 1335.3849 | 1335.4811 | 1335.3938 | 1335.2701 | 1335.5327 | 1335.3732 | 1335.5320 | 1335.2323 |   1335.5375 |   1335.4811 |   1335.4247 |   1335.5306 |   1335.4763 |   1335.5217 |   1335.4976 |   1335.4770 |   1335.4997 |   1335.5395 |   1335.5423 |   1335.5313 |   1335.3587 |   1335.4880 |   1335.5389 |
|  Memory read bandwidth [MBytes/s] |  50305.6696 |         0 |         0 |         0 |         0 |         0 |         0 |         0 |         0 |         0 |           0 |           0 |           0 |           0 |           0 |           0 |           0 |           0 |           0 |           0 |           0 |           0 |           0 |           0 |           0 |
|  Memory read data volume [GBytes] |  97710.7144 |         0 |         0 |         0 |         0 |         0 |         0 |         0 |         0 |         0 |           0 |           0 |           0 |           0 |           0 |           0 |           0 |           0 |           0 |           0 |           0 |           0 |           0 |           0 |           0 |
| Memory write bandwidth [MBytes/s] |  25724.5282 |         0 |         0 |         0 |         0 |         0 |         0 |         0 |         0 |         0 |           0 |           0 |           0 |           0 |           0 |           0 |           0 |           0 |           0 |           0 |           0 |           0 |           0 |           0 |           0 |
| Memory write data volume [GBytes] |  49965.7802 |         0 |         0 |         0 |         0 |         0 |         0 |         0 |         0 |         0 |           0 |           0 |           0 |           0 |           0 |           0 |           0 |           0 |           0 |           0 |           0 |           0 |           0 |           0 |           0 |
|    Memory bandwidth [MBytes/s]    |  76030.1979 |         0 |         0 |         0 |         0 |         0 |         0 |         0 |         0 |         0 |           0 |           0 |           0 |           0 |           0 |           0 |           0 |           0 |           0 |           0 |           0 |           0 |           0 |           0 |           0 |
|    Memory data volume [GBytes]    | 147676.4945 |         0 |         0 |         0 |         0 |         0 |         0 |         0 |         0 |         0 |           0 |           0 |           0 |           0 |           0 |           0 |           0 |           0 |           0 |           0 |           0 |           0 |           0 |           0 |           0 |
|       Operational intensity       |      0.0209 |         0 |         0 |         0 |         0 |         0 |         0 |         0 |         0 |         0 |           0 |           0 |           0 |           0 |           0 |           0 |           0 |           0 |           0 |           0 |           0 |           0 |           0 |           0 |           0 |
+-----------------------------------+-------------+-----------+-----------+-----------+-----------+-----------+-----------+-----------+-----------+-----------+-------------+-------------+-------------+-------------+-------------+-------------+-------------+-------------+-------------+-------------+-------------+-------------+-------------+-------------+-------------+

+----------------------------------------+-------------+-----------+-------------+------------+-----------+-----------+-----------+
|                 Metric                 |     Sum     |    Min    |     Max     |     Avg    |  %ile 25  |  %ile 50  |  %ile 75  |
+----------------------------------------+-------------+-----------+-------------+------------+-----------+-----------+-----------+
|        Runtime (RDTSC) [s] STAT        |  48559.1740 | 1942.2450 |   1942.6960 |  1942.3670 | 1942.2600 | 1942.3340 | 1942.4610 |
|        Runtime unhalted [s] STAT       |  48394.6633 | 1934.9529 |   1937.1871 |  1935.7865 | 1935.2575 | 1935.4950 | 1936.4959 |
|            Clock [MHz] STAT            |  59855.4795 | 2393.8098 |   2394.3172 |  2394.2192 | 2394.1335 | 2394.3108 | 2394.3127 |
|                CPI STAT                |     17.4912 |    0.4366 |      0.8661 |     0.6996 |    0.4426 |    0.7814 |    0.8446 |
|             Energy [J] STAT            | 369012.5894 |         0 | 369012.5894 | 14760.5036 |         0 |         0 |         0 |
|             Power [W] STAT             |    189.9835 |         0 |    189.9835 |     7.5993 |         0 |         0 |         0 |
|          Energy DRAM [J] STAT          |  34445.0764 |         0 |  34445.0764 |  1377.8031 |         0 |         0 |         0 |
|           Power DRAM [W] STAT          |     17.7338 |         0 |     17.7338 |     0.7094 |         0 |         0 |         0 |
|            DP [MFLOP/s] STAT           |  39781.1928 | 1590.9707 |   1591.4492 |  1591.2477 | 1591.1526 | 1591.2754 | 1591.3279 |
|          AVX DP [MFLOP/s] STAT         |   6394.7310 |  255.7385 |    255.9719 |   255.7892 |  255.7677 |  255.7874 |  255.7959 |
|          Packed [MUOPS/s] STAT         |    799.3415 |   31.9673 |     31.9965 |    31.9737 |   31.9710 |   31.9734 |   31.9745 |
|          Scalar [MUOPS/s] STAT         |  33386.4618 | 1335.2323 |   1335.5423 |  1335.4585 | 1335.3849 | 1335.4811 | 1335.5313 |
|  Memory read bandwidth [MBytes/s] STAT |  50305.6696 |         0 |  50305.6696 |  2012.2268 |         0 |         0 |         0 |
|  Memory read data volume [GBytes] STAT |  97710.7144 |         0 |  97710.7144 |  3908.4286 |         0 |         0 |         0 |
| Memory write bandwidth [MBytes/s] STAT |  25724.5282 |         0 |  25724.5282 |  1028.9811 |         0 |         0 |         0 |
| Memory write data volume [GBytes] STAT |  49965.7802 |         0 |  49965.7802 |  1998.6312 |         0 |         0 |         0 |
|    Memory bandwidth [MBytes/s] STAT    |  76030.1979 |         0 |  76030.1979 |  3041.2079 |         0 |         0 |         0 |
|    Memory data volume [GBytes] STAT    | 147676.4945 |         0 | 147676.4945 |  5907.0598 |         0 |         0 |         0 |
|       Operational intensity STAT       |      0.0209 |         0 |      0.0209 |     0.0008 |         0 |         0 |         0 |
+----------------------------------------+-------------+-----------+-------------+------------+-----------+-----------+-----------+

