WARN: Cannot extract OpenMP vendor from executable or commandline, assuming no OpenMP
 nx_glob, nz_glob:                  3000                  1250
 dx,dz:    8.00000000000000        8.00000000000000     
 dt:   2.666666666666666E-002
Group: 1
+------------------------------------------+---------+----------------+----------------+----------------+----------------+----------------+----------------+----------------+----------------+----------------+----------------+----------------+----------------+----------------+----------------+----------------+----------------+----------------+----------------+----------------+----------------+----------------+----------------+----------------+----------------+----------------+----------------+----------------+----------------+----------------+----------------+----------------+----------------+----------------+----------------+----------------+----------------+----------------+----------------+----------------+----------------+----------------+----------------+----------------+----------------+
|                   Event                  | Counter |    f0608:0:0   |    f0608:1:1   |    f0608:2:2   |    f0608:3:3   |    f0608:4:4   |    f0608:5:5   |    f0608:6:6   |    f0608:7:7   |    f0608:8:8   |    f0608:9:9   |   f0608:10:10  |   f0608:11:11  |   f0608:12:12  |   f0608:13:13  |   f0608:14:14  |   f0608:15:15  |   f0608:16:16  |   f0608:17:17  |   f0608:18:18  |   f0608:19:19  |   f0608:20:20  |   f0608:21:21  |   f0608:22:22  |   f0608:23:23  |   f0608:24:24  |   f0608:25:25  |   f0608:26:26  |   f0608:27:27  |   f0608:28:28  |   f0608:29:29  |   f0608:30:30  |   f0608:31:31  |   f0608:32:32  |   f0608:33:33  |   f0608:34:34  |   f0608:35:35  |   f0608:36:36  |   f0608:37:37  |   f0608:38:38  |   f0608:39:39  |   f0608:40:40  |   f0608:41:41  |   f0608:42:42  |   f0608:43:43  |
+------------------------------------------+---------+----------------+----------------+----------------+----------------+----------------+----------------+----------------+----------------+----------------+----------------+----------------+----------------+----------------+----------------+----------------+----------------+----------------+----------------+----------------+----------------+----------------+----------------+----------------+----------------+----------------+----------------+----------------+----------------+----------------+----------------+----------------+----------------+----------------+----------------+----------------+----------------+----------------+----------------+----------------+----------------+----------------+----------------+----------------+----------------+
|             INSTR_RETIRED_ANY            |  FIXC0  |  3297852245212 |  3226308368211 |  3168424147673 |  3270248690284 |  3264410983672 |  3627155737704 |  3250550546702 |  3233462469630 |  3156991690982 |  3240462261271 |  3419177996992 |  3428460987649 |  3275810122352 |  3199496003323 |  3186899413716 |  3208976015102 |  3417387690865 |  3652391638661 |  5066939780621 |  5081332492573 |  5246427847458 |  5295456290109 |  5284929825612 |  5223783553373 |  5075783347870 |  5239834025897 |  5270834971761 |  5193136369393 |  5223896857105 |  5234311599293 |  5024079901103 |  5148636770011 |  5010887466241 |  5077434490205 |  5036934323887 |  5080678754810 |  6241684341310 |  6306546625371 |  6262100728951 |  6239680934514 |  6299845940442 |  6102864137427 |  6185339057459 |  6277836549339 |
|           CPU_CLK_UNHALTED_CORE          |  FIXC1  |  2617429785166 |  2619838638262 |  2619756990334 |  2619665437892 |  2619943845517 |  2619958231493 |  2619941605613 |  2620256629095 |  2620242204403 |  2620522922703 |  2620695654164 |  2620328452047 |  2619836042321 |  2619660096383 |  2620751289311 |  2620148061842 |  2619078517210 |  2620745075236 |  2621109921471 |  2619918970139 |  2620693913658 |  2620452571566 |  2620668158713 |  2620443116669 |  2620347440800 |  2620411366640 |  2620071366529 |  2620159048350 |  2620514809400 |  2620362867470 |  2620216599905 |  2620474060930 |  2620449076028 |  2620515228155 |  2620225195230 |  2620176468640 |  2622388602582 |  2622386384368 |  2622695673276 |  2622225209917 |  2622649129069 |  2622385059512 |  2622565768735 |  2622655673767 |
|           CPU_CLK_UNHALTED_REF           |  FIXC2  |  2617430103552 |  2619838573920 |  2619755866848 |  2619666263520 |  2619944596512 |  2619957568512 |  2619942655968 |  2620256908416 |  2620241585088 |  2620522684704 |  2620696582464 |  2620327780704 |  2619837010464 |  2619660195072 |  2620751025408 |  2620149065184 |  2619080062560 |  2620746200064 |  2621107816512 |  2619919706016 |  2620693840416 |  2620451652192 |  2620667707008 |  2620442109120 |  2620346528832 |  2620411456704 |  2620070956224 |  2620157732544 |  2620513792032 |  2620361794560 |  2620214054304 |  2620472293920 |  2620448572224 |  2620512779904 |  2620225151136 |  2620175333088 |  2622386867712 |  2622380322816 |  2622698733216 |  2622219896928 |  2622646730304 |  2622384404160 |  2622567666816 |  2622655563552 |
|               TOPDOWN_SLOTS              |  FIXC3  | 13087148925830 | 13099193191310 | 13098784951670 | 13098327189460 | 13099719227585 | 13099791157465 | 13099708028065 | 13101283145475 | 13101211022015 | 13102614613515 | 13103478270820 | 13101642260235 | 13099180211605 | 13098300481915 | 13103756446555 | 13100740309210 | 13095392586050 | 13103725376180 | 13105549607355 | 13099594850695 | 13103469568290 | 13102262857830 | 13103340793565 | 13102215583345 | 13101737204000 | 13102056833200 | 13100356832645 | 13100795241750 | 13102574047000 | 13101814337350 | 13101082999525 | 13102370304650 | 13102245380140 | 13102576140775 | 13101125976150 | 13100882343200 | 13111943012910 | 13111931921840 | 13113478366380 | 13111126049585 | 13113245645345 | 13111925297560 | 13112828843675 | 13113278368835 |
|              PWR_PKG_ENERGY              |   PWR0  |    255896.9943 |              0 |              0 |              0 |              0 |              0 |              0 |              0 |              0 |              0 |              0 |              0 |              0 |              0 |              0 |              0 |              0 |              0 |              0 |              0 |              0 |              0 |              0 |              0 |              0 |              0 |              0 |              0 |              0 |              0 |              0 |              0 |              0 |              0 |              0 |              0 |    142350.2737 |              0 |              0 |              0 |              0 |              0 |              0 |              0 |
|              PWR_DRAM_ENERGY             |   PWR3  |     23899.4464 |              0 |              0 |              0 |              0 |              0 |              0 |              0 |              0 |              0 |              0 |              0 |              0 |              0 |              0 |              0 |              0 |              0 |              0 |              0 |              0 |              0 |              0 |              0 |              0 |              0 |              0 |              0 |              0 |              0 |              0 |              0 |              0 |              0 |              0 |              0 |     11916.5874 |              0 |              0 |              0 |              0 |              0 |              0 |              0 |
| FP_ARITH_INST_RETIRED_128B_PACKED_DOUBLE |   PMC0  |              0 |              0 |              0 |              0 |              0 |              0 |              0 |              0 |              0 |              0 |              0 |              0 |              0 |              0 |              0 |              0 |              0 |              0 |              0 |              0 |              0 |              0 |              0 |              0 |              0 |              0 |              0 |              0 |              0 |              0 |              0 |              0 |              0 |              0 |              0 |              0 |              0 |              0 |              0 |              0 |              0 |              0 |              0 |              0 |
|    FP_ARITH_INST_RETIRED_SCALAR_DOUBLE   |   PMC1  |  1474553268759 |  1474552653196 |  1496079529222 |  1474552586411 |  1474552619396 |  1474552625004 |  1474552621706 |  1474552599980 |  1496079527798 |  1474552608489 |  1474552586176 |  1474552537491 |  1474552574848 |  1496079487280 |  1474552512766 |  1474552577370 |  1474552579482 |  1474552531275 |  1474552562574 |  1496079385540 |  1474552481964 |  1474552492494 |  1474552466218 |  1474552464404 |  1496079350676 |  1474552475232 |  1474552442888 |  1474552467378 |  1474552511220 |  1474552421988 |  1496079316432 |  1474552472922 |  1474552406458 |  1474552411868 |  1474552399818 |  1496079288720 |  1474552465099 |  1474552413648 |  1474552367718 |  1474552367916 |  1474552353880 |  1496079290200 |  1474552356298 |  1474552385398 |
| FP_ARITH_INST_RETIRED_256B_PACKED_DOUBLE |   PMC2  |              0 |              0 |              0 |              0 |              0 |              0 |              0 |              0 |              0 |              0 |              0 |              0 |              0 |              0 |              0 |              0 |              0 |              0 |              0 |              0 |              0 |              0 |              0 |              0 |              0 |              0 |              0 |              0 |              0 |              0 |              0 |              0 |              0 |              0 |              0 |              0 |              0 |              0 |              0 |              0 |              0 |              0 |              0 |              0 |
| FP_ARITH_INST_RETIRED_512B_PACKED_DOUBLE |   PMC3  |    38015732013 |    37970437500 |    42104996250 |    37970437500 |    37970437500 |    37970437500 |    37970437500 |    37970437500 |    42104996250 |    37970437500 |    37970437500 |    37970437500 |    37970437500 |    42104996250 |    37970437500 |    37970437500 |    37970437500 |    37970437500 |    37970437500 |    42104996250 |    37970437500 |    37970437500 |    37970437500 |    37970437500 |    42104996250 |    37970437500 |    37970437500 |    37970437500 |    37970437500 |    37970437500 |    42104996250 |    37970437500 |    37970437500 |    37970437500 |    37970437500 |    42104996250 |    37970437500 |    37970437500 |    37970437500 |    37970437500 |    37970437500 |    42104996250 |    37970437500 |    37970437500 |
|               CAS_COUNT_RD               | MBOX0C0 |   156445437610 |              0 |              0 |              0 |              0 |              0 |              0 |              0 |              0 |              0 |              0 |              0 |              0 |              0 |              0 |              0 |              0 |              0 |              0 |              0 |              0 |              0 |              0 |              0 |              0 |              0 |              0 |              0 |              0 |              0 |              0 |              0 |              0 |              0 |              0 |              0 |    57540787472 |              0 |              0 |              0 |              0 |              0 |              0 |              0 |
|               CAS_COUNT_WR               | MBOX0C1 |    81301988437 |              0 |              0 |              0 |              0 |              0 |              0 |              0 |              0 |              0 |              0 |              0 |              0 |              0 |              0 |              0 |              0 |              0 |              0 |              0 |              0 |              0 |              0 |              0 |              0 |              0 |              0 |              0 |              0 |              0 |              0 |              0 |              0 |              0 |              0 |              0 |    33034735516 |              0 |              0 |              0 |              0 |              0 |              0 |              0 |
|               CAS_COUNT_RD               | MBOX1C0 |   156421273029 |              0 |              0 |              0 |              0 |              0 |              0 |              0 |              0 |              0 |              0 |              0 |              0 |              0 |              0 |              0 |              0 |              0 |              0 |              0 |              0 |              0 |              0 |              0 |              0 |              0 |              0 |              0 |              0 |              0 |              0 |              0 |              0 |              0 |              0 |              0 |    57553565085 |              0 |              0 |              0 |              0 |              0 |              0 |              0 |
|               CAS_COUNT_WR               | MBOX1C1 |    81306751710 |              0 |              0 |              0 |              0 |              0 |              0 |              0 |              0 |              0 |              0 |              0 |              0 |              0 |              0 |              0 |              0 |              0 |              0 |              0 |              0 |              0 |              0 |              0 |              0 |              0 |              0 |              0 |              0 |              0 |              0 |              0 |              0 |              0 |              0 |              0 |    33032445487 |              0 |              0 |              0 |              0 |              0 |              0 |              0 |
|               CAS_COUNT_RD               | MBOX2C0 |   156406715209 |              0 |              0 |              0 |              0 |              0 |              0 |              0 |              0 |              0 |              0 |              0 |              0 |              0 |              0 |              0 |              0 |              0 |              0 |              0 |              0 |              0 |              0 |              0 |              0 |              0 |              0 |              0 |              0 |              0 |              0 |              0 |              0 |              0 |              0 |              0 |    57550195878 |              0 |              0 |              0 |              0 |              0 |              0 |              0 |
|               CAS_COUNT_WR               | MBOX2C1 |    81302592846 |              0 |              0 |              0 |              0 |              0 |              0 |              0 |              0 |              0 |              0 |              0 |              0 |              0 |              0 |              0 |              0 |              0 |              0 |              0 |              0 |              0 |              0 |              0 |              0 |              0 |              0 |              0 |              0 |              0 |              0 |              0 |              0 |              0 |              0 |              0 |    33036211622 |              0 |              0 |              0 |              0 |              0 |              0 |              0 |
|               CAS_COUNT_RD               | MBOX3C0 |   156476743136 |              0 |              0 |              0 |              0 |              0 |              0 |              0 |              0 |              0 |              0 |              0 |              0 |              0 |              0 |              0 |              0 |              0 |              0 |              0 |              0 |              0 |              0 |              0 |              0 |              0 |              0 |              0 |              0 |              0 |              0 |              0 |              0 |              0 |              0 |              0 |    57530431822 |              0 |              0 |              0 |              0 |              0 |              0 |              0 |
|               CAS_COUNT_WR               | MBOX3C1 |    81306161859 |              0 |              0 |              0 |              0 |              0 |              0 |              0 |              0 |              0 |              0 |              0 |              0 |              0 |              0 |              0 |              0 |              0 |              0 |              0 |              0 |              0 |              0 |              0 |              0 |              0 |              0 |              0 |              0 |              0 |              0 |              0 |              0 |              0 |              0 |              0 |    33026905280 |              0 |              0 |              0 |              0 |              0 |              0 |              0 |
|               CAS_COUNT_RD               | MBOX4C0 |   158428958989 |              0 |              0 |              0 |              0 |              0 |              0 |              0 |              0 |              0 |              0 |              0 |              0 |              0 |              0 |              0 |              0 |              0 |              0 |              0 |              0 |              0 |              0 |              0 |              0 |              0 |              0 |              0 |              0 |              0 |              0 |              0 |              0 |              0 |              0 |              0 |       62495617 |              0 |              0 |              0 |              0 |              0 |              0 |              0 |
|               CAS_COUNT_WR               | MBOX4C1 |    81784655128 |              0 |              0 |              0 |              0 |              0 |              0 |              0 |              0 |              0 |              0 |              0 |              0 |              0 |              0 |              0 |              0 |              0 |              0 |              0 |              0 |              0 |              0 |              0 |              0 |              0 |              0 |              0 |              0 |              0 |              0 |              0 |              0 |              0 |              0 |              0 |       54520491 |              0 |              0 |              0 |              0 |              0 |              0 |              0 |
|               CAS_COUNT_RD               | MBOX5C0 |   158419827515 |              0 |              0 |              0 |              0 |              0 |              0 |              0 |              0 |              0 |              0 |              0 |              0 |              0 |              0 |              0 |              0 |              0 |              0 |              0 |              0 |              0 |              0 |              0 |              0 |              0 |              0 |              0 |              0 |              0 |              0 |              0 |              0 |              0 |              0 |              0 |       60035393 |              0 |              0 |              0 |              0 |              0 |              0 |              0 |
|               CAS_COUNT_WR               | MBOX5C1 |    81784044610 |              0 |              0 |              0 |              0 |              0 |              0 |              0 |              0 |              0 |              0 |              0 |              0 |              0 |              0 |              0 |              0 |              0 |              0 |              0 |              0 |              0 |              0 |              0 |              0 |              0 |              0 |              0 |              0 |              0 |              0 |              0 |              0 |              0 |              0 |              0 |       47540127 |              0 |              0 |              0 |              0 |              0 |              0 |              0 |
|               CAS_COUNT_RD               | MBOX6C0 |   158447402972 |              0 |              0 |              0 |              0 |              0 |              0 |              0 |              0 |              0 |              0 |              0 |              0 |              0 |              0 |              0 |              0 |              0 |              0 |              0 |              0 |              0 |              0 |              0 |              0 |              0 |              0 |              0 |              0 |              0 |              0 |              0 |              0 |              0 |              0 |              0 |       57645246 |              0 |              0 |              0 |              0 |              0 |              0 |              0 |
|               CAS_COUNT_WR               | MBOX6C1 |    81778959747 |              0 |              0 |              0 |              0 |              0 |              0 |              0 |              0 |              0 |              0 |              0 |              0 |              0 |              0 |              0 |              0 |              0 |              0 |              0 |              0 |              0 |              0 |              0 |              0 |              0 |              0 |              0 |              0 |              0 |              0 |              0 |              0 |              0 |              0 |              0 |       48608032 |              0 |              0 |              0 |              0 |              0 |              0 |              0 |
|               CAS_COUNT_RD               | MBOX7C0 |   158412557723 |              0 |              0 |              0 |              0 |              0 |              0 |              0 |              0 |              0 |              0 |              0 |              0 |              0 |              0 |              0 |              0 |              0 |              0 |              0 |              0 |              0 |              0 |              0 |              0 |              0 |              0 |              0 |              0 |              0 |              0 |              0 |              0 |              0 |              0 |              0 |       65530010 |              0 |              0 |              0 |              0 |              0 |              0 |              0 |
|               CAS_COUNT_WR               | MBOX7C1 |    81775751635 |              0 |              0 |              0 |              0 |              0 |              0 |              0 |              0 |              0 |              0 |              0 |              0 |              0 |              0 |              0 |              0 |              0 |              0 |              0 |              0 |              0 |              0 |              0 |              0 |              0 |              0 |              0 |              0 |              0 |              0 |              0 |              0 |              0 |              0 |              0 |       55667207 |              0 |              0 |              0 |              0 |              0 |              0 |              0 |
+------------------------------------------+---------+----------------+----------------+----------------+----------------+----------------+----------------+----------------+----------------+----------------+----------------+----------------+----------------+----------------+----------------+----------------+----------------+----------------+----------------+----------------+----------------+----------------+----------------+----------------+----------------+----------------+----------------+----------------+----------------+----------------+----------------+----------------+----------------+----------------+----------------+----------------+----------------+----------------+----------------+----------------+----------------+----------------+----------------+----------------+----------------+

+-----------------------------------------------+---------+-----------------+----------------+----------------+--------------+
|                     Event                     | Counter |       Sum       |       Min      |       Max      |      Avg     |
+-----------------------------------------------+---------+-----------------+----------------+----------------+--------------+
|             INSTR_RETIRED_ANY STAT            |  FIXC0  | 202255683992136 |  3156991690982 |  6306546625371 | 4.596720e+12 |
|           CPU_CLK_UNHALTED_CORE STAT          |  FIXC1  | 115305961160511 |  2617429785166 |  2622695673276 | 2.620590e+12 |
|           CPU_CLK_UNHALTED_REF STAT           |  FIXC2  | 115305938191200 |  2617430103552 |  2622698733216 | 2.620590e+12 |
|               TOPDOWN_SLOTS STAT              |  FIXC3  | 576529805802555 | 13087148925830 | 13113478366380 |      nil     |
|              PWR_PKG_ENERGY STAT              |   PWR0  |     398247.2680 |              0 |    255896.9943 |    9051.0743 |
|              PWR_DRAM_ENERGY STAT             |   PWR3  |      35816.0338 |              0 |     23899.4464 |     814.0008 |
| FP_ARITH_INST_RETIRED_128B_PACKED_DOUBLE STAT |   PMC0  |               0 |              0 |              0 |            0 |
|    FP_ARITH_INST_RETIRED_SCALAR_DOUBLE STAT   |   PMC1  |  65052525845600 |  1474552353880 |  1496079529222 | 1.478466e+12 |
| FP_ARITH_INST_RETIRED_256B_PACKED_DOUBLE STAT |   PMC2  |               0 |              0 |              0 |            0 |
| FP_ARITH_INST_RETIRED_512B_PACKED_DOUBLE STAT |   PMC3  |   1703821014513 |    37970437500 |    42104996250 | 3.872320e+10 |
|               CAS_COUNT_RD STAT               | MBOX0C0 |    213986225082 |              0 |   156445437610 | 4.863323e+09 |
|               CAS_COUNT_WR STAT               | MBOX0C1 |    114336723953 |              0 |    81301988437 | 2.598562e+09 |
|               CAS_COUNT_RD STAT               | MBOX1C0 |    213974838114 |              0 |   156421273029 | 4.863065e+09 |
|               CAS_COUNT_WR STAT               | MBOX1C1 |    114339197197 |              0 |    81306751710 | 2.598618e+09 |
|               CAS_COUNT_RD STAT               | MBOX2C0 |    213956911087 |              0 |   156406715209 | 4.862657e+09 |
|               CAS_COUNT_WR STAT               | MBOX2C1 |    114338804468 |              0 |    81302592846 | 2.598609e+09 |
|               CAS_COUNT_RD STAT               | MBOX3C0 |    214007174958 |              0 |   156476743136 | 4.863799e+09 |
|               CAS_COUNT_WR STAT               | MBOX3C1 |    114333067139 |              0 |    81306161859 | 2.598479e+09 |
|               CAS_COUNT_RD STAT               | MBOX4C0 |    158491454606 |              0 |   158428958989 | 3.602079e+09 |
|               CAS_COUNT_WR STAT               | MBOX4C1 |     81839175619 |              0 |    81784655128 | 1.859981e+09 |
|               CAS_COUNT_RD STAT               | MBOX5C0 |    158479862908 |              0 |   158419827515 | 3.601815e+09 |
|               CAS_COUNT_WR STAT               | MBOX5C1 |     81831584737 |              0 |    81784044610 | 1.859809e+09 |
|               CAS_COUNT_RD STAT               | MBOX6C0 |    158505048218 |              0 |   158447402972 | 3.602387e+09 |
|               CAS_COUNT_WR STAT               | MBOX6C1 |     81827567779 |              0 |    81778959747 | 1.859717e+09 |
|               CAS_COUNT_RD STAT               | MBOX7C0 |    158478087733 |              0 |   158412557723 | 3.601775e+09 |
|               CAS_COUNT_WR STAT               | MBOX7C1 |     81831418842 |              0 |    81775751635 | 1.859805e+09 |
+-----------------------------------------------+---------+-----------------+----------------+----------------+--------------+

+-----------------------------------+-------------+-----------+-----------+-----------+-----------+-----------+-----------+-----------+-----------+-----------+-------------+-------------+-------------+-------------+-------------+-------------+-------------+-------------+-------------+-------------+-------------+-------------+-------------+-------------+-------------+-------------+-------------+-------------+-------------+-------------+-------------+-------------+-------------+-------------+-------------+-------------+-------------+-------------+-------------+-------------+-------------+-------------+-------------+-------------+
|               Metric              |  f0608:0:0  | f0608:1:1 | f0608:2:2 | f0608:3:3 | f0608:4:4 | f0608:5:5 | f0608:6:6 | f0608:7:7 | f0608:8:8 | f0608:9:9 | f0608:10:10 | f0608:11:11 | f0608:12:12 | f0608:13:13 | f0608:14:14 | f0608:15:15 | f0608:16:16 | f0608:17:17 | f0608:18:18 | f0608:19:19 | f0608:20:20 | f0608:21:21 | f0608:22:22 | f0608:23:23 | f0608:24:24 | f0608:25:25 | f0608:26:26 | f0608:27:27 | f0608:28:28 | f0608:29:29 | f0608:30:30 | f0608:31:31 | f0608:32:32 | f0608:33:33 | f0608:34:34 | f0608:35:35 | f0608:36:36 | f0608:37:37 | f0608:38:38 | f0608:39:39 | f0608:40:40 | f0608:41:41 | f0608:42:42 | f0608:43:43 |
+-----------------------------------+-------------+-----------+-----------+-----------+-----------+-----------+-----------+-----------+-----------+-----------+-------------+-------------+-------------+-------------+-------------+-------------+-------------+-------------+-------------+-------------+-------------+-------------+-------------+-------------+-------------+-------------+-------------+-------------+-------------+-------------+-------------+-------------+-------------+-------------+-------------+-------------+-------------+-------------+-------------+-------------+-------------+-------------+-------------+-------------+
|        Runtime (RDTSC) [s]        |   1099.4790 | 1099.5060 | 1099.4750 | 1099.8360 | 1099.5250 | 1099.4850 | 1099.4850 | 1099.6330 | 1099.6400 | 1099.6680 |   1099.7420 |   1099.4990 |   1099.4820 |   1099.4890 |   1099.6490 |   1099.4730 |   1099.7300 |   1099.5160 |   1099.4920 |   1099.5480 |   1099.4730 |   1099.7670 |   1099.7460 |   1099.6470 |   1099.5170 |   1099.4980 |   1099.5690 |   1099.6420 |   1099.4990 |   1099.4770 |   1099.6100 |   1099.4730 |   1099.4760 |   1099.5080 |   1099.6890 |   1099.4730 |   1099.4890 |   1099.4750 |   1099.6540 |   1099.7080 |   1099.5830 |   1099.5190 |   1099.5840 |   1099.6690 |
|        Runtime unhalted [s]       |   1093.1858 | 1094.1911 | 1094.1585 | 1094.4676 | 1094.2346 | 1094.2437 | 1094.2358 | 1094.5056 | 1094.3607 | 1094.4788 |   1094.6718 |   1094.3981 |   1094.1909 |   1094.1194 |   1094.5730 |   1094.3223 |   1093.9955 |   1094.5695 |   1094.7261 |   1094.2286 |   1094.5489 |   1094.6016 |   1094.7929 |   1094.4424 |   1094.4057 |   1094.4309 |   1094.3888 |   1094.3265 |   1094.4781 |   1094.4120 |   1094.3487 |   1094.4558 |   1094.4475 |   1094.4763 |   1094.5622 |   1094.3356 |   1095.2716 |   1095.2570 |   1095.4996 |   1095.3722 |   1095.3655 |   1095.2561 |   1095.3310 |   1095.5219 |
|            Clock [MHz]            |   2394.3135 | 2394.3154 | 2394.3131 | 2393.5516 | 2394.3158 | 2394.3103 | 2394.3108 | 2394.0090 | 2394.3137 | 2394.3116 |   2394.0460 |   2394.3108 |   2394.3127 |   2394.3090 |   2394.3141 |   2394.3103 |   2394.0472 |   2394.3148 |   2394.3085 |   2394.3062 |   2394.3143 |   2393.9791 |   2393.7574 |   2394.3189 |   2394.3117 |   2394.3140 |   2394.0960 |   2394.3131 |   2394.3063 |   2394.3121 |   2394.3182 |   2394.3186 |   2394.3128 |   2394.3118 |   2393.8568 |   2394.3091 |   2394.2832 |   2394.3169 |   2394.0608 |   2393.9174 |   2394.3164 |   2394.3128 |   2394.3117 |   2393.9784 |
|                CPI                |      0.7937 |    0.8120 |    0.8268 |    0.8011 |    0.8026 |    0.7223 |    0.8060 |    0.8104 |    0.8300 |    0.8087 |      0.7665 |      0.7643 |      0.7998 |      0.8188 |      0.8224 |      0.8165 |      0.7664 |      0.7175 |      0.5173 |      0.5156 |      0.4995 |      0.4948 |      0.4959 |      0.5016 |      0.5162 |      0.5001 |      0.4971 |      0.5045 |      0.5016 |      0.5006 |      0.5215 |      0.5090 |      0.5230 |      0.5161 |      0.5202 |      0.5157 |      0.4201 |      0.4158 |      0.4188 |      0.4202 |      0.4163 |      0.4297 |      0.4240 |      0.4178 |
|             Energy [J]            | 255896.9943 |         0 |         0 |         0 |         0 |         0 |         0 |         0 |         0 |         0 |           0 |           0 |           0 |           0 |           0 |           0 |           0 |           0 |           0 |           0 |           0 |           0 |           0 |           0 |           0 |           0 |           0 |           0 |           0 |           0 |           0 |           0 |           0 |           0 |           0 |           0 | 142350.2737 |           0 |           0 |           0 |           0 |           0 |           0 |           0 |
|             Power [W]             |    232.7439 |         0 |         0 |         0 |         0 |         0 |         0 |         0 |         0 |         0 |           0 |           0 |           0 |           0 |           0 |           0 |           0 |           0 |           0 |           0 |           0 |           0 |           0 |           0 |           0 |           0 |           0 |           0 |           0 |           0 |           0 |           0 |           0 |           0 |           0 |           0 |    129.4695 |           0 |           0 |           0 |           0 |           0 |           0 |           0 |
|          Energy DRAM [J]          |  23899.4464 |         0 |         0 |         0 |         0 |         0 |         0 |         0 |         0 |         0 |           0 |           0 |           0 |           0 |           0 |           0 |           0 |           0 |           0 |           0 |           0 |           0 |           0 |           0 |           0 |           0 |           0 |           0 |           0 |           0 |           0 |           0 |           0 |           0 |           0 |           0 |  11916.5874 |           0 |           0 |           0 |           0 |           0 |           0 |           0 |
|           Power DRAM [W]          |     21.7371 |         0 |         0 |         0 |         0 |         0 |         0 |         0 |         0 |         0 |           0 |           0 |           0 |           0 |           0 |           0 |           0 |           0 |           0 |           0 |           0 |           0 |           0 |           0 |           0 |           0 |           0 |           0 |           0 |           0 |           0 |           0 |           0 |           0 |           0 |           0 |     10.8383 |           0 |           0 |           0 |           0 |           0 |           0 |           0 |
|            DP [MFLOP/s]           |   1617.7472 | 1617.3774 | 1667.0861 | 1616.8921 | 1617.3494 | 1617.4083 | 1617.4083 | 1617.1906 | 1666.8360 | 1617.1391 |   1617.0303 |   1617.3876 |   1617.4126 |   1667.0648 |   1617.1669 |   1617.4259 |   1617.0479 |   1617.3626 |   1617.3979 |   1666.9753 |   1617.4258 |   1616.9934 |   1617.0243 |   1617.1698 |   1667.0223 |   1617.3890 |   1617.2845 |   1617.1772 |   1617.3876 |   1617.4198 |   1666.8812 |   1617.4258 |   1617.4213 |   1617.3742 |   1617.1080 |   1667.0889 |   1617.4022 |   1617.4228 |   1617.1595 |   1617.0801 |   1617.2639 |   1667.0192 |   1617.2624 |   1617.1374 |
|          AVX DP [MFLOP/s]         |    276.6091 |  276.2727 |  306.3644 |  276.1898 |  276.2679 |  276.2780 |  276.2780 |  276.2408 |  306.3184 |  276.2320 |    276.2134 |    276.2745 |    276.2787 |    306.3605 |    276.2368 |    276.2810 |    276.2164 |    276.2702 |    276.2762 |    306.3440 |    276.2810 |    276.2071 |    276.2124 |    276.2373 |    306.3527 |    276.2747 |    276.2569 |    276.2385 |    276.2745 |    276.2800 |    306.3268 |    276.2810 |    276.2802 |    276.2722 |    276.2267 |    306.3649 |    276.2770 |    276.2805 |    276.2355 |    276.2220 |    276.2534 |    306.3521 |    276.2531 |    276.2318 |
|          Packed [MUOPS/s]         |     34.5761 |   34.5341 |   38.2955 |   34.5237 |   34.5335 |   34.5347 |   34.5347 |   34.5301 |   38.2898 |   34.5290 |     34.5267 |     34.5343 |     34.5348 |     38.2951 |     34.5296 |     34.5351 |     34.5271 |     34.5338 |     34.5345 |     38.2930 |     34.5351 |     34.5259 |     34.5266 |     34.5297 |     38.2941 |     34.5343 |     34.5321 |     34.5298 |     34.5343 |     34.5350 |     38.2908 |     34.5351 |     34.5350 |     34.5340 |     34.5283 |     38.2956 |     34.5346 |     34.5351 |     34.5294 |     34.5277 |     34.5317 |     38.2940 |     34.5316 |     34.5290 |
|          Scalar [MUOPS/s]         |   1341.1382 | 1341.1047 | 1360.7217 | 1340.7022 | 1341.0815 | 1341.1303 | 1341.1303 | 1340.9498 | 1360.5176 | 1340.9071 |   1340.8168 |   1341.1131 |   1341.1339 |   1360.7044 |   1340.9302 |   1341.1449 |   1340.8315 |   1341.0924 |   1341.1217 |   1360.6313 |   1341.1448 |   1340.7863 |   1340.8118 |   1340.9326 |   1360.6696 |   1341.1143 |   1341.0277 |   1340.9387 |   1341.1131 |   1341.1399 |   1360.5545 |   1341.1448 |   1341.1411 |   1341.1020 |   1340.8813 |   1360.7240 |   1341.1253 |   1341.1423 |   1340.9239 |   1340.8581 |   1341.0105 |   1360.6671 |   1341.0093 |   1340.9057 |
|  Memory read bandwidth [MBytes/s] |  73312.3331 |         0 |         0 |         0 |         0 |         0 |         0 |         0 |         0 |         0 |           0 |           0 |           0 |           0 |           0 |           0 |           0 |           0 |           0 |           0 |           0 |           0 |           0 |           0 |           0 |           0 |           0 |           0 |           0 |           0 |           0 |           0 |           0 |           0 |           0 |           0 |  13412.5252 |           0 |           0 |           0 |           0 |           0 |           0 |           0 |
|  Memory read data volume [GBytes] |  80605.3706 |         0 |         0 |         0 |         0 |         0 |         0 |         0 |         0 |         0 |           0 |           0 |           0 |           0 |           0 |           0 |           0 |           0 |           0 |           0 |           0 |           0 |           0 |           0 |           0 |           0 |           0 |           0 |           0 |           0 |           0 |           0 |           0 |           0 |           0 |           0 |  14746.9239 |           0 |           0 |           0 |           0 |           0 |           0 |           0 |
| Memory write bandwidth [MBytes/s] |  37972.3651 |         0 |         0 |         0 |         0 |         0 |         0 |         0 |         0 |         0 |           0 |           0 |           0 |           0 |           0 |           0 |           0 |           0 |           0 |           0 |           0 |           0 |           0 |           0 |           0 |           0 |           0 |           0 |           0 |           0 |           0 |           0 |           0 |           0 |           0 |           0 |   7703.1644 |           0 |           0 |           0 |           0 |           0 |           0 |           0 |
| Memory write data volume [GBytes] |  41749.8180 |         0 |         0 |         0 |         0 |         0 |         0 |         0 |         0 |         0 |           0 |           0 |           0 |           0 |           0 |           0 |           0 |           0 |           0 |           0 |           0 |           0 |           0 |           0 |           0 |           0 |           0 |           0 |           0 |           0 |           0 |           0 |           0 |           0 |           0 |           0 |   8469.5446 |           0 |           0 |           0 |           0 |           0 |           0 |           0 |
|    Memory bandwidth [MBytes/s]    | 111284.6981 |         0 |         0 |         0 |         0 |         0 |         0 |         0 |         0 |         0 |           0 |           0 |           0 |           0 |           0 |           0 |           0 |           0 |           0 |           0 |           0 |           0 |           0 |           0 |           0 |           0 |           0 |           0 |           0 |           0 |           0 |           0 |           0 |           0 |           0 |           0 |  21115.6897 |           0 |           0 |           0 |           0 |           0 |           0 |           0 |
|    Memory data volume [GBytes]    | 122355.1886 |         0 |         0 |         0 |         0 |         0 |         0 |         0 |         0 |         0 |           0 |           0 |           0 |           0 |           0 |           0 |           0 |           0 |           0 |           0 |           0 |           0 |           0 |           0 |           0 |           0 |           0 |           0 |           0 |           0 |           0 |           0 |           0 |           0 |           0 |           0 |  23216.4685 |           0 |           0 |           0 |           0 |           0 |           0 |           0 |
|       Operational intensity       |      0.0145 |         0 |         0 |         0 |         0 |         0 |         0 |         0 |         0 |         0 |           0 |           0 |           0 |           0 |           0 |           0 |           0 |           0 |           0 |           0 |           0 |           0 |           0 |           0 |           0 |           0 |           0 |           0 |           0 |           0 |           0 |           0 |           0 |           0 |           0 |           0 |      0.0766 |           0 |           0 |           0 |           0 |           0 |           0 |           0 |
+-----------------------------------+-------------+-----------+-----------+-----------+-----------+-----------+-----------+-----------+-----------+-----------+-------------+-------------+-------------+-------------+-------------+-------------+-------------+-------------+-------------+-------------+-------------+-------------+-------------+-------------+-------------+-------------+-------------+-------------+-------------+-------------+-------------+-------------+-------------+-------------+-------------+-------------+-------------+-------------+-------------+-------------+-------------+-------------+-------------+-------------+

+----------------------------------------+-------------+-----------+-------------+-----------+-----------+-----------+-----------+
|                 Metric                 |     Sum     |    Min    |     Max     |    Avg    |  %ile 25  |  %ile 50  |  %ile 75  |
+----------------------------------------+-------------+-----------+-------------+-----------+-----------+-----------+-----------+
|        Runtime (RDTSC) [s] STAT        |  48381.0970 | 1099.4730 |   1099.8360 | 1099.5704 | 1099.4850 | 1099.5170 | 1099.6470 |
|        Runtime unhalted [s] STAT       |  48160.1862 | 1093.1858 |   1095.5219 | 1094.5497 | 1094.3223 | 1094.4475 | 1094.6016 |
|            Clock [MHz] STAT            | 105345.5922 | 2393.5516 |   2394.3189 | 2394.2180 | 2394.0960 | 2394.3116 | 2394.3137 |
|                CPI STAT                |     26.7988 |    0.4158 |      0.8300 |    0.6091 |    0.4971 |    0.5162 |    0.7998 |
|             Energy [J] STAT            | 398247.2680 |         0 | 255896.9943 | 9051.0743 |         0 |         0 |         0 |
|             Power [W] STAT             |    362.2134 |         0 |    232.7439 |    8.2321 |         0 |         0 |         0 |
|          Energy DRAM [J] STAT          |  35816.0338 |         0 |  23899.4464 |  814.0008 |         0 |         0 |         0 |
|           Power DRAM [W] STAT          |     32.5754 |         0 |     21.7371 |    0.7404 |         0 |         0 |         0 |
|            DP [MFLOP/s] STAT           |  71558.0469 | 1616.8921 |   1667.0889 | 1626.3192 | 1617.1669 | 1617.3876 | 1617.4258 |
|          AVX DP [MFLOP/s] STAT         |  12396.2751 |  276.1898 |    306.3649 |  281.7335 |  276.2368 |  276.2745 |  276.2810 |
|          Packed [MUOPS/s] STAT         |   1549.5340 |   34.5237 |     38.2956 |   35.2167 |   34.5296 |   34.5343 |   34.5351 |
|          Scalar [MUOPS/s] STAT         |  59161.7723 | 1340.7022 |   1360.7240 | 1344.5857 | 1340.9302 | 1341.1131 | 1341.1423 |
|  Memory read bandwidth [MBytes/s] STAT |  86724.8583 |         0 |  73312.3331 | 1971.0195 |         0 |         0 |         0 |
|  Memory read data volume [GBytes] STAT |  95352.2945 |         0 |  80605.3706 | 2167.0976 |         0 |         0 |         0 |
| Memory write bandwidth [MBytes/s] STAT |  45675.5295 |         0 |  37972.3651 | 1038.0802 |         0 |         0 |         0 |
| Memory write data volume [GBytes] STAT |  50219.3626 |         0 |  41749.8180 | 1141.3492 |         0 |         0 |         0 |
|    Memory bandwidth [MBytes/s] STAT    | 132400.3878 |         0 | 111284.6981 | 3009.0997 |         0 |         0 |         0 |
|    Memory data volume [GBytes] STAT    | 145571.6571 |         0 | 122355.1886 | 3308.4468 |         0 |         0 |         0 |
|       Operational intensity STAT       |      0.0911 |         0 |      0.0766 |    0.0021 |         0 |         0 |         0 |
+----------------------------------------+-------------+-----------+-------------+-----------+-----------+-----------+-----------+

