WARN: Cannot extract OpenMP vendor from executable or commandline, assuming no OpenMP
 nx_glob, nz_glob:                  3000                  1250
 dx,dz:    8.00000000000000        8.00000000000000     
 dt:   2.666666666666666E-002
Group: 1
+------------------------------------------+---------+----------------+----------------+----------------+----------------+----------------+----------------+----------------+----------------+----------------+----------------+----------------+----------------+----------------+----------------+----------------+----------------+----------------+----------------+----------------+----------------+----------------+----------------+----------------+----------------+----------------+----------------+----------------+
|                   Event                  | Counter |    f0608:0:0   |    f0608:1:1   |    f0608:2:2   |    f0608:3:3   |    f0608:4:4   |    f0608:5:5   |    f0608:6:6   |    f0608:7:7   |    f0608:8:8   |    f0608:9:9   |   f0608:10:10  |   f0608:11:11  |   f0608:12:12  |   f0608:13:13  |   f0608:14:14  |   f0608:15:15  |   f0608:16:16  |   f0608:17:17  |   f0608:18:18  |   f0608:19:19  |   f0608:20:20  |   f0608:21:21  |   f0608:22:22  |   f0608:23:23  |   f0608:24:24  |   f0608:25:25  |   f0608:26:26  |
+------------------------------------------+---------+----------------+----------------+----------------+----------------+----------------+----------------+----------------+----------------+----------------+----------------+----------------+----------------+----------------+----------------+----------------+----------------+----------------+----------------+----------------+----------------+----------------+----------------+----------------+----------------+----------------+----------------+----------------+
|             INSTR_RETIRED_ANY            |  FIXC0  |  7670465480911 |  6611931732911 |  5245558851904 |  5170850634459 |  5006639717320 |  5090885399765 |  5353544397660 |  5556740428867 |  6128246487439 |  4968159638485 |  5141807606196 |  4958800142220 |  5371309176158 |  5433465895381 |  5454137659686 |  5046696774137 |  5111254573457 |  5025632750775 |  9461007393738 |  9649964897540 |  9532004899281 |  9421670839397 |  9625462269787 |  9448753334953 |  9521135769181 |  9588525570456 |  9475174289520 |
|           CPU_CLK_UNHALTED_CORE          |  FIXC1  |  4255003219545 |  4255753192650 |  4255596844922 |  4255610202948 |  4255260505218 |  4254791230841 |  4254488158698 |  4255470179779 |  4256022200460 |  4256326360377 |  4255066106329 |  4255799763788 |  4255943329176 |  4255945120650 |  4254700105563 |  4255144884675 |  4255354821984 |  4255054967528 |  4258677255836 |  4258088658857 |  4258506901825 |  4258790168559 |  4258959597091 |  4258756754324 |  4258208763111 |  4258869344244 |  4258814580048 |
|           CPU_CLK_UNHALTED_REF           |  FIXC2  |  4255005547200 |  4255751732928 |  4255597924608 |  4255612719936 |  4255262425248 |  4254792758592 |  4254490377504 |  4255472200608 |  4256019750624 |  4256326921248 |  4255069319136 |  4255801321344 |  4255943825184 |  4255945567392 |  4254699913920 |  4255148894496 |  4255362268512 |  4255058605728 |  4258674837600 |  4258088696352 |  4258509821760 |  4258789541376 |  4258960820928 |  4258753027488 |  4258208672352 |  4258872172128 |  4258812163296 |
|               TOPDOWN_SLOTS              |  FIXC3  | 21275016097725 | 21278765963250 | 21277984224610 | 21278051014740 | 21276302526090 | 21273956154205 | 21272440793490 | 21277350898895 | 21280111002300 | 21281631801885 | 21275330531645 | 21278998818940 | 21279716645880 | 21279725603250 | 21273500527815 | 21275724423375 | 21276774109920 | 21275274837640 | 21293386279180 | 21290443294285 | 21292534509125 | 21293950842795 | 21294797985455 | 21293783771620 | 21291043815555 | 21294346721220 | 21294072900240 |
|              PWR_PKG_ENERGY              |   PWR0  |    354669.3130 |              0 |              0 |              0 |              0 |              0 |              0 |              0 |              0 |              0 |              0 |              0 |              0 |              0 |              0 |              0 |              0 |              0 |              0 |              0 |              0 |              0 |              0 |              0 |              0 |              0 |              0 |
|              PWR_DRAM_ENERGY             |   PWR3  |     33305.7237 |              0 |              0 |              0 |              0 |              0 |              0 |              0 |              0 |              0 |              0 |              0 |              0 |              0 |              0 |              0 |              0 |              0 |              0 |              0 |              0 |              0 |              0 |              0 |              0 |              0 |              0 |
| FP_ARITH_INST_RETIRED_128B_PACKED_DOUBLE |   PMC0  |              0 |              0 |              0 |              0 |              0 |              0 |              0 |              0 |              0 |              0 |              0 |              0 |              0 |              0 |              0 |              0 |              0 |              0 |              0 |              0 |              0 |              0 |              0 |              0 |              0 |              0 |              0 |
|    FP_ARITH_INST_RETIRED_SCALAR_DOUBLE   |   PMC1  |  2400209090788 |  2400208480989 |  2400208489511 |  2400208462865 |  2421735337043 |  2400208471915 |  2400208481942 |  2400208453685 |  2400208465617 |  2400208456721 |  2400208439169 |  2400208455675 |  2400208441187 |  2421735311943 |  2400208446887 |  2400208441523 |  2400208424255 |  2400208433179 |  2400208419735 |  2400208395701 |  2400208420443 |  2400208398405 |  2421735287841 |  2400208385083 |  2400208388643 |  2400208384747 |  2400208391665 |
| FP_ARITH_INST_RETIRED_256B_PACKED_DOUBLE |   PMC2  |              0 |              0 |              0 |              0 |              0 |              0 |              0 |              0 |              0 |              0 |              0 |              0 |              0 |              0 |              0 |              0 |              0 |              0 |              0 |              0 |              0 |              0 |              0 |              0 |              0 |              0 |              0 |
| FP_ARITH_INST_RETIRED_512B_PACKED_DOUBLE |   PMC3  |    57886860135 |    57841565622 |    57841565622 |    57841565622 |    59233882500 |    57841565622 |    57841565622 |    57841565622 |    57841565622 |    57841565622 |    57841565622 |    57841565622 |    57841565622 |    59233882500 |    57841565622 |    57841565622 |    57841565622 |    57841565622 |    57841565622 |    57841565622 |    57841565622 |    57841565622 |    59233882500 |    57841565622 |    57841565622 |    57841565622 |    57841565622 |
|               CAS_COUNT_RD               | MBOX0C0 |   260426138166 |              0 |              0 |              0 |              0 |              0 |              0 |              0 |              0 |              0 |              0 |              0 |              0 |              0 |              0 |              0 |              0 |              0 |              0 |              0 |              0 |              0 |              0 |              0 |              0 |              0 |              0 |
|               CAS_COUNT_WR               | MBOX0C1 |   131631597963 |              0 |              0 |              0 |              0 |              0 |              0 |              0 |              0 |              0 |              0 |              0 |              0 |              0 |              0 |              0 |              0 |              0 |              0 |              0 |              0 |              0 |              0 |              0 |              0 |              0 |              0 |
|               CAS_COUNT_RD               | MBOX1C0 |   260359267487 |              0 |              0 |              0 |              0 |              0 |              0 |              0 |              0 |              0 |              0 |              0 |              0 |              0 |              0 |              0 |              0 |              0 |              0 |              0 |              0 |              0 |              0 |              0 |              0 |              0 |              0 |
|               CAS_COUNT_WR               | MBOX1C1 |   131629392263 |              0 |              0 |              0 |              0 |              0 |              0 |              0 |              0 |              0 |              0 |              0 |              0 |              0 |              0 |              0 |              0 |              0 |              0 |              0 |              0 |              0 |              0 |              0 |              0 |              0 |              0 |
|               CAS_COUNT_RD               | MBOX2C0 |   260411899400 |              0 |              0 |              0 |              0 |              0 |              0 |              0 |              0 |              0 |              0 |              0 |              0 |              0 |              0 |              0 |              0 |              0 |              0 |              0 |              0 |              0 |              0 |              0 |              0 |              0 |              0 |
|               CAS_COUNT_WR               | MBOX2C1 |   131641227850 |              0 |              0 |              0 |              0 |              0 |              0 |              0 |              0 |              0 |              0 |              0 |              0 |              0 |              0 |              0 |              0 |              0 |              0 |              0 |              0 |              0 |              0 |              0 |              0 |              0 |              0 |
|               CAS_COUNT_RD               | MBOX3C0 |   260429478783 |              0 |              0 |              0 |              0 |              0 |              0 |              0 |              0 |              0 |              0 |              0 |              0 |              0 |              0 |              0 |              0 |              0 |              0 |              0 |              0 |              0 |              0 |              0 |              0 |              0 |              0 |
|               CAS_COUNT_WR               | MBOX3C1 |   131636265964 |              0 |              0 |              0 |              0 |              0 |              0 |              0 |              0 |              0 |              0 |              0 |              0 |              0 |              0 |              0 |              0 |              0 |              0 |              0 |              0 |              0 |              0 |              0 |              0 |              0 |              0 |
|               CAS_COUNT_RD               | MBOX4C0 |   124808321294 |              0 |              0 |              0 |              0 |              0 |              0 |              0 |              0 |              0 |              0 |              0 |              0 |              0 |              0 |              0 |              0 |              0 |              0 |              0 |              0 |              0 |              0 |              0 |              0 |              0 |              0 |
|               CAS_COUNT_WR               | MBOX4C1 |    64551552370 |              0 |              0 |              0 |              0 |              0 |              0 |              0 |              0 |              0 |              0 |              0 |              0 |              0 |              0 |              0 |              0 |              0 |              0 |              0 |              0 |              0 |              0 |              0 |              0 |              0 |              0 |
|               CAS_COUNT_RD               | MBOX5C0 |   124802909862 |              0 |              0 |              0 |              0 |              0 |              0 |              0 |              0 |              0 |              0 |              0 |              0 |              0 |              0 |              0 |              0 |              0 |              0 |              0 |              0 |              0 |              0 |              0 |              0 |              0 |              0 |
|               CAS_COUNT_WR               | MBOX5C1 |    64543667401 |              0 |              0 |              0 |              0 |              0 |              0 |              0 |              0 |              0 |              0 |              0 |              0 |              0 |              0 |              0 |              0 |              0 |              0 |              0 |              0 |              0 |              0 |              0 |              0 |              0 |              0 |
|               CAS_COUNT_RD               | MBOX6C0 |   124827886980 |              0 |              0 |              0 |              0 |              0 |              0 |              0 |              0 |              0 |              0 |              0 |              0 |              0 |              0 |              0 |              0 |              0 |              0 |              0 |              0 |              0 |              0 |              0 |              0 |              0 |              0 |
|               CAS_COUNT_WR               | MBOX6C1 |    64545604168 |              0 |              0 |              0 |              0 |              0 |              0 |              0 |              0 |              0 |              0 |              0 |              0 |              0 |              0 |              0 |              0 |              0 |              0 |              0 |              0 |              0 |              0 |              0 |              0 |              0 |              0 |
|               CAS_COUNT_RD               | MBOX7C0 |   124823837704 |              0 |              0 |              0 |              0 |              0 |              0 |              0 |              0 |              0 |              0 |              0 |              0 |              0 |              0 |              0 |              0 |              0 |              0 |              0 |              0 |              0 |              0 |              0 |              0 |              0 |              0 |
|               CAS_COUNT_WR               | MBOX7C1 |    64547642943 |              0 |              0 |              0 |              0 |              0 |              0 |              0 |              0 |              0 |              0 |              0 |              0 |              0 |              0 |              0 |              0 |              0 |              0 |              0 |              0 |              0 |              0 |              0 |              0 |              0 |              0 |
+------------------------------------------+---------+----------------+----------------+----------------+----------------+----------------+----------------+----------------+----------------+----------------+----------------+----------------+----------------+----------------+----------------+----------------+----------------+----------------+----------------+----------------+----------------+----------------+----------------+----------------+----------------+----------------+----------------+----------------+

+-----------------------------------------------+---------+-----------------+----------------+----------------+--------------+
|                     Event                     | Counter |       Sum       |       Min      |       Max      |      Avg     |
+-----------------------------------------------+---------+-----------------+----------------+----------------+--------------+
|             INSTR_RETIRED_ANY STAT            |  FIXC0  | 184069826611584 |  4958800142220 |  9649964897540 | 6.817401e+12 |
|           CPU_CLK_UNHALTED_CORE STAT          |  FIXC1  | 114925003219026 |  4254488158698 |  4258959597091 | 4.256482e+12 |
|           CPU_CLK_UNHALTED_REF STAT           |  FIXC2  | 114925031827488 |  4254490377504 |  4258960820928 | 4.256483e+12 |
|               TOPDOWN_SLOTS STAT              |  FIXC3  | 574625016095130 | 21272440793490 | 21294797985455 |      nil     |
|              PWR_PKG_ENERGY STAT              |   PWR0  |     354669.3130 |              0 |    354669.3130 |   13135.9005 |
|              PWR_DRAM_ENERGY STAT             |   PWR3  |      33305.7237 |              0 |     33305.7237 |    1233.5453 |
| FP_ARITH_INST_RETIRED_128B_PACKED_DOUBLE STAT |   PMC0  |               0 |              0 |              0 |            0 |
|    FP_ARITH_INST_RETIRED_SCALAR_DOUBLE STAT   |   PMC1  |  64870209057157 |  2400208384747 |  2421735337043 | 2.402600e+12 |
| FP_ARITH_INST_RETIRED_256B_PACKED_DOUBLE STAT |   PMC2  |               0 |              0 |              0 |            0 |
| FP_ARITH_INST_RETIRED_512B_PACKED_DOUBLE STAT |   PMC3  |   1565944516941 |    57841565622 |    59233882500 | 5.799795e+10 |
|               CAS_COUNT_RD STAT               | MBOX0C0 |    260426138166 |              0 |   260426138166 | 9.645413e+09 |
|               CAS_COUNT_WR STAT               | MBOX0C1 |    131631597963 |              0 |   131631597963 |   4875244369 |
|               CAS_COUNT_RD STAT               | MBOX1C0 |    260359267487 |              0 |   260359267487 | 9.642936e+09 |
|               CAS_COUNT_WR STAT               | MBOX1C1 |    131629392263 |              0 |   131629392263 | 4.875163e+09 |
|               CAS_COUNT_RD STAT               | MBOX2C0 |    260411899400 |              0 |   260411899400 | 9.644885e+09 |
|               CAS_COUNT_WR STAT               | MBOX2C1 |    131641227850 |              0 |   131641227850 | 4.875601e+09 |
|               CAS_COUNT_RD STAT               | MBOX3C0 |    260429478783 |              0 |   260429478783 | 9.645536e+09 |
|               CAS_COUNT_WR STAT               | MBOX3C1 |    131636265964 |              0 |   131636265964 | 4.875417e+09 |
|               CAS_COUNT_RD STAT               | MBOX4C0 |    124808321294 |              0 |   124808321294 | 4.622530e+09 |
|               CAS_COUNT_WR STAT               | MBOX4C1 |     64551552370 |              0 |    64551552370 | 2.390798e+09 |
|               CAS_COUNT_RD STAT               | MBOX5C0 |    124802909862 |              0 |   124802909862 | 4.622330e+09 |
|               CAS_COUNT_WR STAT               | MBOX5C1 |     64543667401 |              0 |    64543667401 | 2.390506e+09 |
|               CAS_COUNT_RD STAT               | MBOX6C0 |    124827886980 |              0 |   124827886980 | 4.623255e+09 |
|               CAS_COUNT_WR STAT               | MBOX6C1 |     64545604168 |              0 |    64545604168 | 2.390578e+09 |
|               CAS_COUNT_RD STAT               | MBOX7C0 |    124823837704 |              0 |   124823837704 | 4.623105e+09 |
|               CAS_COUNT_WR STAT               | MBOX7C1 |     64547642943 |              0 |    64547642943 | 2.390653e+09 |
+-----------------------------------------------+---------+-----------------+----------------+----------------+--------------+

+-----------------------------------+-------------+-----------+-----------+-----------+-----------+-----------+-----------+-----------+-----------+-----------+-------------+-------------+-------------+-------------+-------------+-------------+-------------+-------------+-------------+-------------+-------------+-------------+-------------+-------------+-------------+-------------+-------------+
|               Metric              |  f0608:0:0  | f0608:1:1 | f0608:2:2 | f0608:3:3 | f0608:4:4 | f0608:5:5 | f0608:6:6 | f0608:7:7 | f0608:8:8 | f0608:9:9 | f0608:10:10 | f0608:11:11 | f0608:12:12 | f0608:13:13 | f0608:14:14 | f0608:15:15 | f0608:16:16 | f0608:17:17 | f0608:18:18 | f0608:19:19 | f0608:20:20 | f0608:21:21 | f0608:22:22 | f0608:23:23 | f0608:24:24 | f0608:25:25 | f0608:26:26 |
+-----------------------------------+-------------+-----------+-----------+-----------+-----------+-----------+-----------+-----------+-----------+-----------+-------------+-------------+-------------+-------------+-------------+-------------+-------------+-------------+-------------+-------------+-------------+-------------+-------------+-------------+-------------+-------------+-------------+
|        Runtime (RDTSC) [s]        |   1783.9120 | 1783.8160 | 1783.8290 | 1783.9380 | 1783.8200 | 1783.9760 | 1784.0350 | 1784.1200 | 1783.8170 | 1783.9630 |   1783.9990 |   1783.8120 |   1783.9080 |   1783.8260 |   1783.8080 |   1783.9260 |   1783.9410 |   1783.8270 |   1783.8040 |   1783.8070 |   1783.9150 |   1783.8190 |   1783.8040 |   1784.0950 |   1783.9640 |   1783.9160 |   1783.8420 |
|        Runtime unhalted [s]       |   1777.1285 | 1777.4407 | 1777.3786 | 1777.3927 | 1777.2397 | 1777.2123 | 1777.1207 | 1777.5017 | 1777.5538 | 1777.6931 |   1777.3385 |   1777.4641 |   1777.5956 |   1777.5220 |   1777.0005 |   1777.1905 |   1777.2819 |   1777.1527 |   1778.6647 |   1778.4144 |   1778.6024 |   1778.7152 |   1778.7802 |   1778.9061 |   1778.5155 |   1778.7419 |   1778.7197 |
|            Clock [MHz]            |   2394.3125 | 2394.3159 | 2394.3102 | 2394.2979 | 2394.3077 | 2394.0807 | 2394.0332 | 2394.0726 | 2394.3155 | 2394.2973 |   2394.0644 |   2394.3089 |   2394.2132 |   2394.3133 |   2394.3158 |   2394.3076 |   2394.3008 |   2394.3082 |   2394.3128 |   2394.3175 |   2394.2978 |   2394.3072 |   2394.3140 |   2394.0333 |   2394.2489 |   2394.3139 |   2394.3160 |
|                CPI                |      0.5547 |    0.6436 |    0.8113 |    0.8230 |    0.8499 |    0.8358 |    0.7947 |    0.7658 |    0.6945 |    0.8567 |      0.8275 |      0.8582 |      0.7923 |      0.7833 |      0.7801 |      0.8432 |      0.8325 |      0.8467 |      0.4501 |      0.4413 |      0.4468 |      0.4520 |      0.4425 |      0.4507 |      0.4472 |      0.4442 |      0.4495 |
|             Energy [J]            | 354669.3130 |         0 |         0 |         0 |         0 |         0 |         0 |         0 |         0 |         0 |           0 |           0 |           0 |           0 |           0 |           0 |           0 |           0 |           0 |           0 |           0 |           0 |           0 |           0 |           0 |           0 |           0 |
|             Power [W]             |    198.8155 |         0 |         0 |         0 |         0 |         0 |         0 |         0 |         0 |         0 |           0 |           0 |           0 |           0 |           0 |           0 |           0 |           0 |           0 |           0 |           0 |           0 |           0 |           0 |           0 |           0 |           0 |
|          Energy DRAM [J]          |  33305.7237 |         0 |         0 |         0 |         0 |         0 |         0 |         0 |         0 |         0 |           0 |           0 |           0 |           0 |           0 |           0 |           0 |           0 |           0 |           0 |           0 |           0 |           0 |           0 |           0 |           0 |           0 |
|           Power DRAM [W]          |     18.6700 |         0 |         0 |         0 |         0 |         0 |         0 |         0 |         0 |         0 |           0 |           0 |           0 |           0 |           0 |           0 |           0 |           0 |           0 |           0 |           0 |           0 |           0 |           0 |           0 |           0 |           0 |
|            DP [MFLOP/s]           |   1605.0702 | 1604.9531 | 1604.9414 | 1604.8433 | 1623.2615 | 1604.8091 | 1604.7561 | 1604.6796 | 1604.9522 | 1604.8208 |   1604.7884 |   1604.9567 |   1604.8703 |   1623.2561 |   1604.9603 |   1604.8541 |   1604.8406 |   1604.9432 |   1604.9639 |   1604.9611 |   1604.8640 |   1604.9503 |   1623.2761 |   1604.7021 |   1604.8199 |   1604.8631 |   1604.9296 |
|          AVX DP [MFLOP/s]         |    259.5951 |  259.4060 |  259.4041 |  259.3882 |  265.6496 |  259.3827 |  259.3741 |  259.3618 |  259.4058 |  259.3846 |    259.3794 |    259.4066 |    259.3926 |    265.6487 |    259.4071 |    259.3900 |    259.3878 |    259.4044 |    259.4077 |    259.4073 |    259.3916 |    259.4055 |    265.6520 |    259.3654 |    259.3845 |    259.3914 |    259.4022 |
|          Packed [MUOPS/s]         |     32.4494 |   32.4257 |   32.4255 |   32.4235 |   33.2062 |   32.4228 |   32.4218 |   32.4202 |   32.4257 |   32.4231 |     32.4224 |     32.4258 |     32.4241 |     33.2061 |     32.4259 |     32.4237 |     32.4235 |     32.4255 |     32.4260 |     32.4259 |     32.4239 |     32.4257 |     33.2065 |     32.4207 |     32.4231 |     32.4239 |     32.4253 |
|          Scalar [MUOPS/s]         |   1345.4751 | 1345.5471 | 1345.5373 | 1345.4551 | 1357.6119 | 1345.4264 | 1345.3819 | 1345.3178 | 1345.5464 | 1345.4362 |   1345.4091 |   1345.5501 |   1345.4777 |   1357.6074 |   1345.5531 |   1345.4641 |   1345.4528 |   1345.5388 |   1345.5561 |   1345.5539 |   1345.4724 |   1345.5448 |   1357.6241 |   1345.3366 |   1345.4354 |   1345.4716 |   1345.5275 |
|  Memory read bandwidth [MBytes/s] |  55281.2826 |         0 |         0 |         0 |         0 |         0 |         0 |         0 |         0 |         0 |           0 |           0 |           0 |           0 |           0 |           0 |           0 |           0 |           0 |           0 |           0 |           0 |           0 |           0 |           0 |           0 |           0 |
|  Memory read data volume [GBytes] |  98616.9433 |         0 |         0 |         0 |         0 |         0 |         0 |         0 |         0 |         0 |           0 |           0 |           0 |           0 |           0 |           0 |           0 |           0 |           0 |           0 |           0 |           0 |           0 |           0 |           0 |           0 |           0 |
| Memory write bandwidth [MBytes/s] |  28153.0282 |         0 |         0 |         0 |         0 |         0 |         0 |         0 |         0 |         0 |           0 |           0 |           0 |           0 |           0 |           0 |           0 |           0 |           0 |           0 |           0 |           0 |           0 |           0 |           0 |           0 |           0 |
| Memory write data volume [GBytes] |  50222.5249 |         0 |         0 |         0 |         0 |         0 |         0 |         0 |         0 |         0 |           0 |           0 |           0 |           0 |           0 |           0 |           0 |           0 |           0 |           0 |           0 |           0 |           0 |           0 |           0 |           0 |           0 |
|    Memory bandwidth [MBytes/s]    |  83434.3108 |         0 |         0 |         0 |         0 |         0 |         0 |         0 |         0 |         0 |           0 |           0 |           0 |           0 |           0 |           0 |           0 |           0 |           0 |           0 |           0 |           0 |           0 |           0 |           0 |           0 |           0 |
|    Memory data volume [GBytes]    | 148839.4682 |         0 |         0 |         0 |         0 |         0 |         0 |         0 |         0 |         0 |           0 |           0 |           0 |           0 |           0 |           0 |           0 |           0 |           0 |           0 |           0 |           0 |           0 |           0 |           0 |           0 |           0 |
|       Operational intensity       |      0.0192 |         0 |         0 |         0 |         0 |         0 |         0 |         0 |         0 |         0 |           0 |           0 |           0 |           0 |           0 |           0 |           0 |           0 |           0 |           0 |           0 |           0 |           0 |           0 |           0 |           0 |           0 |
+-----------------------------------+-------------+-----------+-----------+-----------+-----------+-----------+-----------+-----------+-----------+-----------+-------------+-------------+-------------+-------------+-------------+-------------+-------------+-------------+-------------+-------------+-------------+-------------+-------------+-------------+-------------+-------------+-------------+

+----------------------------------------+-------------+-----------+-------------+------------+-----------+-----------+-----------+
|                 Metric                 |     Sum     |    Min    |     Max     |     Avg    |  %ile 25  |  %ile 50  |  %ile 75  |
+----------------------------------------+-------------+-----------+-------------+------------+-----------+-----------+-----------+
|        Runtime (RDTSC) [s] STAT        |  48165.2390 | 1783.8040 |   1784.1200 |  1783.8977 | 1783.8170 | 1783.9080 | 1783.9410 |
|        Runtime unhalted [s] STAT       |  48000.2677 | 1777.0005 |   1778.9061 |  1777.7877 | 1777.2397 | 1777.5017 | 1778.5155 |
|            Clock [MHz] STAT            |  64644.9371 | 2394.0332 |   2394.3175 |  2394.2569 | 2394.2489 | 2394.3077 | 2394.3133 |
|                CPI STAT                |     18.2181 |    0.4413 |      0.8582 |     0.6747 |    0.4501 |    0.7801 |    0.8275 |
|             Energy [J] STAT            | 354669.3130 |         0 | 354669.3130 | 13135.9005 |         0 |         0 |         0 |
|             Power [W] STAT             |    198.8155 |         0 |    198.8155 |     7.3635 |         0 |         0 |         0 |
|          Energy DRAM [J] STAT          |  33305.7237 |         0 |  33305.7237 |  1233.5453 |         0 |         0 |         0 |
|           Power DRAM [W] STAT          |     18.6700 |         0 |     18.6700 |     0.6915 |         0 |         0 |         0 |
|            DP [MFLOP/s] STAT           |  43386.8871 | 1604.6796 |   1623.2761 |  1606.9217 | 1604.8208 | 1604.9296 | 1604.9567 |
|          AVX DP [MFLOP/s] STAT         |   7022.5762 |  259.3618 |    265.6520 |   260.0954 |  259.3846 |  259.4022 |  259.4066 |
|          Packed [MUOPS/s] STAT         |    877.8219 |   32.4202 |     33.2065 |    32.5119 |   32.4231 |   32.4253 |   32.4258 |
|          Scalar [MUOPS/s] STAT         |  36364.3107 | 1345.3178 |   1357.6241 |  1346.8263 | 1345.4362 | 1345.4777 | 1345.5471 |
|  Memory read bandwidth [MBytes/s] STAT |  55281.2826 |         0 |  55281.2826 |  2047.4549 |         0 |         0 |         0 |
|  Memory read data volume [GBytes] STAT |  98616.9433 |         0 |  98616.9433 |  3652.4794 |         0 |         0 |         0 |
| Memory write bandwidth [MBytes/s] STAT |  28153.0282 |         0 |  28153.0282 |  1042.7047 |         0 |         0 |         0 |
| Memory write data volume [GBytes] STAT |  50222.5249 |         0 |  50222.5249 |  1860.0935 |         0 |         0 |         0 |
|    Memory bandwidth [MBytes/s] STAT    |  83434.3108 |         0 |  83434.3108 |  3090.1597 |         0 |         0 |         0 |
|    Memory data volume [GBytes] STAT    | 148839.4682 |         0 | 148839.4682 |  5512.5729 |         0 |         0 |         0 |
|       Operational intensity STAT       |      0.0192 |         0 |      0.0192 |     0.0007 |         0 |         0 |         0 |
+----------------------------------------+-------------+-----------+-------------+------------+-----------+-----------+-----------+

