WARN: Cannot extract OpenMP vendor from executable or commandline, assuming no OpenMP
 nx_glob, nz_glob:                  3000                  1250
 dx,dz:    8.00000000000000        8.00000000000000     
 dt:   2.666666666666666E-002
Group: 1
+------------------------------------------+---------+----------------+----------------+----------------+----------------+----------------+----------------+----------------+----------------+----------------+----------------+----------------+----------------+----------------+----------------+----------------+
|                   Event                  | Counter |    f0608:0:0   |    f0608:1:1   |    f0608:2:2   |    f0608:3:3   |    f0608:4:4   |    f0608:5:5   |    f0608:6:6   |    f0608:7:7   |    f0608:8:8   |    f0608:9:9   |   f0608:10:10  |   f0608:11:11  |   f0608:12:12  |   f0608:13:13  |   f0608:14:14  |
+------------------------------------------+---------+----------------+----------------+----------------+----------------+----------------+----------------+----------------+----------------+----------------+----------------+----------------+----------------+----------------+----------------+----------------+
|             INSTR_RETIRED_ANY            |  FIXC0  |  8925287822267 |  9195325161991 |  9079629525909 |  9448194880052 | 10053634013040 |  8856890379095 |  8806177682044 |  8811811124445 |  9063750133909 | 10008071788976 |  8826243850242 |  8919688514184 |  8831010834793 |  8983315632586 |  8779493363407 |
|           CPU_CLK_UNHALTED_CORE          |  FIXC1  |  7129984104135 |  7132439647385 |  7132542746534 |  7132037142420 |  7131057685827 |  7131880078633 |  7131188431996 |  7132300048783 |  7133094382127 |  7132524404755 |  7132306419515 |  7132494107580 |  7133036253815 |  7132427848434 |  7132096133442 |
|           CPU_CLK_UNHALTED_REF           |  FIXC2  |  7129982844096 |  7132437150912 |  7132538124096 |  7132035648480 |  7131055032576 |  7131879650688 |  7131188128704 |  7132301880192 |  7133091698016 |  7132518830016 |  7132304898816 |  7132494791616 |  7133040257952 |  7132427353536 |  7132092807744 |
|               TOPDOWN_SLOTS              |  FIXC3  | 35649920520675 | 35662198236925 | 35662713732670 | 35660185712100 | 35655288429135 | 35659400393165 | 35655942159980 | 35661500243915 | 35665471910635 | 35662622023775 | 35661532097575 | 35662470537900 | 35665181269075 | 35662139242170 | 35660480667210 |
|              PWR_PKG_ENERGY              |   PWR0  |    453089.5692 |              0 |              0 |              0 |              0 |              0 |              0 |              0 |              0 |              0 |              0 |              0 |              0 |              0 |              0 |
|              PWR_DRAM_ENERGY             |   PWR3  |     41331.2898 |              0 |              0 |              0 |              0 |              0 |              0 |              0 |              0 |              0 |              0 |              0 |              0 |              0 |              0 |
| FP_ARITH_INST_RETIRED_128B_PACKED_DOUBLE |   PMC0  |              0 |              0 |              0 |              0 |              0 |              0 |              0 |              0 |              0 |              0 |              0 |              0 |              0 |              0 |              0 |
|    FP_ARITH_INST_RETIRED_SCALAR_DOUBLE   |   PMC1  |  4316101709314 |  4316101123631 |  4316101101461 |  4316101102787 |  4316101098859 |  4316101093663 |  4316101098907 |  4316101089811 |  4316101098425 |  4316101103939 |  4316101083797 |  4316101077007 |  4316101085637 |  4316101088851 |  4316101091142 |
| FP_ARITH_INST_RETIRED_256B_PACKED_DOUBLE |   PMC2  |              0 |              0 |              0 |              0 |              0 |              0 |              0 |              0 |              0 |              0 |              0 |              0 |              0 |              0 |              0 |
| FP_ARITH_INST_RETIRED_512B_PACKED_DOUBLE |   PMC3  |    90836829513 |    90791535000 |    90791535000 |    90791535000 |    90791535000 |    90791535000 |    90791535000 |    90791535000 |    90791535000 |    90791535000 |    90791535000 |    90791535000 |    90791535000 |    90791535000 |    90791535000 |
|               CAS_COUNT_RD               | MBOX0C0 |   383985030327 |              0 |              0 |              0 |              0 |              0 |              0 |              0 |              0 |              0 |              0 |              0 |              0 |              0 |              0 |
|               CAS_COUNT_WR               | MBOX0C1 |   193689062499 |              0 |              0 |              0 |              0 |              0 |              0 |              0 |              0 |              0 |              0 |              0 |              0 |              0 |              0 |
|               CAS_COUNT_RD               | MBOX1C0 |   383943134420 |              0 |              0 |              0 |              0 |              0 |              0 |              0 |              0 |              0 |              0 |              0 |              0 |              0 |              0 |
|               CAS_COUNT_WR               | MBOX1C1 |   193681218579 |              0 |              0 |              0 |              0 |              0 |              0 |              0 |              0 |              0 |              0 |              0 |              0 |              0 |              0 |
|               CAS_COUNT_RD               | MBOX2C0 |   383973085262 |              0 |              0 |              0 |              0 |              0 |              0 |              0 |              0 |              0 |              0 |              0 |              0 |              0 |              0 |
|               CAS_COUNT_WR               | MBOX2C1 |   193687732674 |              0 |              0 |              0 |              0 |              0 |              0 |              0 |              0 |              0 |              0 |              0 |              0 |              0 |              0 |
|               CAS_COUNT_RD               | MBOX3C0 |   384003140587 |              0 |              0 |              0 |              0 |              0 |              0 |              0 |              0 |              0 |              0 |              0 |              0 |              0 |              0 |
|               CAS_COUNT_WR               | MBOX3C1 |   193695052970 |              0 |              0 |              0 |              0 |              0 |              0 |              0 |              0 |              0 |              0 |              0 |              0 |              0 |              0 |
|               CAS_COUNT_RD               | MBOX4C0 |       13043809 |              0 |              0 |              0 |              0 |              0 |              0 |              0 |              0 |              0 |              0 |              0 |              0 |              0 |              0 |
|               CAS_COUNT_WR               | MBOX4C1 |       14136578 |              0 |              0 |              0 |              0 |              0 |              0 |              0 |              0 |              0 |              0 |              0 |              0 |              0 |              0 |
|               CAS_COUNT_RD               | MBOX5C0 |       13004262 |              0 |              0 |              0 |              0 |              0 |              0 |              0 |              0 |              0 |              0 |              0 |              0 |              0 |              0 |
|               CAS_COUNT_WR               | MBOX5C1 |       14118921 |              0 |              0 |              0 |              0 |              0 |              0 |              0 |              0 |              0 |              0 |              0 |              0 |              0 |              0 |
|               CAS_COUNT_RD               | MBOX6C0 |       13349974 |              0 |              0 |              0 |              0 |              0 |              0 |              0 |              0 |              0 |              0 |              0 |              0 |              0 |              0 |
|               CAS_COUNT_WR               | MBOX6C1 |       14454008 |              0 |              0 |              0 |              0 |              0 |              0 |              0 |              0 |              0 |              0 |              0 |              0 |              0 |              0 |
|               CAS_COUNT_RD               | MBOX7C0 |       12967647 |              0 |              0 |              0 |              0 |              0 |              0 |              0 |              0 |              0 |              0 |              0 |              0 |              0 |              0 |
|               CAS_COUNT_WR               | MBOX7C1 |       14162035 |              0 |              0 |              0 |              0 |              0 |              0 |              0 |              0 |              0 |              0 |              0 |              0 |              0 |              0 |
+------------------------------------------+---------+----------------+----------------+----------------+----------------+----------------+----------------+----------------+----------------+----------------+----------------+----------------+----------------+----------------+----------------+----------------+

+-----------------------------------------------+---------+-----------------+----------------+----------------+---------------+
|                     Event                     | Counter |       Sum       |       Min      |       Max      |      Avg      |
+-----------------------------------------------+---------+-----------------+----------------+----------------+---------------+
|             INSTR_RETIRED_ANY STAT            |  FIXC0  | 136588524706940 |  8779493363407 | 10053634013040 |  9.105902e+12 |
|           CPU_CLK_UNHALTED_CORE STAT          |  FIXC1  | 106981409435381 |  7129984104135 |  7133094382127 |  7.132094e+12 |
|           CPU_CLK_UNHALTED_REF STAT           |  FIXC2  | 106981389097440 |  7129982844096 |  7133091698016 | 7132092606496 |
|               TOPDOWN_SLOTS STAT              |  FIXC3  | 534907047176905 | 35649920520675 | 35665471910635 |      nil      |
|              PWR_PKG_ENERGY STAT              |   PWR0  |     453089.5692 |              0 |    453089.5692 |    30205.9713 |
|              PWR_DRAM_ENERGY STAT             |   PWR3  |      41331.2898 |              0 |     41331.2898 |     2755.4193 |
| FP_ARITH_INST_RETIRED_128B_PACKED_DOUBLE STAT |   PMC0  |               0 |              0 |              0 |             0 |
|    FP_ARITH_INST_RETIRED_SCALAR_DOUBLE STAT   |   PMC1  |  64741517047231 |  4316101077007 |  4316101709314 |  4.316101e+12 |
| FP_ARITH_INST_RETIRED_256B_PACKED_DOUBLE STAT |   PMC2  |               0 |              0 |              0 |             0 |
| FP_ARITH_INST_RETIRED_512B_PACKED_DOUBLE STAT |   PMC3  |   1361918319513 |    90791535000 |    90836829513 |  9.079455e+10 |
|               CAS_COUNT_RD STAT               | MBOX0C0 |    383985030327 |              0 |   383985030327 |  2.559900e+10 |
|               CAS_COUNT_WR STAT               | MBOX0C1 |    193689062499 |              0 |   193689062499 |  1.291260e+10 |
|               CAS_COUNT_RD STAT               | MBOX1C0 |    383943134420 |              0 |   383943134420 |  2.559621e+10 |
|               CAS_COUNT_WR STAT               | MBOX1C1 |    193681218579 |              0 |   193681218579 |  1.291208e+10 |
|               CAS_COUNT_RD STAT               | MBOX2C0 |    383973085262 |              0 |   383973085262 |  2.559821e+10 |
|               CAS_COUNT_WR STAT               | MBOX2C1 |    193687732674 |              0 |   193687732674 |  1.291252e+10 |
|               CAS_COUNT_RD STAT               | MBOX3C0 |    384003140587 |              0 |   384003140587 |  2.560021e+10 |
|               CAS_COUNT_WR STAT               | MBOX3C1 |    193695052970 |              0 |   193695052970 |  1.291300e+10 |
|               CAS_COUNT_RD STAT               | MBOX4C0 |        13043809 |              0 |       13043809 |   869587.2667 |
|               CAS_COUNT_WR STAT               | MBOX4C1 |        14136578 |              0 |       14136578 |   942438.5333 |
|               CAS_COUNT_RD STAT               | MBOX5C0 |        13004262 |              0 |       13004262 |   866950.8000 |
|               CAS_COUNT_WR STAT               | MBOX5C1 |        14118921 |              0 |       14118921 |   941261.4000 |
|               CAS_COUNT_RD STAT               | MBOX6C0 |        13349974 |              0 |       13349974 |   889998.2667 |
|               CAS_COUNT_WR STAT               | MBOX6C1 |        14454008 |              0 |       14454008 |   963600.5333 |
|               CAS_COUNT_RD STAT               | MBOX7C0 |        12967647 |              0 |       12967647 |   864509.8000 |
|               CAS_COUNT_WR STAT               | MBOX7C1 |        14162035 |              0 |       14162035 |   944135.6667 |
+-----------------------------------------------+---------+-----------------+----------------+----------------+---------------+

+-----------------------------------+-------------+-----------+-----------+-----------+-----------+-----------+-----------+-----------+-----------+-----------+-------------+-------------+-------------+-------------+-------------+
|               Metric              |  f0608:0:0  | f0608:1:1 | f0608:2:2 | f0608:3:3 | f0608:4:4 | f0608:5:5 | f0608:6:6 | f0608:7:7 | f0608:8:8 | f0608:9:9 | f0608:10:10 | f0608:11:11 | f0608:12:12 | f0608:13:13 | f0608:14:14 |
+-----------------------------------+-------------+-----------+-----------+-----------+-----------+-----------+-----------+-----------+-----------+-----------+-------------+-------------+-------------+-------------+-------------+
|        Runtime (RDTSC) [s]        |   2988.0930 | 2988.0720 | 2988.0840 | 2988.2320 | 2988.0870 | 2988.0650 | 2988.1730 | 2988.0910 | 2988.0710 | 2988.1080 |   2988.0710 |   2988.1150 |   2988.3980 |   2988.1010 |   2988.0800 |
|        Runtime unhalted [s]       |   2977.8825 | 2978.9057 | 2978.9495 | 2978.7923 | 2978.3273 | 2978.6688 | 2978.4136 | 2978.8480 | 2979.1797 | 2978.9757 |   2978.8476 |   2978.9241 |   2979.4723 |   2978.9006 |   2978.7647 |
|            Clock [MHz]            |   2394.3139 | 2394.3162 | 2394.3163 | 2394.2719 | 2394.3173 | 2394.3181 | 2394.2910 | 2394.3143 | 2394.3158 | 2394.2894 |   2394.3179 |   2394.3186 |   2394.0589 |   2394.3156 |   2394.3144 |
|                CPI                |      0.7989 |    0.7757 |    0.7856 |    0.7549 |    0.7093 |    0.8052 |    0.8098 |    0.8094 |    0.7870 |    0.7127 |      0.8081 |      0.7996 |      0.8077 |      0.7940 |      0.8124 |
|             Energy [J]            | 453089.5692 |         0 |         0 |         0 |         0 |         0 |         0 |         0 |         0 |         0 |           0 |           0 |           0 |           0 |           0 |
|             Power [W]             |    151.6317 |         0 |         0 |         0 |         0 |         0 |         0 |         0 |         0 |         0 |           0 |           0 |           0 |           0 |           0 |
|          Energy DRAM [J]          |  41331.2898 |         0 |         0 |         0 |         0 |         0 |         0 |         0 |         0 |         0 |           0 |           0 |           0 |           0 |           0 |
|           Power DRAM [W]          |     13.8320 |         0 |         0 |         0 |         0 |         0 |         0 |         0 |         0 |         0 |           0 |           0 |           0 |           0 |           0 |
|            DP [MFLOP/s]           |   1687.6303 | 1687.5207 | 1687.5139 | 1687.4304 | 1687.5122 | 1687.5247 | 1687.4637 | 1687.5100 | 1687.5213 | 1687.5004 |   1687.5213 |   1687.4964 |   1687.3366 |   1687.5043 |   1687.5162 |
|          AVX DP [MFLOP/s]         |    243.1968 |  243.0772 |  243.0763 |  243.0642 |  243.0760 |  243.0778 |  243.0690 |  243.0757 |  243.0773 |  243.0743 |    243.0773 |    243.0737 |    243.0507 |    243.0749 |    243.0766 |
|          Packed [MUOPS/s]         |     30.3996 |   30.3847 |   30.3845 |   30.3830 |   30.3845 |   30.3847 |   30.3836 |   30.3845 |   30.3847 |   30.3843 |     30.3847 |     30.3842 |     30.3813 |     30.3844 |     30.3846 |
|          Scalar [MUOPS/s]         |   1444.4335 | 1444.4435 | 1444.4377 | 1444.3661 | 1444.4362 | 1444.4469 | 1444.3947 | 1444.4343 | 1444.4440 | 1444.4261 |   1444.4440 |   1444.4227 |   1444.2859 |   1444.4295 |   1444.4396 |
|  Memory read bandwidth [MBytes/s] |  32897.6482 |         0 |         0 |         0 |         0 |         0 |         0 |         0 |         0 |         0 |           0 |           0 |           0 |           0 |           0 |
|  Memory read data volume [GBytes] |  98301.2324 |         0 |         0 |         0 |         0 |         0 |         0 |         0 |         0 |         0 |           0 |           0 |           0 |           0 |           0 |
| Memory write bandwidth [MBytes/s] |  16595.1448 |         0 |         0 |         0 |         0 |         0 |         0 |         0 |         0 |         0 |           0 |           0 |           0 |           0 |           0 |
| Memory write data volume [GBytes] |  49587.8360 |         0 |         0 |         0 |         0 |         0 |         0 |         0 |         0 |         0 |           0 |           0 |           0 |           0 |           0 |
|    Memory bandwidth [MBytes/s]    |  49492.7930 |         0 |         0 |         0 |         0 |         0 |         0 |         0 |         0 |         0 |           0 |           0 |           0 |           0 |           0 |
|    Memory data volume [GBytes]    | 147889.0685 |         0 |         0 |         0 |         0 |         0 |         0 |         0 |         0 |         0 |           0 |           0 |           0 |           0 |           0 |
|       Operational intensity       |      0.0341 |         0 |         0 |         0 |         0 |         0 |         0 |         0 |         0 |         0 |           0 |           0 |           0 |           0 |           0 |
+-----------------------------------+-------------+-----------+-----------+-----------+-----------+-----------+-----------+-----------+-----------+-----------+-------------+-------------+-------------+-------------+-------------+

+----------------------------------------+-------------+-----------+-------------+------------+-----------+-----------+-----------+
|                 Metric                 |     Sum     |    Min    |     Max     |     Avg    |  %ile 25  |  %ile 50  |  %ile 75  |
+----------------------------------------+-------------+-----------+-------------+------------+-----------+-----------+-----------+
|        Runtime (RDTSC) [s] STAT        |  44821.8410 | 2988.0650 |   2988.3980 |  2988.1227 | 2988.0720 | 2988.0910 | 2988.1080 |
|        Runtime unhalted [s] STAT       |  44681.8524 | 2977.8825 |   2979.4723 |  2978.7902 | 2978.6688 | 2978.8480 | 2978.9241 |
|            Clock [MHz] STAT            |  35914.3896 | 2394.0589 |   2394.3186 |  2394.2926 | 2394.2910 | 2394.3156 | 2394.3163 |
|                CPI STAT                |     11.7703 |    0.7093 |      0.8124 |     0.7847 |    0.7757 |    0.7989 |    0.8077 |
|             Energy [J] STAT            | 453089.5692 |         0 | 453089.5692 | 30205.9713 |         0 |         0 |         0 |
|             Power [W] STAT             |    151.6317 |         0 |    151.6317 |    10.1088 |         0 |         0 |         0 |
|          Energy DRAM [J] STAT          |  41331.2898 |         0 |  41331.2898 |  2755.4193 |         0 |         0 |         0 |
|           Power DRAM [W] STAT          |     13.8320 |         0 |     13.8320 |     0.9221 |         0 |         0 |         0 |
|            DP [MFLOP/s] STAT           |  25312.5024 | 1687.3366 |   1687.6303 |  1687.5002 | 1687.4964 | 1687.5122 | 1687.5207 |
|          AVX DP [MFLOP/s] STAT         |   3646.2178 |  243.0507 |    243.1968 |   243.0812 |  243.0737 |  243.0760 |  243.0772 |
|          Packed [MUOPS/s] STAT         |    455.7773 |   30.3813 |     30.3996 |    30.3852 |   30.3842 |   30.3845 |   30.3847 |
|          Scalar [MUOPS/s] STAT         |  21666.2847 | 1444.2859 |   1444.4469 |  1444.4190 | 1444.4227 | 1444.4343 | 1444.4396 |
|  Memory read bandwidth [MBytes/s] STAT |  32897.6482 |         0 |  32897.6482 |  2193.1765 |         0 |         0 |         0 |
|  Memory read data volume [GBytes] STAT |  98301.2324 |         0 |  98301.2324 |  6553.4155 |         0 |         0 |         0 |
| Memory write bandwidth [MBytes/s] STAT |  16595.1448 |         0 |  16595.1448 |  1106.3430 |         0 |         0 |         0 |
| Memory write data volume [GBytes] STAT |  49587.8360 |         0 |  49587.8360 |  3305.8557 |         0 |         0 |         0 |
|    Memory bandwidth [MBytes/s] STAT    |  49492.7930 |         0 |  49492.7930 |  3299.5195 |         0 |         0 |         0 |
|    Memory data volume [GBytes] STAT    | 147889.0685 |         0 | 147889.0685 |  9859.2712 |         0 |         0 |         0 |
|       Operational intensity STAT       |      0.0341 |         0 |      0.0341 |     0.0023 |         0 |         0 |         0 |
+----------------------------------------+-------------+-----------+-------------+------------+-----------+-----------+-----------+

