WARN: Cannot extract OpenMP vendor from executable or commandline, assuming no OpenMP
 nx_glob, nz_glob:                  3000                  1250
 dx,dz:    8.00000000000000        8.00000000000000     
 dt:   2.666666666666666E-002
Group: 1
+------------------------------------------+---------+----------------+----------------+----------------+----------------+----------------+----------------+----------------+----------------+----------------+----------------+----------------+----------------+----------------+----------------+----------------+----------------+----------------+----------------+----------------+----------------+----------------+----------------+----------------+----------------+----------------+----------------+----------------+----------------+
|                   Event                  | Counter |    f0608:0:0   |    f0608:1:1   |    f0608:2:2   |    f0608:3:3   |    f0608:4:4   |    f0608:5:5   |    f0608:6:6   |    f0608:7:7   |    f0608:8:8   |    f0608:9:9   |   f0608:10:10  |   f0608:11:11  |   f0608:12:12  |   f0608:13:13  |   f0608:14:14  |   f0608:15:15  |   f0608:16:16  |   f0608:17:17  |   f0608:18:18  |   f0608:19:19  |   f0608:20:20  |   f0608:21:21  |   f0608:22:22  |   f0608:23:23  |   f0608:24:24  |   f0608:25:25  |   f0608:26:26  |   f0608:27:27  |
+------------------------------------------+---------+----------------+----------------+----------------+----------------+----------------+----------------+----------------+----------------+----------------+----------------+----------------+----------------+----------------+----------------+----------------+----------------+----------------+----------------+----------------+----------------+----------------+----------------+----------------+----------------+----------------+----------------+----------------+----------------+
|             INSTR_RETIRED_ANY            |  FIXC0  |  5709778352204 |  7041156649359 |  7127874606318 |  5643438781024 |  4804995040636 |  4900151667199 |  4845200567676 |  4830408898202 |  4932703255524 |  5277449806025 |  5231892350940 |  4785862426502 |  4815683186644 |  4934885199240 |  4791373275840 |  5044840848891 |  5719358482672 |  6794989777702 |  8843099650902 |  8927681588158 |  8886222975100 |  8987901040998 |  8940523232965 |  8854117517466 |  8876275441985 |  9045462466126 |  9007905373534 |  8870763559087 |
|           CPU_CLK_UNHALTED_CORE          |  FIXC1  |  4057787407063 |  4059444161937 |  4059254071327 |  4058156488141 |  4058755583439 |  4058480017774 |  4058737232088 |  4058573573578 |  4059616799051 |  4058891036379 |  4058083319156 |  4059326032107 |  4058030634531 |  4058787462260 |  4059004245478 |  4058716537118 |  4056919393428 |  4058068383155 |  4061527148574 |  4060998004439 |  4061236450183 |  4061551870148 |  4061493659508 |  4061593443403 |  4061122081199 |  4061596009578 |  4061469813120 |  4059939589528 |
|           CPU_CLK_UNHALTED_REF           |  FIXC2  |  4057786728384 |  4059443333760 |  4059251813856 |  4058156896704 |  4058755804704 |  4058479779744 |  4058738712384 |  4058574288192 |  4059615788448 |  4058889887712 |  4058084940480 |  4059325570368 |  4058032430112 |  4058791906368 |  4059002756256 |  4058718125952 |  4056921340608 |  4058069610240 |  4061527618368 |  4060997714784 |  4061235429696 |  4061551432992 |  4061494571616 |  4061586201216 |  4061120907168 |  4061596963104 |  4061469971424 |  4059938156448 |
|               TOPDOWN_SLOTS              |  FIXC3  | 20288937035315 | 20297220809685 | 20296270356635 | 20290782440705 | 20293777917195 | 20292400088870 | 20293686160440 | 20292867867890 | 20298083995255 | 20294455181895 | 20290416595780 | 20296630160535 | 20290153172655 | 20293937311300 | 20295021227390 | 20293582685590 | 20284596967140 | 20290341915775 | 20307635742870 | 20304990022195 | 20306182250915 | 20307759350740 | 20307468297540 | 20307967217015 | 20305610405995 | 20307980047890 | 20307349065600 | 20299697947640 |
|              PWR_PKG_ENERGY              |   PWR0  |    346993.8915 |              0 |              0 |              0 |              0 |              0 |              0 |              0 |              0 |              0 |              0 |              0 |              0 |              0 |              0 |              0 |              0 |              0 |              0 |              0 |              0 |              0 |              0 |              0 |              0 |              0 |              0 |              0 |
|              PWR_DRAM_ENERGY             |   PWR3  |     32699.7090 |              0 |              0 |              0 |              0 |              0 |              0 |              0 |              0 |              0 |              0 |              0 |              0 |              0 |              0 |              0 |              0 |              0 |              0 |              0 |              0 |              0 |              0 |              0 |              0 |              0 |              0 |              0 |
| FP_ARITH_INST_RETIRED_128B_PACKED_DOUBLE |   PMC0  |              0 |              0 |              0 |              0 |              0 |              0 |              0 |              0 |              0 |              0 |              0 |              0 |              0 |              0 |              0 |              0 |              0 |              0 |              0 |              0 |              0 |              0 |              0 |              0 |              0 |              0 |              0 |              0 |
|    FP_ARITH_INST_RETIRED_SCALAR_DOUBLE   |   PMC1  |  2314101537826 |  2314100916770 |  2314100918316 |  2335627807080 |  2314100914238 |  2314100915298 |  2314100916130 |  2314100899886 |  2314100900626 |  2314100907256 |  2335627797118 |  2314100903224 |  2314100897104 |  2314100902092 |  2314100896044 |  2314100901250 |  2314100890816 |  2335627771566 |  2314100889612 |  2314100861940 |  2314100879028 |  2314100866990 |  2314100864274 |  2314100852926 |  2335627748420 |  2314100845006 |  2314100863922 |  2314100840702 |
| FP_ARITH_INST_RETIRED_256B_PACKED_DOUBLE |   PMC2  |              0 |              0 |              0 |              0 |              0 |              0 |              0 |              0 |              0 |              0 |              0 |              0 |              0 |              0 |              0 |              0 |              0 |              0 |              0 |              0 |              0 |              0 |              0 |              0 |              0 |              0 |              0 |              0 |
| FP_ARITH_INST_RETIRED_512B_PACKED_DOUBLE |   PMC3  |    56452421385 |    56407126872 |    56407126872 |    55014945000 |    56407126872 |    56407126872 |    56407126872 |    56407126872 |    56407126872 |    56407126872 |    55014945000 |    56407126872 |    56407126872 |    56407126872 |    56407126872 |    56407126872 |    56407126872 |    55014945000 |    56407126872 |    56407126872 |    56407126872 |    56407126872 |    56407126872 |    56407126872 |    55014945000 |    56407126872 |    56407126872 |    56407126872 |
|               CAS_COUNT_RD               | MBOX0C0 |   253384218136 |              0 |              0 |              0 |              0 |              0 |              0 |              0 |              0 |              0 |              0 |              0 |              0 |              0 |              0 |              0 |              0 |              0 |              0 |              0 |              0 |              0 |              0 |              0 |              0 |              0 |              0 |              0 |
|               CAS_COUNT_WR               | MBOX0C1 |   127059064411 |              0 |              0 |              0 |              0 |              0 |              0 |              0 |              0 |              0 |              0 |              0 |              0 |              0 |              0 |              0 |              0 |              0 |              0 |              0 |              0 |              0 |              0 |              0 |              0 |              0 |              0 |              0 |
|               CAS_COUNT_RD               | MBOX1C0 |   253324723439 |              0 |              0 |              0 |              0 |              0 |              0 |              0 |              0 |              0 |              0 |              0 |              0 |              0 |              0 |              0 |              0 |              0 |              0 |              0 |              0 |              0 |              0 |              0 |              0 |              0 |              0 |              0 |
|               CAS_COUNT_WR               | MBOX1C1 |   127051147972 |              0 |              0 |              0 |              0 |              0 |              0 |              0 |              0 |              0 |              0 |              0 |              0 |              0 |              0 |              0 |              0 |              0 |              0 |              0 |              0 |              0 |              0 |              0 |              0 |              0 |              0 |              0 |
|               CAS_COUNT_RD               | MBOX2C0 |   253364996961 |              0 |              0 |              0 |              0 |              0 |              0 |              0 |              0 |              0 |              0 |              0 |              0 |              0 |              0 |              0 |              0 |              0 |              0 |              0 |              0 |              0 |              0 |              0 |              0 |              0 |              0 |              0 |
|               CAS_COUNT_WR               | MBOX2C1 |   127067194759 |              0 |              0 |              0 |              0 |              0 |              0 |              0 |              0 |              0 |              0 |              0 |              0 |              0 |              0 |              0 |              0 |              0 |              0 |              0 |              0 |              0 |              0 |              0 |              0 |              0 |              0 |              0 |
|               CAS_COUNT_RD               | MBOX3C0 |   253405843297 |              0 |              0 |              0 |              0 |              0 |              0 |              0 |              0 |              0 |              0 |              0 |              0 |              0 |              0 |              0 |              0 |              0 |              0 |              0 |              0 |              0 |              0 |              0 |              0 |              0 |              0 |              0 |
|               CAS_COUNT_WR               | MBOX3C1 |   127066743764 |              0 |              0 |              0 |              0 |              0 |              0 |              0 |              0 |              0 |              0 |              0 |              0 |              0 |              0 |              0 |              0 |              0 |              0 |              0 |              0 |              0 |              0 |              0 |              0 |              0 |              0 |              0 |
|               CAS_COUNT_RD               | MBOX4C0 |   135982208164 |              0 |              0 |              0 |              0 |              0 |              0 |              0 |              0 |              0 |              0 |              0 |              0 |              0 |              0 |              0 |              0 |              0 |              0 |              0 |              0 |              0 |              0 |              0 |              0 |              0 |              0 |              0 |
|               CAS_COUNT_WR               | MBOX4C1 |    69554660163 |              0 |              0 |              0 |              0 |              0 |              0 |              0 |              0 |              0 |              0 |              0 |              0 |              0 |              0 |              0 |              0 |              0 |              0 |              0 |              0 |              0 |              0 |              0 |              0 |              0 |              0 |              0 |
|               CAS_COUNT_RD               | MBOX5C0 |   135985659813 |              0 |              0 |              0 |              0 |              0 |              0 |              0 |              0 |              0 |              0 |              0 |              0 |              0 |              0 |              0 |              0 |              0 |              0 |              0 |              0 |              0 |              0 |              0 |              0 |              0 |              0 |              0 |
|               CAS_COUNT_WR               | MBOX5C1 |    69557048389 |              0 |              0 |              0 |              0 |              0 |              0 |              0 |              0 |              0 |              0 |              0 |              0 |              0 |              0 |              0 |              0 |              0 |              0 |              0 |              0 |              0 |              0 |              0 |              0 |              0 |              0 |              0 |
|               CAS_COUNT_RD               | MBOX6C0 |   136009869680 |              0 |              0 |              0 |              0 |              0 |              0 |              0 |              0 |              0 |              0 |              0 |              0 |              0 |              0 |              0 |              0 |              0 |              0 |              0 |              0 |              0 |              0 |              0 |              0 |              0 |              0 |              0 |
|               CAS_COUNT_WR               | MBOX6C1 |    69550363686 |              0 |              0 |              0 |              0 |              0 |              0 |              0 |              0 |              0 |              0 |              0 |              0 |              0 |              0 |              0 |              0 |              0 |              0 |              0 |              0 |              0 |              0 |              0 |              0 |              0 |              0 |              0 |
|               CAS_COUNT_RD               | MBOX7C0 |   135972258027 |              0 |              0 |              0 |              0 |              0 |              0 |              0 |              0 |              0 |              0 |              0 |              0 |              0 |              0 |              0 |              0 |              0 |              0 |              0 |              0 |              0 |              0 |              0 |              0 |              0 |              0 |              0 |
|               CAS_COUNT_WR               | MBOX7C1 |    69557224605 |              0 |              0 |              0 |              0 |              0 |              0 |              0 |              0 |              0 |              0 |              0 |              0 |              0 |              0 |              0 |              0 |              0 |              0 |              0 |              0 |              0 |              0 |              0 |              0 |              0 |              0 |              0 |
+------------------------------------------+---------+----------------+----------------+----------------+----------------+----------------+----------------+----------------+----------------+----------------+----------------+----------------+----------------+----------------+----------------+----------------+----------------+----------------+----------------+----------------+----------------+----------------+----------------+----------------+----------------+----------------+----------------+----------------+----------------+

+-----------------------------------------------+---------+-----------------+----------------+----------------+--------------+
|                     Event                     | Counter |       Sum       |       Min      |       Max      |      Avg     |
+-----------------------------------------------+---------+-----------------+----------------+----------------+--------------+
|             INSTR_RETIRED_ANY STAT            |  FIXC0  | 186471996018919 |  4785862426502 |  9045462466126 | 6.659714e+12 |
|           CPU_CLK_UNHALTED_CORE STAT          |  FIXC1  | 113667160447690 |  4056919393428 |  4061596009578 | 4.059541e+12 |
|           CPU_CLK_UNHALTED_REF STAT           |  FIXC2  | 113667158681088 |  4056921340608 |  4061596963104 | 4.059541e+12 |
|               TOPDOWN_SLOTS STAT              |  FIXC3  | 568335802238450 | 20284596967140 | 20307980047890 |      nil     |
|              PWR_PKG_ENERGY STAT              |   PWR0  |     346993.8915 |              0 |    346993.8915 |   12392.6390 |
|              PWR_DRAM_ENERGY STAT             |   PWR3  |      32699.7090 |              0 |     32699.7090 |    1167.8467 |
| FP_ARITH_INST_RETIRED_128B_PACKED_DOUBLE STAT |   PMC0  |               0 |              0 |              0 |            0 |
|    FP_ARITH_INST_RETIRED_SCALAR_DOUBLE STAT   |   PMC1  |  64880933105460 |  2314100840702 |  2335627807080 | 2.317176e+12 |
| FP_ARITH_INST_RETIRED_256B_PACKED_DOUBLE STAT |   PMC2  |               0 |              0 |              0 |            0 |
| FP_ARITH_INST_RETIRED_512B_PACKED_DOUBLE STAT |   PMC3  |   1573876119441 |    55014945000 |    56452421385 | 5.620986e+10 |
|               CAS_COUNT_RD STAT               | MBOX0C0 |    253384218136 |              0 |   253384218136 |   9049436362 |
|               CAS_COUNT_WR STAT               | MBOX0C1 |    127059064411 |              0 |   127059064411 | 4.537824e+09 |
|               CAS_COUNT_RD STAT               | MBOX1C0 |    253324723439 |              0 |   253324723439 | 9.047312e+09 |
|               CAS_COUNT_WR STAT               | MBOX1C1 |    127051147972 |              0 |   127051147972 |   4537540999 |
|               CAS_COUNT_RD STAT               | MBOX2C0 |    253364996961 |              0 |   253364996961 | 9.048750e+09 |
|               CAS_COUNT_WR STAT               | MBOX2C1 |    127067194759 |              0 |   127067194759 | 4.538114e+09 |
|               CAS_COUNT_RD STAT               | MBOX3C0 |    253405843297 |              0 |   253405843297 | 9.050209e+09 |
|               CAS_COUNT_WR STAT               | MBOX3C1 |    127066743764 |              0 |   127066743764 | 4.538098e+09 |
|               CAS_COUNT_RD STAT               | MBOX4C0 |    135982208164 |              0 |   135982208164 | 4.856507e+09 |
|               CAS_COUNT_WR STAT               | MBOX4C1 |     69554660163 |              0 |    69554660163 | 2.484095e+09 |
|               CAS_COUNT_RD STAT               | MBOX5C0 |    135985659813 |              0 |   135985659813 | 4.856631e+09 |
|               CAS_COUNT_WR STAT               | MBOX5C1 |     69557048389 |              0 |    69557048389 | 2.484180e+09 |
|               CAS_COUNT_RD STAT               | MBOX6C0 |    136009869680 |              0 |   136009869680 | 4.857495e+09 |
|               CAS_COUNT_WR STAT               | MBOX6C1 |     69550363686 |              0 |    69550363686 | 2.483942e+09 |
|               CAS_COUNT_RD STAT               | MBOX7C0 |    135972258027 |              0 |   135972258027 | 4.856152e+09 |
|               CAS_COUNT_WR STAT               | MBOX7C1 |     69557224605 |              0 |    69557224605 | 2.484187e+09 |
+-----------------------------------------------+---------+-----------------+----------------+----------------+--------------+

+-----------------------------------+-------------+-----------+-----------+-----------+-----------+-----------+-----------+-----------+-----------+-----------+-------------+-------------+-------------+-------------+-------------+-------------+-------------+-------------+-------------+-------------+-------------+-------------+-------------+-------------+-------------+-------------+-------------+-------------+
|               Metric              |  f0608:0:0  | f0608:1:1 | f0608:2:2 | f0608:3:3 | f0608:4:4 | f0608:5:5 | f0608:6:6 | f0608:7:7 | f0608:8:8 | f0608:9:9 | f0608:10:10 | f0608:11:11 | f0608:12:12 | f0608:13:13 | f0608:14:14 | f0608:15:15 | f0608:16:16 | f0608:17:17 | f0608:18:18 | f0608:19:19 | f0608:20:20 | f0608:21:21 | f0608:22:22 | f0608:23:23 | f0608:24:24 | f0608:25:25 | f0608:26:26 | f0608:27:27 |
+-----------------------------------+-------------+-----------+-----------+-----------+-----------+-----------+-----------+-----------+-----------+-----------+-------------+-------------+-------------+-------------+-------------+-------------+-------------+-------------+-------------+-------------+-------------+-------------+-------------+-------------+-------------+-------------+-------------+-------------+
|        Runtime (RDTSC) [s]        |   1701.4130 | 1701.4350 | 1701.4090 | 1701.3520 | 1701.3600 | 1701.4530 | 1701.4510 | 1701.4430 | 1701.6640 | 1701.5080 |   1701.3490 |   1701.3560 |   1701.3490 |   1701.7610 |   1701.6670 |   1701.3600 |   1701.4100 |   1701.3510 |   1701.4330 |   1701.5780 |   1701.7510 |   1701.4300 |   1701.3530 |   1701.3780 |   1701.4710 |   1701.4090 |   1701.4190 |   1701.3450 |
|        Runtime unhalted [s]       |   1694.7589 | 1695.4643 | 1695.4053 | 1694.9170 | 1695.1669 | 1695.0623 | 1695.1551 | 1695.0914 | 1695.8237 | 1695.3178 |   1694.8852 |   1695.4044 |   1694.8600 |   1695.4922 |   1695.5898 |   1695.1503 |   1694.4210 |   1694.8760 |   1696.3273 |   1696.3241 |   1696.5866 |   1696.3318 |   1696.3083 |   1696.3542 |   1696.1914 |   1696.3508 |   1696.3144 |   1695.6604 |
|            Clock [MHz]            |   2394.3158 | 2394.2969 | 2394.2690 | 2394.3097 | 2394.3101 | 2394.2957 | 2394.3153 | 2394.3091 | 2393.8914 | 2394.1778 |   2394.3106 |   2394.3117 |   2394.3151 |   2393.8671 |   2393.8606 |   2394.3098 |   2394.2794 |   2394.3151 |   2394.3060 |   2393.9991 |   2393.7696 |   2394.3148 |   2394.3129 |   2394.3117 |   2394.2600 |   2394.3132 |   2394.2906 |   2394.3126 |
|                CPI                |      0.7107 |    0.5765 |    0.5695 |    0.7191 |    0.8447 |    0.8282 |    0.8377 |    0.8402 |    0.8230 |    0.7691 |      0.7756 |      0.8482 |      0.8427 |      0.8225 |      0.8471 |      0.8045 |      0.7093 |      0.5972 |      0.4593 |      0.4549 |      0.4570 |      0.4519 |      0.4543 |      0.4587 |      0.4575 |      0.4490 |      0.4509 |      0.4577 |
|             Energy [J]            | 346993.8915 |         0 |         0 |         0 |         0 |         0 |         0 |         0 |         0 |         0 |           0 |           0 |           0 |           0 |           0 |           0 |           0 |           0 |           0 |           0 |           0 |           0 |           0 |           0 |           0 |           0 |           0 |           0 |
|             Power [W]             |    203.9445 |         0 |         0 |         0 |         0 |         0 |         0 |         0 |         0 |         0 |           0 |           0 |           0 |           0 |           0 |           0 |           0 |           0 |           0 |           0 |           0 |           0 |           0 |           0 |           0 |           0 |           0 |           0 |
|          Energy DRAM [J]          |  32699.7090 |         0 |         0 |         0 |         0 |         0 |         0 |         0 |         0 |         0 |           0 |           0 |           0 |           0 |           0 |           0 |           0 |           0 |           0 |           0 |           0 |           0 |           0 |           0 |           0 |           0 |           0 |           0 |
|           Power DRAM [W]          |     19.2191 |         0 |         0 |         0 |         0 |         0 |         0 |         0 |         0 |         0 |           0 |           0 |           0 |           0 |           0 |           0 |           0 |           0 |           0 |           0 |           0 |           0 |           0 |           0 |           0 |           0 |           0 |           0 |
|            DP [MFLOP/s]           |   1625.5435 | 1625.3092 | 1625.3340 | 1631.4951 | 1625.3808 | 1625.2920 | 1625.2939 | 1625.3015 | 1625.0905 | 1625.2394 |   1631.4979 |   1625.3846 |   1625.3913 |   1624.9978 |   1625.0876 |   1625.3808 |   1625.3331 |   1631.4960 |   1625.3111 |   1625.1726 |   1625.0074 |   1625.3139 |   1625.3875 |   1625.3636 |   1631.3809 |   1625.3340 |   1625.3244 |   1625.3951 |
|          AVX DP [MFLOP/s]         |    265.4378 |  265.2214 |  265.2255 |  258.6881 |  265.2331 |  265.2186 |  265.2189 |  265.2202 |  265.1857 |  265.2100 |    258.6886 |    265.2337 |    265.2348 |    265.1706 |    265.1853 |    265.2331 |    265.2253 |    258.6883 |    265.2217 |    265.1991 |    265.1722 |    265.2222 |    265.2342 |    265.2303 |    258.6700 |    265.2255 |    265.2239 |    265.2355 |
|          Packed [MUOPS/s]         |     33.1797 |   33.1527 |   33.1532 |   32.3360 |   33.1541 |   33.1523 |   33.1524 |   33.1525 |   33.1482 |   33.1513 |     32.3361 |     33.1542 |     33.1544 |     33.1463 |     33.1482 |     33.1541 |     33.1532 |     32.3360 |     33.1527 |     33.1499 |     33.1465 |     33.1528 |     33.1543 |     33.1538 |     32.3338 |     33.1532 |     33.1530 |     33.1544 |
|          Scalar [MUOPS/s]         |   1360.1057 | 1360.0878 | 1360.1085 | 1372.8069 | 1360.1477 | 1360.0734 | 1360.0750 | 1360.0814 | 1359.9047 | 1360.0294 |   1372.8093 |   1360.1509 |   1360.1565 |   1359.8272 |   1359.9023 |   1360.1477 |   1360.1077 |   1372.8077 |   1360.0893 |   1359.9734 |   1359.8352 |   1360.0917 |   1360.1533 |   1360.1333 |   1372.7109 |   1360.1085 |   1360.1005 |   1360.1597 |
|  Memory read bandwidth [MBytes/s] |  58583.9568 |         0 |         0 |         0 |         0 |         0 |         0 |         0 |         0 |         0 |           0 |           0 |           0 |           0 |           0 |           0 |           0 |           0 |           0 |           0 |           0 |           0 |           0 |           0 |           0 |           0 |           0 |           0 |
|  Memory read data volume [GBytes] |  99675.5058 |         0 |         0 |         0 |         0 |         0 |         0 |         0 |         0 |         0 |           0 |           0 |           0 |           0 |           0 |           0 |           0 |           0 |           0 |           0 |           0 |           0 |           0 |           0 |           0 |           0 |           0 |           0 |
| Memory write bandwidth [MBytes/s] |  29583.4466 |         0 |         0 |         0 |         0 |         0 |         0 |         0 |         0 |         0 |           0 |           0 |           0 |           0 |           0 |           0 |           0 |           0 |           0 |           0 |           0 |           0 |           0 |           0 |           0 |           0 |           0 |           0 |
| Memory write data volume [GBytes] |  50333.6607 |         0 |         0 |         0 |         0 |         0 |         0 |         0 |         0 |         0 |           0 |           0 |           0 |           0 |           0 |           0 |           0 |           0 |           0 |           0 |           0 |           0 |           0 |           0 |           0 |           0 |           0 |           0 |
|    Memory bandwidth [MBytes/s]    |  88167.4035 |         0 |         0 |         0 |         0 |         0 |         0 |         0 |         0 |         0 |           0 |           0 |           0 |           0 |           0 |           0 |           0 |           0 |           0 |           0 |           0 |           0 |           0 |           0 |           0 |           0 |           0 |           0 |
|    Memory data volume [GBytes]    | 150009.1664 |         0 |         0 |         0 |         0 |         0 |         0 |         0 |         0 |         0 |           0 |           0 |           0 |           0 |           0 |           0 |           0 |           0 |           0 |           0 |           0 |           0 |           0 |           0 |           0 |           0 |           0 |           0 |
|       Operational intensity       |      0.0184 |         0 |         0 |         0 |         0 |         0 |         0 |         0 |         0 |         0 |           0 |           0 |           0 |           0 |           0 |           0 |           0 |           0 |           0 |           0 |           0 |           0 |           0 |           0 |           0 |           0 |           0 |           0 |
+-----------------------------------+-------------+-----------+-----------+-----------+-----------+-----------+-----------+-----------+-----------+-----------+-------------+-------------+-------------+-------------+-------------+-------------+-------------+-------------+-------------+-------------+-------------+-------------+-------------+-------------+-------------+-------------+-------------+-------------+

+----------------------------------------+-------------+-----------+-------------+------------+-----------+-----------+-----------+
|                 Metric                 |     Sum     |    Min    |     Max     |     Avg    |  %ile 25  |  %ile 50  |  %ile 75  |
+----------------------------------------+-------------+-----------+-------------+------------+-----------+-----------+-----------+
|        Runtime (RDTSC) [s] STAT        |  47640.6580 | 1701.3450 |   1701.7610 |  1701.4521 | 1701.3560 | 1701.4130 | 1701.4530 |
|        Runtime unhalted [s] STAT       |  47475.5909 | 1694.4210 |   1696.5866 |  1695.5568 | 1695.0623 | 1695.4053 | 1696.3083 |
|            Clock [MHz] STAT            |  67038.2507 | 2393.7696 |   2394.3158 |  2394.2232 | 2394.2600 | 2394.3091 | 2394.3126 |
|                CPI STAT                |     18.3170 |    0.4490 |      0.8482 |     0.6542 |    0.4575 |    0.7093 |    0.8230 |
|             Energy [J] STAT            | 346993.8915 |         0 | 346993.8915 | 12392.6390 |         0 |         0 |         0 |
|             Power [W] STAT             |    203.9445 |         0 |    203.9445 |     7.2837 |         0 |         0 |         0 |
|          Energy DRAM [J] STAT          |  32699.7090 |         0 |  32699.7090 |  1167.8467 |         0 |         0 |         0 |
|           Power DRAM [W] STAT          |     19.2191 |         0 |     19.2191 |     0.6864 |         0 |         0 |         0 |
|            DP [MFLOP/s] STAT           |  45532.8395 | 1624.9978 |   1631.4979 |  1626.1728 | 1625.2920 | 1625.3331 | 1625.3875 |
|          AVX DP [MFLOP/s] STAT         |   7400.1536 |  258.6700 |    265.4378 |   264.2912 |  265.1853 |  265.2214 |  265.2303 |
|          Packed [MUOPS/s] STAT         |    925.0193 |   32.3338 |     33.1797 |    33.0364 |   33.1482 |   33.1527 |   33.1538 |
|          Scalar [MUOPS/s] STAT         |  38132.6856 | 1359.8272 |   1372.8093 |  1361.8816 | 1360.0734 | 1360.1057 | 1360.1509 |
|  Memory read bandwidth [MBytes/s] STAT |  58583.9568 |         0 |  58583.9568 |  2092.2842 |         0 |         0 |         0 |
|  Memory read data volume [GBytes] STAT |  99675.5058 |         0 |  99675.5058 |  3559.8395 |         0 |         0 |         0 |
| Memory write bandwidth [MBytes/s] STAT |  29583.4466 |         0 |  29583.4466 |  1056.5517 |         0 |         0 |         0 |
| Memory write data volume [GBytes] STAT |  50333.6607 |         0 |  50333.6607 |  1797.6307 |         0 |         0 |         0 |
|    Memory bandwidth [MBytes/s] STAT    |  88167.4035 |         0 |  88167.4035 |  3148.8358 |         0 |         0 |         0 |
|    Memory data volume [GBytes] STAT    | 150009.1664 |         0 | 150009.1664 |  5357.4702 |         0 |         0 |         0 |
|       Operational intensity STAT       |      0.0184 |         0 |      0.0184 |     0.0007 |         0 |         0 |         0 |
+----------------------------------------+-------------+-----------+-------------+------------+-----------+-----------+-----------+

