WARN: Cannot extract OpenMP vendor from executable or commandline, assuming no OpenMP
 nx_glob, nz_glob:                  3000                  1250
 dx,dz:    8.00000000000000        8.00000000000000     
 dt:   2.666666666666666E-002
Group: 1
+------------------------------------------+---------+----------------+----------------+----------------+----------------+----------------+----------------+----------------+----------------+----------------+----------------+----------------+----------------+----------------+----------------+----------------+----------------+----------------+----------------+----------------+----------------+----------------+----------------+----------------+----------------+----------------+----------------+----------------+----------------+----------------+
|                   Event                  | Counter |    f0608:0:0   |    f0608:1:1   |    f0608:2:2   |    f0608:3:3   |    f0608:4:4   |    f0608:5:5   |    f0608:6:6   |    f0608:7:7   |    f0608:8:8   |    f0608:9:9   |   f0608:10:10  |   f0608:11:11  |   f0608:12:12  |   f0608:13:13  |   f0608:14:14  |   f0608:15:15  |   f0608:16:16  |   f0608:17:17  |   f0608:18:18  |   f0608:19:19  |   f0608:20:20  |   f0608:21:21  |   f0608:22:22  |   f0608:23:23  |   f0608:24:24  |   f0608:25:25  |   f0608:26:26  |   f0608:27:27  |   f0608:28:28  |
+------------------------------------------+---------+----------------+----------------+----------------+----------------+----------------+----------------+----------------+----------------+----------------+----------------+----------------+----------------+----------------+----------------+----------------+----------------+----------------+----------------+----------------+----------------+----------------+----------------+----------------+----------------+----------------+----------------+----------------+----------------+----------------+
|             INSTR_RETIRED_ANY            |  FIXC0  |  5219232767182 |  4880183814130 |  4811382756324 |  4660727433317 |  4732709430297 |  4710726196304 |  4673945176373 |  5016761938907 |  4644110061768 |  5137957125928 |  5194437612895 |  6116572769808 |  6563367723205 |  6326616108657 |  5143814555133 |  5996057925913 |  6153636867695 |  6531899081498 |  8297717620479 |  8341894276296 |  8494917936124 |  8402707788288 |  8388882658773 |  8413723026166 |  8267454618754 |  8304364473341 |  8469759310483 |  8370589622838 |  8503790237776 |
|           CPU_CLK_UNHALTED_CORE          |  FIXC1  |  3867481351234 |  3869165054606 |  3869404898161 |  3868751538981 |  3868448481795 |  3869132811238 |  3868467848258 |  3870236390997 |  3869763021077 |  3869075377794 |  3869029171205 |  3870327149196 |  3869531355723 |  3868009808153 |  3869377948208 |  3869343767445 |  3869347885411 |  3869396754926 |  3871796386142 |  3871270698510 |  3871581219106 |  3871631834865 |  3871920369510 |  3871999020041 |  3871107614716 |  3871785408806 |  3871708687411 |  3872018931670 |  3872089642712 |
|           CPU_CLK_UNHALTED_REF           |  FIXC2  |  3867481579296 |  3869165373984 |  3869404553856 |  3868752003360 |  3868448368416 |  3869133025728 |  3868469709504 |  3870237269856 |  3869762854944 |  3869075172672 |  3869030294208 |  3870328901280 |  3869531358432 |  3868010306304 |  3869377862016 |  3869346094656 |  3869350455936 |  3869397713664 |  3871797563616 |  3871272011712 |  3871581015072 |  3871629332448 |  3871920677280 |  3871996055424 |  3871105069536 |  3871787784960 |  3871710662784 |  3872017800288 |  3872090503968 |
|               TOPDOWN_SLOTS              |  FIXC3  | 19337406756170 | 19345825273030 | 19347024490805 | 19343757694905 | 19342242408975 | 19345664056190 | 19342339241290 | 19351181954985 | 19348815105385 | 19345376888970 | 19345145856025 | 19351635745980 | 19347656778615 | 19340049040765 | 19346889741040 | 19346718837225 | 19346739427055 | 19346983774630 | 19358981930710 | 19356353492550 | 19357906095530 | 19358159174325 | 19359601847550 | 19359995100205 | 19355538073580 | 19358927044030 | 19358543437055 | 19360094658350 | 19360448213560 |
|              PWR_PKG_ENERGY              |   PWR0  |    339111.4658 |              0 |              0 |              0 |              0 |              0 |              0 |              0 |              0 |              0 |              0 |              0 |              0 |              0 |              0 |              0 |              0 |              0 |              0 |              0 |              0 |              0 |              0 |              0 |              0 |              0 |              0 |              0 |              0 |
|              PWR_DRAM_ENERGY             |   PWR3  |     31962.8390 |              0 |              0 |              0 |              0 |              0 |              0 |              0 |              0 |              0 |              0 |              0 |              0 |              0 |              0 |              0 |              0 |              0 |              0 |              0 |              0 |              0 |              0 |              0 |              0 |              0 |              0 |              0 |              0 |
| FP_ARITH_INST_RETIRED_128B_PACKED_DOUBLE |   PMC0  |              0 |              0 |              0 |              0 |              0 |              0 |              0 |              0 |              0 |              0 |              0 |              0 |              0 |              0 |              0 |              0 |              0 |              0 |              0 |              0 |              0 |              0 |              0 |              0 |              0 |              0 |              0 |              0 |              0 |
|    FP_ARITH_INST_RETIRED_SCALAR_DOUBLE   |   PMC1  |  2227994027426 |  2249520278312 |  2227993404488 |  2249520284996 |  2227993385494 |  2249520263956 |  2227993380297 |  2249520267288 |  2227993378764 |  2227993381286 |  2249520254640 |  2227993353000 |  2249520237826 |  2227993358310 |  2249520239436 |  2227993343766 |  2249520227288 |  2227993334807 |  2249520217490 |  2227993328130 |  2227993321832 |  2249520207930 |  2227993325304 |  2249520206172 |  2227993320876 |  2249520192426 |  2227993307624 |  2249520182106 |  2227993296812 |
| FP_ARITH_INST_RETIRED_256B_PACKED_DOUBLE |   PMC2  |              0 |              0 |              0 |              0 |              0 |              0 |              0 |              0 |              0 |              0 |              0 |              0 |              0 |              0 |              0 |              0 |              0 |              0 |              0 |              0 |              0 |              0 |              0 |              0 |              0 |              0 |              0 |              0 |              0 |
| FP_ARITH_INST_RETIRED_512B_PACKED_DOUBLE |   PMC3  |    54342952635 |    56365005000 |    54297658122 |    56365005000 |    54297658122 |    56365005000 |    54297658122 |    56365005000 |    54297658122 |    54297658122 |    56365005000 |    54297658122 |    56365005000 |    54297658122 |    56365005000 |    54297658122 |    56365005000 |    54297658122 |    56365005000 |    54297658122 |    54297658122 |    56365005000 |    54297658122 |    56365005000 |    54297658122 |    56365005000 |    54297658122 |    56365005000 |    54297658122 |
|               CAS_COUNT_RD               | MBOX0C0 |   247231867051 |              0 |              0 |              0 |              0 |              0 |              0 |              0 |              0 |              0 |              0 |              0 |              0 |              0 |              0 |              0 |              0 |              0 |              0 |              0 |              0 |              0 |              0 |              0 |              0 |              0 |              0 |              0 |              0 |
|               CAS_COUNT_WR               | MBOX0C1 |   122852194344 |              0 |              0 |              0 |              0 |              0 |              0 |              0 |              0 |              0 |              0 |              0 |              0 |              0 |              0 |              0 |              0 |              0 |              0 |              0 |              0 |              0 |              0 |              0 |              0 |              0 |              0 |              0 |              0 |
|               CAS_COUNT_RD               | MBOX1C0 |   247168596005 |              0 |              0 |              0 |              0 |              0 |              0 |              0 |              0 |              0 |              0 |              0 |              0 |              0 |              0 |              0 |              0 |              0 |              0 |              0 |              0 |              0 |              0 |              0 |              0 |              0 |              0 |              0 |              0 |
|               CAS_COUNT_WR               | MBOX1C1 |   122845123186 |              0 |              0 |              0 |              0 |              0 |              0 |              0 |              0 |              0 |              0 |              0 |              0 |              0 |              0 |              0 |              0 |              0 |              0 |              0 |              0 |              0 |              0 |              0 |              0 |              0 |              0 |              0 |              0 |
|               CAS_COUNT_RD               | MBOX2C0 |   247225025371 |              0 |              0 |              0 |              0 |              0 |              0 |              0 |              0 |              0 |              0 |              0 |              0 |              0 |              0 |              0 |              0 |              0 |              0 |              0 |              0 |              0 |              0 |              0 |              0 |              0 |              0 |              0 |              0 |
|               CAS_COUNT_WR               | MBOX2C1 |   122859878575 |              0 |              0 |              0 |              0 |              0 |              0 |              0 |              0 |              0 |              0 |              0 |              0 |              0 |              0 |              0 |              0 |              0 |              0 |              0 |              0 |              0 |              0 |              0 |              0 |              0 |              0 |              0 |              0 |
|               CAS_COUNT_RD               | MBOX3C0 |   247238747097 |              0 |              0 |              0 |              0 |              0 |              0 |              0 |              0 |              0 |              0 |              0 |              0 |              0 |              0 |              0 |              0 |              0 |              0 |              0 |              0 |              0 |              0 |              0 |              0 |              0 |              0 |              0 |              0 |
|               CAS_COUNT_WR               | MBOX3C1 |   122856151006 |              0 |              0 |              0 |              0 |              0 |              0 |              0 |              0 |              0 |              0 |              0 |              0 |              0 |              0 |              0 |              0 |              0 |              0 |              0 |              0 |              0 |              0 |              0 |              0 |              0 |              0 |              0 |              0 |
|               CAS_COUNT_RD               | MBOX4C0 |   146520759029 |              0 |              0 |              0 |              0 |              0 |              0 |              0 |              0 |              0 |              0 |              0 |              0 |              0 |              0 |              0 |              0 |              0 |              0 |              0 |              0 |              0 |              0 |              0 |              0 |              0 |              0 |              0 |              0 |
|               CAS_COUNT_WR               | MBOX4C1 |    74121561011 |              0 |              0 |              0 |              0 |              0 |              0 |              0 |              0 |              0 |              0 |              0 |              0 |              0 |              0 |              0 |              0 |              0 |              0 |              0 |              0 |              0 |              0 |              0 |              0 |              0 |              0 |              0 |              0 |
|               CAS_COUNT_RD               | MBOX5C0 |   146549094545 |              0 |              0 |              0 |              0 |              0 |              0 |              0 |              0 |              0 |              0 |              0 |              0 |              0 |              0 |              0 |              0 |              0 |              0 |              0 |              0 |              0 |              0 |              0 |              0 |              0 |              0 |              0 |              0 |
|               CAS_COUNT_WR               | MBOX5C1 |    74114189488 |              0 |              0 |              0 |              0 |              0 |              0 |              0 |              0 |              0 |              0 |              0 |              0 |              0 |              0 |              0 |              0 |              0 |              0 |              0 |              0 |              0 |              0 |              0 |              0 |              0 |              0 |              0 |              0 |
|               CAS_COUNT_RD               | MBOX6C0 |   146568955407 |              0 |              0 |              0 |              0 |              0 |              0 |              0 |              0 |              0 |              0 |              0 |              0 |              0 |              0 |              0 |              0 |              0 |              0 |              0 |              0 |              0 |              0 |              0 |              0 |              0 |              0 |              0 |              0 |
|               CAS_COUNT_WR               | MBOX6C1 |    74118962060 |              0 |              0 |              0 |              0 |              0 |              0 |              0 |              0 |              0 |              0 |              0 |              0 |              0 |              0 |              0 |              0 |              0 |              0 |              0 |              0 |              0 |              0 |              0 |              0 |              0 |              0 |              0 |              0 |
|               CAS_COUNT_RD               | MBOX7C0 |   146561711793 |              0 |              0 |              0 |              0 |              0 |              0 |              0 |              0 |              0 |              0 |              0 |              0 |              0 |              0 |              0 |              0 |              0 |              0 |              0 |              0 |              0 |              0 |              0 |              0 |              0 |              0 |              0 |              0 |
|               CAS_COUNT_WR               | MBOX7C1 |    74122607019 |              0 |              0 |              0 |              0 |              0 |              0 |              0 |              0 |              0 |              0 |              0 |              0 |              0 |              0 |              0 |              0 |              0 |              0 |              0 |              0 |              0 |              0 |              0 |              0 |              0 |              0 |              0 |              0 |
+------------------------------------------+---------+----------------+----------------+----------------+----------------+----------------+----------------+----------------+----------------+----------------+----------------+----------------+----------------+----------------+----------------+----------------+----------------+----------------+----------------+----------------+----------------+----------------+----------------+----------------+----------------+----------------+----------------+----------------+----------------+----------------+

+-----------------------------------------------+---------+-----------------+----------------+----------------+--------------+
|                     Event                     | Counter |       Sum       |       Min      |       Max      |      Avg     |
+-----------------------------------------------+---------+-----------------+----------------+----------------+--------------+
|             INSTR_RETIRED_ANY STAT            |  FIXC0  | 188769940914652 |  4644110061768 |  8503790237776 | 6.509308e+12 |
|           CPU_CLK_UNHALTED_CORE STAT          |  FIXC1  | 112233200427897 |  3867481351234 |  3872089642712 | 3.870110e+12 |
|           CPU_CLK_UNHALTED_REF STAT           |  FIXC2  | 112233211375200 |  3867481579296 |  3872090503968 | 3.870111e+12 |
|               TOPDOWN_SLOTS STAT              |  FIXC3  | 561166002139485 | 19337406756170 | 19360448213560 |      nil     |
|              PWR_PKG_ENERGY STAT              |   PWR0  |     339111.4658 |              0 |    339111.4658 |   11693.4988 |
|              PWR_DRAM_ENERGY STAT             |   PWR3  |      31962.8390 |              0 |     31962.8390 |    1102.1669 |
| FP_ARITH_INST_RETIRED_128B_PACKED_DOUBLE STAT |   PMC0  |               0 |              0 |              0 |            0 |
|    FP_ARITH_INST_RETIRED_SCALAR_DOUBLE STAT   |   PMC1  |  64891657308082 |  2227993296812 |  2249520284996 | 2.237643e+12 |
| FP_ARITH_INST_RETIRED_256B_PACKED_DOUBLE STAT |   PMC2  |               0 |              0 |              0 |            0 |
| FP_ARITH_INST_RETIRED_512B_PACKED_DOUBLE STAT |   PMC3  |   1601552889465 |    54297658122 |    56365005000 | 5.522596e+10 |
|               CAS_COUNT_RD STAT               | MBOX0C0 |    247231867051 |              0 |   247231867051 | 8.525237e+09 |
|               CAS_COUNT_WR STAT               | MBOX0C1 |    122852194344 |              0 |   122852194344 | 4.236283e+09 |
|               CAS_COUNT_RD STAT               | MBOX1C0 |    247168596005 |              0 |   247168596005 | 8.523055e+09 |
|               CAS_COUNT_WR STAT               | MBOX1C1 |    122845123186 |              0 |   122845123186 | 4.236039e+09 |
|               CAS_COUNT_RD STAT               | MBOX2C0 |    247225025371 |              0 |   247225025371 | 8.525001e+09 |
|               CAS_COUNT_WR STAT               | MBOX2C1 |    122859878575 |              0 |   122859878575 | 4.236548e+09 |
|               CAS_COUNT_RD STAT               | MBOX3C0 |    247238747097 |              0 |   247238747097 | 8.525474e+09 |
|               CAS_COUNT_WR STAT               | MBOX3C1 |    122856151006 |              0 |   122856151006 | 4.236419e+09 |
|               CAS_COUNT_RD STAT               | MBOX4C0 |    146520759029 |              0 |   146520759029 | 5.052440e+09 |
|               CAS_COUNT_WR STAT               | MBOX4C1 |     74121561011 |              0 |    74121561011 | 2.555916e+09 |
|               CAS_COUNT_RD STAT               | MBOX5C0 |    146549094545 |              0 |   146549094545 | 5.053417e+09 |
|               CAS_COUNT_WR STAT               | MBOX5C1 |     74114189488 |              0 |    74114189488 | 2.555662e+09 |
|               CAS_COUNT_RD STAT               | MBOX6C0 |    146568955407 |              0 |   146568955407 | 5.054102e+09 |
|               CAS_COUNT_WR STAT               | MBOX6C1 |     74118962060 |              0 |    74118962060 | 2.555826e+09 |
|               CAS_COUNT_RD STAT               | MBOX7C0 |    146561711793 |              0 |   146561711793 | 5.053852e+09 |
|               CAS_COUNT_WR STAT               | MBOX7C1 |     74122607019 |              0 |    74122607019 | 2.555952e+09 |
+-----------------------------------------------+---------+-----------------+----------------+----------------+--------------+

+-----------------------------------+-------------+-----------+-----------+-----------+-----------+-----------+-----------+-----------+-----------+-----------+-------------+-------------+-------------+-------------+-------------+-------------+-------------+-------------+-------------+-------------+-------------+-------------+-------------+-------------+-------------+-------------+-------------+-------------+-------------+
|               Metric              |  f0608:0:0  | f0608:1:1 | f0608:2:2 | f0608:3:3 | f0608:4:4 | f0608:5:5 | f0608:6:6 | f0608:7:7 | f0608:8:8 | f0608:9:9 | f0608:10:10 | f0608:11:11 | f0608:12:12 | f0608:13:13 | f0608:14:14 | f0608:15:15 | f0608:16:16 | f0608:17:17 | f0608:18:18 | f0608:19:19 | f0608:20:20 | f0608:21:21 | f0608:22:22 | f0608:23:23 | f0608:24:24 | f0608:25:25 | f0608:26:26 | f0608:27:27 | f0608:28:28 |
+-----------------------------------+-------------+-----------+-----------+-----------+-----------+-----------+-----------+-----------+-----------+-----------+-------------+-------------+-------------+-------------+-------------+-------------+-------------+-------------+-------------+-------------+-------------+-------------+-------------+-------------+-------------+-------------+-------------+-------------+-------------+
|        Runtime (RDTSC) [s]        |   1622.0130 | 1621.9960 | 1622.1860 | 1622.1010 | 1622.0090 | 1622.1090 | 1622.1070 | 1622.1610 | 1622.2250 | 1621.9930 |   1622.1590 |   1622.1610 |   1622.0180 |   1622.1460 |   1622.0050 |   1622.0540 |   1622.1780 |   1622.0400 |   1621.9940 |   1622.3220 |   1622.0330 |   1622.2770 |   1622.2320 |   1622.1230 |   1622.2080 |   1622.0070 |   1622.2660 |   1622.1030 |   1621.9800 |
|        Runtime unhalted [s]       |   1615.2769 | 1615.9819 | 1616.1409 | 1615.8065 | 1615.6816 | 1615.9648 | 1615.6915 | 1616.4905 | 1616.3009 | 1615.9437 |   1615.9596 |   1616.4855 |   1616.1329 |   1615.5001 |   1616.0897 |   1616.0893 |   1616.1308 |   1616.0801 |   1617.0960 |   1617.0585 |   1616.9904 |   1617.2803 |   1617.3851 |   1617.1629 |   1616.9822 |   1617.0788 |   1617.2879 |   1617.1775 |   1617.2011 |
|            Clock [MHz]            |   2394.3146 | 2394.3119 | 2394.2251 | 2394.3159 | 2394.3138 | 2394.3174 | 2394.3099 | 2394.2211 | 2394.2096 | 2394.3133 |   2394.2604 |   2394.2840 |   2394.3151 |   2394.3107 |   2394.2842 |   2394.2621 |   2394.2030 |   2394.3095 |   2394.2890 |   2394.0193 |   2394.3131 |   2393.9168 |   2393.9383 |   2394.3179 |   2394.0338 |   2394.3069 |   2393.9502 |   2394.3074 |   2394.3149 |
|                CPI                |      0.7410 |    0.7928 |    0.8042 |    0.8301 |    0.8174 |    0.8213 |    0.8277 |    0.7715 |    0.8333 |    0.7530 |      0.7448 |      0.6328 |      0.5896 |      0.6114 |      0.7522 |      0.6453 |      0.6288 |      0.5924 |      0.4666 |      0.4641 |      0.4558 |      0.4608 |      0.4616 |      0.4602 |      0.4682 |      0.4662 |      0.4571 |      0.4626 |      0.4553 |
|             Energy [J]            | 339111.4658 |         0 |         0 |         0 |         0 |         0 |         0 |         0 |         0 |         0 |           0 |           0 |           0 |           0 |           0 |           0 |           0 |           0 |           0 |           0 |           0 |           0 |           0 |           0 |           0 |           0 |           0 |           0 |           0 |
|             Power [W]             |    209.0683 |         0 |         0 |         0 |         0 |         0 |         0 |         0 |         0 |         0 |           0 |           0 |           0 |           0 |           0 |           0 |           0 |           0 |           0 |           0 |           0 |           0 |           0 |           0 |           0 |           0 |           0 |           0 |           0 |
|          Energy DRAM [J]          |  31962.8390 |         0 |         0 |         0 |         0 |         0 |         0 |         0 |         0 |         0 |           0 |           0 |           0 |           0 |           0 |           0 |           0 |           0 |           0 |           0 |           0 |           0 |           0 |           0 |           0 |           0 |           0 |           0 |           0 |
|           Power DRAM [W]          |     19.7057 |         0 |         0 |         0 |         0 |         0 |         0 |         0 |         0 |         0 |           0 |           0 |           0 |           0 |           0 |           0 |           0 |           0 |           0 |           0 |           0 |           0 |           0 |           0 |           0 |           0 |           0 |           0 |           0 |
|            DP [MFLOP/s]           |   1641.6253 | 1664.8872 | 1641.2265 | 1664.7794 | 1641.4056 | 1664.7712 | 1641.3064 | 1664.7178 | 1641.1870 | 1641.4218 |   1664.7199 |   1641.2518 |   1664.8646 |   1641.2670 |   1664.8779 |   1641.3600 |   1664.7003 |   1641.3742 |   1664.8892 |   1641.0889 |   1641.3813 |   1664.5987 |   1641.1799 |   1664.7568 |   1641.2042 |   1664.8758 |   1641.1455 |   1664.7773 |   1641.4349 |
|          AVX DP [MFLOP/s]         |    268.0272 |  278.0032 |  267.7753 |  277.9852 |  267.8045 |  277.9838 |  267.7883 |  277.9749 |  267.7688 |  267.8071 |    277.9752 |    267.7794 |    277.9994 |    267.7819 |    278.0016 |    267.7970 |    277.9720 |    267.7994 |    278.0035 |    267.7528 |    267.8005 |    277.9550 |    267.7677 |    277.9814 |    267.7716 |    278.0013 |    267.7620 |    277.9848 |    267.8093 |
|          Packed [MUOPS/s]         |     33.5034 |   34.7504 |   33.4719 |   34.7481 |   33.4756 |   34.7480 |   33.4735 |   34.7469 |   33.4711 |   33.4759 |     34.7469 |     33.4724 |     34.7499 |     33.4727 |     34.7502 |     33.4746 |     34.7465 |     33.4749 |     34.7504 |     33.4691 |     33.4751 |     34.7444 |     33.4710 |     34.7477 |     33.4715 |     34.7502 |     33.4703 |     34.7481 |     33.4762 |
|          Scalar [MUOPS/s]         |   1373.5981 | 1386.8840 | 1373.4513 | 1386.7942 | 1373.6011 | 1386.7874 | 1373.5181 | 1386.7429 | 1373.4182 | 1373.6147 |   1386.7446 |   1373.4724 |   1386.8652 |   1373.4851 |   1386.8763 |   1373.5630 |   1386.7284 |   1373.5748 |   1386.8857 |   1373.3361 |   1373.5808 |   1386.6437 |   1373.4123 |   1386.7754 |   1373.4326 |   1386.8745 |   1373.3835 |   1386.7924 |   1373.6256 |
|  Memory read bandwidth [MBytes/s] |  62147.5564 |         0 |         0 |         0 |         0 |         0 |         0 |         0 |         0 |         0 |           0 |           0 |           0 |           0 |           0 |           0 |           0 |           0 |           0 |           0 |           0 |           0 |           0 |           0 |           0 |           0 |           0 |           0 |           0 |
|  Memory read data volume [GBytes] | 100804.1444 |         0 |         0 |         0 |         0 |         0 |         0 |         0 |         0 |         0 |           0 |           0 |           0 |           0 |           0 |           0 |           0 |           0 |           0 |           0 |           0 |           0 |           0 |           0 |           0 |           0 |           0 |           0 |           0 |
| Memory write bandwidth [MBytes/s] |  31087.9152 |         0 |         0 |         0 |         0 |         0 |         0 |         0 |         0 |         0 |           0 |           0 |           0 |           0 |           0 |           0 |           0 |           0 |           0 |           0 |           0 |           0 |           0 |           0 |           0 |           0 |           0 |           0 |           0 |
| Memory write data volume [GBytes] |  50425.0027 |         0 |         0 |         0 |         0 |         0 |         0 |         0 |         0 |         0 |           0 |           0 |           0 |           0 |           0 |           0 |           0 |           0 |           0 |           0 |           0 |           0 |           0 |           0 |           0 |           0 |           0 |           0 |           0 |
|    Memory bandwidth [MBytes/s]    |  93235.4716 |         0 |         0 |         0 |         0 |         0 |         0 |         0 |         0 |         0 |           0 |           0 |           0 |           0 |           0 |           0 |           0 |           0 |           0 |           0 |           0 |           0 |           0 |           0 |           0 |           0 |           0 |           0 |           0 |
|    Memory data volume [GBytes]    | 151229.1471 |         0 |         0 |         0 |         0 |         0 |         0 |         0 |         0 |         0 |           0 |           0 |           0 |           0 |           0 |           0 |           0 |           0 |           0 |           0 |           0 |           0 |           0 |           0 |           0 |           0 |           0 |           0 |           0 |
|       Operational intensity       |      0.0176 |         0 |         0 |         0 |         0 |         0 |         0 |         0 |         0 |         0 |           0 |           0 |           0 |           0 |           0 |           0 |           0 |           0 |           0 |           0 |           0 |           0 |           0 |           0 |           0 |           0 |           0 |           0 |           0 |
+-----------------------------------+-------------+-----------+-----------+-----------+-----------+-----------+-----------+-----------+-----------+-----------+-------------+-------------+-------------+-------------+-------------+-------------+-------------+-------------+-------------+-------------+-------------+-------------+-------------+-------------+-------------+-------------+-------------+-------------+-------------+

+----------------------------------------+-------------+-----------+-------------+------------+-----------+-----------+-----------+
|                 Metric                 |     Sum     |    Min    |     Max     |     Avg    |  %ile 25  |  %ile 50  |  %ile 75  |
+----------------------------------------+-------------+-----------+-------------+------------+-----------+-----------+-----------+
|        Runtime (RDTSC) [s] STAT        |  47041.2060 | 1621.9800 |   1622.3220 |  1622.1106 | 1622.0090 | 1622.1070 | 1622.1780 |
|        Runtime unhalted [s] STAT       |  46876.4479 | 1615.2769 |   1617.3851 |  1616.4292 | 1615.9596 | 1616.1409 | 1617.0788 |
|            Clock [MHz] STAT            |  69432.7892 | 2393.9168 |   2394.3179 |  2394.2341 | 2394.2096 | 2394.3069 | 2394.3133 |
|                CPI STAT                |     18.2681 |    0.4553 |      0.8333 |     0.6299 |    0.4626 |    0.6288 |    0.7715 |
|             Energy [J] STAT            | 339111.4658 |         0 | 339111.4658 | 11693.4988 |         0 |         0 |         0 |
|             Power [W] STAT             |    209.0683 |         0 |    209.0683 |     7.2093 |         0 |         0 |         0 |
|          Energy DRAM [J] STAT          |  31962.8390 |         0 |  31962.8390 |  1102.1669 |         0 |         0 |         0 |
|           Power DRAM [W] STAT          |     19.7057 |         0 |     19.7057 |     0.6795 |         0 |         0 |         0 |
|            DP [MFLOP/s] STAT           |  47903.0764 | 1641.0889 |   1664.8892 |  1651.8302 | 1641.2518 | 1641.4349 | 1664.7712 |
|          AVX DP [MFLOP/s] STAT         |   7898.6141 |  267.7528 |    278.0035 |   272.3660 |  267.7794 |  267.8093 |  277.9838 |
|          Packed [MUOPS/s] STAT         |    987.3269 |   33.4691 |     34.7504 |    34.0458 |   33.4724 |   33.4762 |   34.7480 |
|          Scalar [MUOPS/s] STAT         |  40004.4624 | 1373.3361 |   1386.8857 |  1379.4642 | 1373.4724 | 1373.6147 | 1386.7874 |
|  Memory read bandwidth [MBytes/s] STAT |  62147.5564 |         0 |  62147.5564 |  2143.0192 |         0 |         0 |         0 |
|  Memory read data volume [GBytes] STAT | 100804.1444 |         0 | 100804.1444 |  3476.0050 |         0 |         0 |         0 |
| Memory write bandwidth [MBytes/s] STAT |  31087.9152 |         0 |  31087.9152 |  1071.9971 |         0 |         0 |         0 |
| Memory write data volume [GBytes] STAT |  50425.0027 |         0 |  50425.0027 |  1738.7932 |         0 |         0 |         0 |
|    Memory bandwidth [MBytes/s] STAT    |  93235.4716 |         0 |  93235.4716 |  3215.0163 |         0 |         0 |         0 |
|    Memory data volume [GBytes] STAT    | 151229.1471 |         0 | 151229.1471 |  5214.7982 |         0 |         0 |         0 |
|       Operational intensity STAT       |      0.0176 |         0 |      0.0176 |     0.0006 |         0 |         0 |         0 |
+----------------------------------------+-------------+-----------+-------------+------------+-----------+-----------+-----------+

