WARN: Cannot extract OpenMP vendor from executable or commandline, assuming no OpenMP
 nx_glob, nz_glob:                  3000                  1250
 dx,dz:    8.00000000000000        8.00000000000000     
 dt:   2.666666666666666E-002
Group: 1
+------------------------------------------+---------+----------------+----------------+----------------+----------------+----------------+----------------+----------------+----------------+----------------+----------------+----------------+----------------+----------------+----------------+----------------+----------------+----------------+----------------+----------------+----------------+----------------+----------------+
|                   Event                  | Counter |    f0608:0:0   |    f0608:1:1   |    f0608:2:2   |    f0608:3:3   |    f0608:4:4   |    f0608:5:5   |    f0608:6:6   |    f0608:7:7   |    f0608:8:8   |    f0608:9:9   |   f0608:10:10  |   f0608:11:11  |   f0608:12:12  |   f0608:13:13  |   f0608:14:14  |   f0608:15:15  |   f0608:16:16  |   f0608:17:17  |   f0608:18:18  |   f0608:19:19  |   f0608:20:20  |   f0608:21:21  |
+------------------------------------------+---------+----------------+----------------+----------------+----------------+----------------+----------------+----------------+----------------+----------------+----------------+----------------+----------------+----------------+----------------+----------------+----------------+----------------+----------------+----------------+----------------+----------------+----------------+
|             INSTR_RETIRED_ANY            |  FIXC0  |  6268870038009 |  6073786156322 |  6701906309767 |  6488586692969 |  6113640622157 |  6137287786761 |  6127971343057 |  6035659216822 |  6123574721258 |  6162815414006 |  6807286624049 |  6650601430421 |  6071836730808 |  6370862221871 |  6729671464935 |  6102462285962 |  6227689595396 |  6075083700837 | 11955010866098 | 12128732450006 | 11972625837831 | 12126107412900 |
|           CPU_CLK_UNHALTED_CORE          |  FIXC1  |  5253026632410 |  5254630876093 |  5255998314435 |  5253894856817 |  5254787355859 |  5254992612021 |  5254123487750 |  5255377943056 |  5255007423618 |  5255059769097 |  5255468130758 |  5254697162007 |  5253747343412 |  5254351826366 |  5252526420259 |  5255127790519 |  5258319806073 |  5257648441571 |  5261604706995 |  5260790483052 |  5261169959839 |  5261721349540 |
|           CPU_CLK_UNHALTED_REF           |  FIXC2  |  5253030067584 |  5254632091488 |  5255998906176 |  5253897288864 |  5254789209216 |  5254993493376 |  5254127116416 |  5255379998304 |  5255006369760 |  5255059620480 |  5255470405056 |  5254699266240 |  5253749495808 |  5254351603584 |  5252525508960 |  5255130405984 |  5258330680608 |  5257650489984 |  5261601619968 |  5260794070944 |  5261171437056 |  5261719049184 |
|               TOPDOWN_SLOTS              |  FIXC3  | 26265133162050 | 26273154380465 | 26279991572175 | 26269474284085 | 26273936779295 | 26274963060105 | 26270617438750 | 26276889715280 | 26275037118090 | 26275298845485 | 26277340653790 | 26273485810035 | 26268736717060 | 26271759131830 | 26262632101295 | 26275638952595 | 26291599030365 | 26288242207855 | 26308023534975 | 26303952415260 | 26305849799195 | 26308606747700 |
|              PWR_PKG_ENERGY              |   PWR0  |    388679.0402 |              0 |              0 |              0 |              0 |              0 |              0 |              0 |              0 |              0 |              0 |              0 |              0 |              0 |              0 |              0 |              0 |              0 |              0 |              0 |              0 |              0 |
|              PWR_DRAM_ENERGY             |   PWR3  |     35822.7765 |              0 |              0 |              0 |              0 |              0 |              0 |              0 |              0 |              0 |              0 |              0 |              0 |              0 |              0 |              0 |              0 |              0 |              0 |              0 |              0 |              0 |
| FP_ARITH_INST_RETIRED_128B_PACKED_DOUBLE |   PMC0  |              0 |              0 |              0 |              0 |              0 |              0 |              0 |              0 |              0 |              0 |              0 |              0 |              0 |              0 |              0 |              0 |              0 |              0 |              0 |              0 |              0 |              0 |
|    FP_ARITH_INST_RETIRED_SCALAR_DOUBLE   |   PMC1  |  2938381166015 |  2959907429459 |  2938380540853 |  2938380535699 |  2959907419181 |  2938380539174 |  2959907464511 |  2938380526051 |  2938380530239 |  2959907407507 |  2938380523393 |  2938380522685 |  2959907426535 |  2938380523985 |  2938380535055 |  2959907397783 |  2938380521385 |  2959907401563 |  2938380518225 |  2938380515033 |  2959907391917 |  2938380514251 |
| FP_ARITH_INST_RETIRED_256B_PACKED_DOUBLE |   PMC2  |              0 |              0 |              0 |              0 |              0 |              0 |              0 |              0 |              0 |              0 |              0 |              0 |              0 |              0 |              0 |              0 |              0 |              0 |              0 |              0 |              0 |              0 |
| FP_ARITH_INST_RETIRED_512B_PACKED_DOUBLE |   PMC3  |    67885809513 |    67165485000 |    67840515000 |    67840515000 |    67165485000 |    67840515000 |    67165485000 |    67840515000 |    67840515000 |    67165485000 |    67840515000 |    67840515000 |    67165485000 |    67840515000 |    67840515000 |    67165485000 |    67840515000 |    67165485000 |    67840515000 |    67840515000 |    67165485000 |    67840515000 |
|               CAS_COUNT_RD               | MBOX0C0 |   308618369445 |              0 |              0 |              0 |              0 |              0 |              0 |              0 |              0 |              0 |              0 |              0 |              0 |              0 |              0 |              0 |              0 |              0 |              0 |              0 |              0 |              0 |
|               CAS_COUNT_WR               | MBOX0C1 |   160640494969 |              0 |              0 |              0 |              0 |              0 |              0 |              0 |              0 |              0 |              0 |              0 |              0 |              0 |              0 |              0 |              0 |              0 |              0 |              0 |              0 |              0 |
|               CAS_COUNT_RD               | MBOX1C0 |   308599018741 |              0 |              0 |              0 |              0 |              0 |              0 |              0 |              0 |              0 |              0 |              0 |              0 |              0 |              0 |              0 |              0 |              0 |              0 |              0 |              0 |              0 |
|               CAS_COUNT_WR               | MBOX1C1 |   160624357228 |              0 |              0 |              0 |              0 |              0 |              0 |              0 |              0 |              0 |              0 |              0 |              0 |              0 |              0 |              0 |              0 |              0 |              0 |              0 |              0 |              0 |
|               CAS_COUNT_RD               | MBOX2C0 |   308586263266 |              0 |              0 |              0 |              0 |              0 |              0 |              0 |              0 |              0 |              0 |              0 |              0 |              0 |              0 |              0 |              0 |              0 |              0 |              0 |              0 |              0 |
|               CAS_COUNT_WR               | MBOX2C1 |   160631614645 |              0 |              0 |              0 |              0 |              0 |              0 |              0 |              0 |              0 |              0 |              0 |              0 |              0 |              0 |              0 |              0 |              0 |              0 |              0 |              0 |              0 |
|               CAS_COUNT_RD               | MBOX3C0 |   308661557274 |              0 |              0 |              0 |              0 |              0 |              0 |              0 |              0 |              0 |              0 |              0 |              0 |              0 |              0 |              0 |              0 |              0 |              0 |              0 |              0 |              0 |
|               CAS_COUNT_WR               | MBOX3C1 |   160642136176 |              0 |              0 |              0 |              0 |              0 |              0 |              0 |              0 |              0 |              0 |              0 |              0 |              0 |              0 |              0 |              0 |              0 |              0 |              0 |              0 |              0 |
|               CAS_COUNT_RD               | MBOX4C0 |    61121913687 |              0 |              0 |              0 |              0 |              0 |              0 |              0 |              0 |              0 |              0 |              0 |              0 |              0 |              0 |              0 |              0 |              0 |              0 |              0 |              0 |              0 |
|               CAS_COUNT_WR               | MBOX4C1 |    33319942500 |              0 |              0 |              0 |              0 |              0 |              0 |              0 |              0 |              0 |              0 |              0 |              0 |              0 |              0 |              0 |              0 |              0 |              0 |              0 |              0 |              0 |
|               CAS_COUNT_RD               | MBOX5C0 |    61117318721 |              0 |              0 |              0 |              0 |              0 |              0 |              0 |              0 |              0 |              0 |              0 |              0 |              0 |              0 |              0 |              0 |              0 |              0 |              0 |              0 |              0 |
|               CAS_COUNT_WR               | MBOX5C1 |    33320930531 |              0 |              0 |              0 |              0 |              0 |              0 |              0 |              0 |              0 |              0 |              0 |              0 |              0 |              0 |              0 |              0 |              0 |              0 |              0 |              0 |              0 |
|               CAS_COUNT_RD               | MBOX6C0 |    61125115896 |              0 |              0 |              0 |              0 |              0 |              0 |              0 |              0 |              0 |              0 |              0 |              0 |              0 |              0 |              0 |              0 |              0 |              0 |              0 |              0 |              0 |
|               CAS_COUNT_WR               | MBOX6C1 |    33320245647 |              0 |              0 |              0 |              0 |              0 |              0 |              0 |              0 |              0 |              0 |              0 |              0 |              0 |              0 |              0 |              0 |              0 |              0 |              0 |              0 |              0 |
|               CAS_COUNT_RD               | MBOX7C0 |    61124838742 |              0 |              0 |              0 |              0 |              0 |              0 |              0 |              0 |              0 |              0 |              0 |              0 |              0 |              0 |              0 |              0 |              0 |              0 |              0 |              0 |              0 |
|               CAS_COUNT_WR               | MBOX7C1 |    33319050074 |              0 |              0 |              0 |              0 |              0 |              0 |              0 |              0 |              0 |              0 |              0 |              0 |              0 |              0 |              0 |              0 |              0 |              0 |              0 |              0 |              0 |
+------------------------------------------+---------+----------------+----------------+----------------+----------------+----------------+----------------+----------------+----------------+----------------+----------------+----------------+----------------+----------------+----------------+----------------+----------------+----------------+----------------+----------------+----------------+----------------+----------------+

+-----------------------------------------------+---------+-----------------+----------------+----------------+--------------+
|                     Event                     | Counter |       Sum       |       Min      |       Max      |      Avg     |
+-----------------------------------------------+---------+-----------------+----------------+----------------+--------------+
|             INSTR_RETIRED_ANY STAT            |  FIXC0  | 161452068922242 |  6035659216822 | 12128732450006 | 7.338730e+12 |
|           CPU_CLK_UNHALTED_CORE STAT          |  FIXC1  | 115634072691547 |  5252526420259 |  5261721349540 | 5.256094e+12 |
|           CPU_CLK_UNHALTED_REF STAT           |  FIXC2  | 115634108195040 |  5252525508960 |  5261719049184 | 5.256096e+12 |
|               TOPDOWN_SLOTS STAT              |  FIXC3  | 578170363457735 | 26262632101295 | 26308606747700 |      nil     |
|              PWR_PKG_ENERGY STAT              |   PWR0  |     388679.0402 |              0 |    388679.0402 |   17667.2291 |
|              PWR_DRAM_ENERGY STAT             |   PWR3  |      35822.7765 |              0 |     35822.7765 |    1628.3080 |
| FP_ARITH_INST_RETIRED_128B_PACKED_DOUBLE STAT |   PMC0  |               0 |              0 |              0 |            0 |
|    FP_ARITH_INST_RETIRED_SCALAR_DOUBLE STAT   |   PMC1  |  64816587350499 |  2938380514251 |  2959907464511 | 2.946209e+12 |
| FP_ARITH_INST_RETIRED_256B_PACKED_DOUBLE STAT |   PMC2  |               0 |              0 |              0 |            0 |
| FP_ARITH_INST_RETIRED_512B_PACKED_DOUBLE STAT |   PMC3  |   1487136384513 |    67165485000 |    67885809513 | 6.759711e+10 |
|               CAS_COUNT_RD STAT               | MBOX0C0 |    308618369445 |              0 |   308618369445 | 1.402811e+10 |
|               CAS_COUNT_WR STAT               | MBOX0C1 |    160640494969 |              0 |   160640494969 | 7.301841e+09 |
|               CAS_COUNT_RD STAT               | MBOX1C0 |    308599018741 |              0 |   308599018741 | 1.402723e+10 |
|               CAS_COUNT_WR STAT               | MBOX1C1 |    160624357228 |              0 |   160624357228 | 7.301107e+09 |
|               CAS_COUNT_RD STAT               | MBOX2C0 |    308586263266 |              0 |   308586263266 | 1.402665e+10 |
|               CAS_COUNT_WR STAT               | MBOX2C1 |    160631614645 |              0 |   160631614645 | 7.301437e+09 |
|               CAS_COUNT_RD STAT               | MBOX3C0 |    308661557274 |              0 |   308661557274 | 1.403007e+10 |
|               CAS_COUNT_WR STAT               | MBOX3C1 |    160642136176 |              0 |   160642136176 | 7.301915e+09 |
|               CAS_COUNT_RD STAT               | MBOX4C0 |     61121913687 |              0 |    61121913687 | 2.778269e+09 |
|               CAS_COUNT_WR STAT               | MBOX4C1 |     33319942500 |              0 |    33319942500 | 1.514543e+09 |
|               CAS_COUNT_RD STAT               | MBOX5C0 |     61117318721 |              0 |    61117318721 | 2.778060e+09 |
|               CAS_COUNT_WR STAT               | MBOX5C1 |     33320930531 |              0 |    33320930531 | 1.514588e+09 |
|               CAS_COUNT_RD STAT               | MBOX6C0 |     61125115896 |              0 |    61125115896 | 2.778414e+09 |
|               CAS_COUNT_WR STAT               | MBOX6C1 |     33320245647 |              0 |    33320245647 | 1.514557e+09 |
|               CAS_COUNT_RD STAT               | MBOX7C0 |     61124838742 |              0 |    61124838742 |   2778401761 |
|               CAS_COUNT_WR STAT               | MBOX7C1 |     33319050074 |              0 |    33319050074 | 1.514502e+09 |
+-----------------------------------------------+---------+-----------------+----------------+----------------+--------------+

+-----------------------------------+-------------+-----------+-----------+-----------+-----------+-----------+-----------+-----------+-----------+-----------+-------------+-------------+-------------+-------------+-------------+-------------+-------------+-------------+-------------+-------------+-------------+-------------+
|               Metric              |  f0608:0:0  | f0608:1:1 | f0608:2:2 | f0608:3:3 | f0608:4:4 | f0608:5:5 | f0608:6:6 | f0608:7:7 | f0608:8:8 | f0608:9:9 | f0608:10:10 | f0608:11:11 | f0608:12:12 | f0608:13:13 | f0608:14:14 | f0608:15:15 | f0608:16:16 | f0608:17:17 | f0608:18:18 | f0608:19:19 | f0608:20:20 | f0608:21:21 |
+-----------------------------------+-------------+-----------+-----------+-----------+-----------+-----------+-----------+-----------+-----------+-----------+-------------+-------------+-------------+-------------+-------------+-------------+-------------+-------------+-------------+-------------+-------------+-------------+
|        Runtime (RDTSC) [s]        |   2203.3210 | 2203.3480 | 2203.4520 | 2203.3450 | 2203.3330 | 2203.6830 | 2203.3420 | 2203.4150 | 2203.5860 | 2203.3220 |   2203.4000 |   2203.4080 |   2203.3310 |   2203.4020 |   2203.4130 |   2203.3320 |   2203.4790 |   2203.3450 |   2203.6590 |   2203.4500 |   2203.3240 |   2203.3460 |
|        Runtime unhalted [s]       |   2193.9579 | 2194.6280 | 2195.1960 | 2194.3241 | 2194.6989 | 2195.1033 | 2194.4177 | 2194.9396 | 2195.0364 | 2194.8058 |   2194.9740 |   2194.6520 |   2194.2584 |   2194.5080 |   2193.8144 |   2194.8373 |   2196.1872 |   2195.8881 |   2197.8522 |   2197.3251 |   2197.3615 |   2197.5910 |
|            Clock [MHz]            |   2394.3136 | 2394.3145 | 2394.3182 | 2394.3102 | 2394.3081 | 2393.9610 | 2394.3117 | 2394.3146 | 2394.0416 | 2394.3166 |   2394.3181 |   2394.3182 |   2394.3147 |   2394.3189 |   2394.2441 |   2394.3120 |   2394.2899 |   2394.3144 |   2393.9771 |   2394.1777 |   2394.3118 |   2394.3143 |
|                CPI                |      0.8380 |    0.8651 |    0.7843 |    0.8097 |    0.8595 |    0.8562 |    0.8574 |    0.8707 |    0.8582 |    0.8527 |      0.7720 |      0.7901 |      0.8653 |      0.8247 |      0.7805 |      0.8611 |      0.8443 |      0.8654 |      0.4401 |      0.4337 |      0.4394 |      0.4339 |
|             Energy [J]            | 388679.0402 |         0 |         0 |         0 |         0 |         0 |         0 |         0 |         0 |         0 |           0 |           0 |           0 |           0 |           0 |           0 |           0 |           0 |           0 |           0 |           0 |           0 |
|             Power [W]             |    176.4060 |         0 |         0 |         0 |         0 |         0 |         0 |         0 |         0 |         0 |           0 |           0 |           0 |           0 |           0 |           0 |           0 |           0 |           0 |           0 |           0 |           0 |
|          Energy DRAM [J]          |  35822.7765 |         0 |         0 |         0 |         0 |         0 |         0 |         0 |         0 |         0 |           0 |           0 |           0 |           0 |           0 |           0 |           0 |           0 |           0 |           0 |           0 |           0 |
|           Power DRAM [W]          |     16.2585 |         0 |         0 |         0 |         0 |         0 |         0 |         0 |         0 |         0 |           0 |           0 |           0 |           0 |           0 |           0 |           0 |           0 |           0 |           0 |           0 |           0 |
|            DP [MFLOP/s]           |   1580.1001 | 1587.2351 | 1579.8414 | 1579.9181 | 1587.2459 | 1579.6758 | 1587.2395 | 1579.8679 | 1579.7453 | 1587.2538 |   1579.8787 |   1579.8729 |   1587.2474 |   1579.8772 |   1579.8693 |   1587.2466 |   1579.8220 |   1587.2373 |   1579.6930 |   1579.8428 |   1587.2524 |   1579.9174 |
|          AVX DP [MFLOP/s]         |    246.4854 |  243.8670 |  246.3063 |  246.3183 |  243.8687 |  246.2805 |  243.8677 |  246.3104 |  246.2913 |  243.8699 |    246.3121 |    246.3112 |    243.8689 |    246.3119 |    246.3107 |    243.8688 |    246.3033 |    243.8673 |    246.2832 |    246.3065 |    243.8697 |    246.3182 |
|          Packed [MUOPS/s]         |     30.8107 |   30.4834 |   30.7883 |   30.7898 |   30.4836 |   30.7851 |   30.4835 |   30.7888 |   30.7864 |   30.4837 |     30.7890 |     30.7889 |     30.4836 |     30.7890 |     30.7888 |     30.4836 |     30.7879 |     30.4834 |     30.7854 |     30.7883 |     30.4837 |     30.7898 |
|          Scalar [MUOPS/s]         |   1333.6147 | 1343.3681 | 1333.5351 | 1333.5998 | 1343.3772 | 1333.3953 | 1343.3718 | 1333.5575 | 1333.4540 | 1343.3839 |   1333.5665 |   1333.5617 |   1343.3785 |   1333.5653 |   1333.5587 |   1343.3778 |   1333.5187 |   1343.3699 |   1333.4098 |   1333.5363 |   1343.3827 |   1333.5992 |
|  Memory read bandwidth [MBytes/s] |  42959.2789 |         0 |         0 |         0 |         0 |         0 |         0 |         0 |         0 |         0 |           0 |           0 |           0 |           0 |           0 |           0 |           0 |           0 |           0 |           0 |           0 |           0 |
|  Memory read data volume [GBytes] |  94653.0813 |         0 |         0 |         0 |         0 |         0 |         0 |         0 |         0 |         0 |           0 |           0 |           0 |           0 |           0 |           0 |           0 |           0 |           0 |           0 |           0 |           0 |
| Memory write bandwidth [MBytes/s] |  22535.2554 |         0 |         0 |         0 |         0 |         0 |         0 |         0 |         0 |         0 |           0 |           0 |           0 |           0 |           0 |           0 |           0 |           0 |           0 |           0 |           0 |           0 |
| Memory write data volume [GBytes] |  49652.4014 |         0 |         0 |         0 |         0 |         0 |         0 |         0 |         0 |         0 |           0 |           0 |           0 |           0 |           0 |           0 |           0 |           0 |           0 |           0 |           0 |           0 |
|    Memory bandwidth [MBytes/s]    |  65494.5343 |         0 |         0 |         0 |         0 |         0 |         0 |         0 |         0 |         0 |           0 |           0 |           0 |           0 |           0 |           0 |           0 |           0 |           0 |           0 |           0 |           0 |
|    Memory data volume [GBytes]    | 144305.4827 |         0 |         0 |         0 |         0 |         0 |         0 |         0 |         0 |         0 |           0 |           0 |           0 |           0 |           0 |           0 |           0 |           0 |           0 |           0 |           0 |           0 |
|       Operational intensity       |      0.0241 |         0 |         0 |         0 |         0 |         0 |         0 |         0 |         0 |         0 |           0 |           0 |           0 |           0 |           0 |           0 |           0 |           0 |           0 |           0 |           0 |           0 |
+-----------------------------------+-------------+-----------+-----------+-----------+-----------+-----------+-----------+-----------+-----------+-----------+-------------+-------------+-------------+-------------+-------------+-------------+-------------+-------------+-------------+-------------+-------------+-------------+

+----------------------------------------+-------------+-----------+-------------+------------+-----------+-----------+-----------+
|                 Metric                 |     Sum     |    Min    |     Max     |     Avg    |  %ile 25  |  %ile 50  |  %ile 75  |
+----------------------------------------+-------------+-----------+-------------+------------+-----------+-----------+-----------+
|        Runtime (RDTSC) [s] STAT        |  48475.0360 | 2203.3210 |   2203.6830 |  2203.4107 | 2203.3330 | 2203.3480 | 2203.4500 |
|        Runtime unhalted [s] STAT       |  48296.3569 | 2193.8144 |   2197.8522 |  2195.2890 | 2194.5080 | 2194.8373 | 2195.8881 |
|            Clock [MHz] STAT            |  52673.7213 | 2393.9610 |   2394.3189 |  2394.2601 | 2394.2899 | 2394.3120 | 2394.3147 |
|                CPI STAT                |     16.8023 |    0.4337 |      0.8707 |     0.7637 |    0.7805 |    0.8380 |    0.8595 |
|             Energy [J] STAT            | 388679.0402 |         0 | 388679.0402 | 17667.2291 |         0 |         0 |         0 |
|             Power [W] STAT             |    176.4060 |         0 |    176.4060 |     8.0185 |         0 |         0 |         0 |
|          Energy DRAM [J] STAT          |  35822.7765 |         0 |  35822.7765 |  1628.3080 |         0 |         0 |         0 |
|           Power DRAM [W] STAT          |     16.2585 |         0 |     16.2585 |     0.7390 |         0 |         0 |         0 |
|            DP [MFLOP/s] STAT           |  34815.8799 | 1579.6758 |   1587.2538 |  1582.5400 | 1579.8428 | 1579.8787 | 1587.2395 |
|          AVX DP [MFLOP/s] STAT         |   5399.3973 |  243.8670 |    246.4854 |   245.4271 |  243.8689 |  246.2913 |  246.3112 |
|          Packed [MUOPS/s] STAT         |    674.9247 |   30.4834 |     30.8107 |    30.6784 |   30.4836 |   30.7864 |   30.7889 |
|          Scalar [MUOPS/s] STAT         |  29416.4825 | 1333.3953 |   1343.3839 |  1337.1128 | 1333.5363 | 1333.5665 | 1343.3718 |
|  Memory read bandwidth [MBytes/s] STAT |  42959.2789 |         0 |  42959.2789 |  1952.6945 |         0 |         0 |         0 |
|  Memory read data volume [GBytes] STAT |  94653.0813 |         0 |  94653.0813 |  4302.4128 |         0 |         0 |         0 |
| Memory write bandwidth [MBytes/s] STAT |  22535.2554 |         0 |  22535.2554 |  1024.3298 |         0 |         0 |         0 |
| Memory write data volume [GBytes] STAT |  49652.4014 |         0 |  49652.4014 |  2256.9273 |         0 |         0 |         0 |
|    Memory bandwidth [MBytes/s] STAT    |  65494.5343 |         0 |  65494.5343 |  2977.0243 |         0 |         0 |         0 |
|    Memory data volume [GBytes] STAT    | 144305.4827 |         0 | 144305.4827 |  6559.3401 |         0 |         0 |         0 |
|       Operational intensity STAT       |      0.0241 |         0 |      0.0241 |     0.0011 |         0 |         0 |         0 |
+----------------------------------------+-------------+-----------+-------------+------------+-----------+-----------+-----------+

