WARN: Cannot extract OpenMP vendor from executable or commandline, assuming no OpenMP
 nx_glob, nz_glob:                  3000                  1250
 dx,dz:    8.00000000000000        8.00000000000000     
 dt:   2.666666666666666E-002
Group: 1
+------------------------------------------+---------+----------------+----------------+----------------+----------------+----------------+----------------+----------------+----------------+----------------+----------------+----------------+----------------+----------------+----------------+----------------+----------------+----------------+----------------+----------------+----------------+----------------+----------------+----------------+----------------+----------------+----------------+----------------+----------------+----------------+----------------+----------------+----------------+----------------+----------------+----------------+----------------+
|                   Event                  | Counter |    f0608:0:0   |    f0608:1:1   |    f0608:2:2   |    f0608:3:3   |    f0608:4:4   |    f0608:5:5   |    f0608:6:6   |    f0608:7:7   |    f0608:8:8   |    f0608:9:9   |   f0608:10:10  |   f0608:11:11  |   f0608:12:12  |   f0608:13:13  |   f0608:14:14  |   f0608:15:15  |   f0608:16:16  |   f0608:17:17  |   f0608:18:18  |   f0608:19:19  |   f0608:20:20  |   f0608:21:21  |   f0608:22:22  |   f0608:23:23  |   f0608:24:24  |   f0608:25:25  |   f0608:26:26  |   f0608:27:27  |   f0608:28:28  |   f0608:29:29  |   f0608:30:30  |   f0608:31:31  |   f0608:32:32  |   f0608:33:33  |   f0608:34:34  |   f0608:35:35  |
+------------------------------------------+---------+----------------+----------------+----------------+----------------+----------------+----------------+----------------+----------------+----------------+----------------+----------------+----------------+----------------+----------------+----------------+----------------+----------------+----------------+----------------+----------------+----------------+----------------+----------------+----------------+----------------+----------------+----------------+----------------+----------------+----------------+----------------+----------------+----------------+----------------+----------------+----------------+
|             INSTR_RETIRED_ANY            |  FIXC0  |  4827524925090 |  5553030004019 |  5200696565493 |  4575902413715 |  4027517900599 |  3757545366429 |  3776047478183 |  3885552868921 |  3849779384834 |  3759278641119 |  3948052504324 |  3766235536957 |  3758203080242 |  3870583938797 |  3788371484256 |  4026479029775 |  4114025936822 |  4303404788943 |  6080009714395 |  6230764376295 |  6104358576849 |  6121871521139 |  6162822112448 |  6085027779748 |  6087587322769 |  6163211909146 |  6150380037691 |  6249738549134 |  6212287283547 |  6173413912773 |  6088242607020 |  6177717799142 |  6122177140343 |  6070751365575 |  6194801955088 |  6070353725702 |
|           CPU_CLK_UNHALTED_CORE          |  FIXC1  |  3214605373880 |  3215615436986 |  3215958984309 |  3214701418463 |  3214221994886 |  3214793840336 |  3214375351058 |  3215575051335 |  3215642114290 |  3215198410971 |  3215847648775 |  3215579522161 |  3215162479576 |  3214558500008 |  3215303714089 |  3215369660284 |  3214728781773 |  3214829790296 |  3216612145080 |  3215266202240 |  3216086244499 |  3216263483189 |  3213860451872 |  3216065348363 |  3215567949178 |  3216032916740 |  3216078794626 |  3216017450254 |  3216104367451 |  3216152301041 |  3215742664015 |  3215632222238 |  3216094686165 |  3216320127840 |  3216527799407 |  3216386222742 |
|           CPU_CLK_UNHALTED_REF           |  FIXC2  |  3214607823264 |  3215615639904 |  3215958493536 |  3214702577664 |  3214222480128 |  3214796203104 |  3214377602976 |  3215576808864 |  3215642468928 |  3215199376992 |  3215849209728 |  3215580136416 |  3215163926112 |  3214558998240 |  3215304154752 |  3215371172256 |  3214732219872 |  3214832725344 |  3216612370752 |  3215267402880 |  3216086565504 |  3216264184704 |  3213861775968 |  3216066386496 |  3215566921728 |  3216033774048 |  3216079860384 |  3216015891168 |  3216104613312 |  3216152146272 |  3215742609408 |  3215631801984 |  3216096124320 |  3216320560416 |  3216528595392 |  3216385594944 |
|               TOPDOWN_SLOTS              |  FIXC3  | 16073026869400 | 16078077184930 | 16079794921545 | 16073507092315 | 16071109974430 | 16073969201680 | 16071876755290 | 16077875256675 | 16078210571450 | 16075992054855 | 16079238243875 | 16077897610805 | 16075812397880 | 16072792500040 | 16076518570445 | 16076848301420 | 16073643908865 | 16074148951480 | 16083060725400 | 16076331011200 | 16080431222495 | 16081317415945 | 16069302259360 | 16080326741815 | 16077839745890 | 16080164583700 | 16080393973130 | 16080087251270 | 16080521837255 | 16080761505205 | 16078713320075 | 16078161111190 | 16080473430825 | 16081600639200 | 16082638997035 | 16081931113710 |
|              PWR_PKG_ENERGY              |   PWR0  |    314038.3170 |              0 |              0 |              0 |              0 |              0 |              0 |              0 |              0 |              0 |              0 |              0 |              0 |              0 |              0 |              0 |              0 |              0 |              0 |              0 |              0 |              0 |              0 |              0 |              0 |              0 |              0 |              0 |              0 |              0 |              0 |              0 |              0 |              0 |              0 |              0 |
|              PWR_DRAM_ENERGY             |   PWR3  |     29424.7191 |              0 |              0 |              0 |              0 |              0 |              0 |              0 |              0 |              0 |              0 |              0 |              0 |              0 |              0 |              0 |              0 |              0 |              0 |              0 |              0 |              0 |              0 |              0 |              0 |              0 |              0 |              0 |              0 |              0 |              0 |              0 |              0 |              0 |              0 |              0 |
| FP_ARITH_INST_RETIRED_128B_PACKED_DOUBLE |   PMC0  |              0 |              0 |              0 |              0 |              0 |              0 |              0 |              0 |              0 |              0 |              0 |              0 |              0 |              0 |              0 |              0 |              0 |              0 |              0 |              0 |              0 |              0 |              0 |              0 |              0 |              0 |              0 |              0 |              0 |              0 |              0 |              0 |              0 |              0 |              0 |              0 |
|    FP_ARITH_INST_RETIRED_SCALAR_DOUBLE   |   PMC1  |  1797456397498 |  1818982668918 |  1797455765374 |  1797455768874 |  1818982661632 |  1797455734436 |  1797455763268 |  1818982657990 |  1797455764806 |  1797455745512 |  1818982627546 |  1797455736760 |  1797455737498 |  1818982613728 |  1797455740839 |  1797455724852 |  1818982602046 |  1797455722810 |  1797455723300 |  1818982588058 |  1797455700342 |  1797455700880 |  1818982580052 |  1797455691542 |  1797455683756 |  1818982570664 |  1797455681480 |  1797455639336 |  1818982546934 |  1797455663360 |  1797455675750 |  1818982538600 |  1797455653406 |  1797455647602 |  1818982531680 |  1797455623608 |
| FP_ARITH_INST_RETIRED_256B_PACKED_DOUBLE |   PMC2  |              0 |              0 |              0 |              0 |              0 |              0 |              0 |              0 |              0 |              0 |              0 |              0 |              0 |              0 |              0 |              0 |              0 |              0 |              0 |              0 |              0 |              0 |              0 |              0 |              0 |              0 |              0 |              0 |              0 |              0 |              0 |              0 |              0 |              0 |              0 |              0 |
| FP_ARITH_INST_RETIRED_512B_PACKED_DOUBLE |   PMC3  |    47170758885 |    43708192500 |    47125464372 |    47125464372 |    43708192500 |    47125464372 |    47125464372 |    43708192500 |    47125464372 |    47125464372 |    43708192500 |    47125464372 |    47125464372 |    43708192500 |    47125464372 |    47125464372 |    43708192500 |    47125464372 |    47125464372 |    43708192500 |    47125464372 |    47125464372 |    43708192500 |    47125464372 |    47125464372 |    43708192500 |    47125464372 |    47125464372 |    43708192500 |    47125464372 |    47125464372 |    43708192500 |    47125464372 |    47125464372 |    43708192500 |    47125464372 |
|               CAS_COUNT_RD               | MBOX0C0 |   196732638622 |              0 |              0 |              0 |              0 |              0 |              0 |              0 |              0 |              0 |              0 |              0 |              0 |              0 |              0 |              0 |              0 |              0 |              0 |              0 |              0 |              0 |              0 |              0 |              0 |              0 |              0 |              0 |              0 |              0 |              0 |              0 |              0 |              0 |              0 |              0 |
|               CAS_COUNT_WR               | MBOX0C1 |    99413736511 |              0 |              0 |              0 |              0 |              0 |              0 |              0 |              0 |              0 |              0 |              0 |              0 |              0 |              0 |              0 |              0 |              0 |              0 |              0 |              0 |              0 |              0 |              0 |              0 |              0 |              0 |              0 |              0 |              0 |              0 |              0 |              0 |              0 |              0 |              0 |
|               CAS_COUNT_RD               | MBOX1C0 |   196696393232 |              0 |              0 |              0 |              0 |              0 |              0 |              0 |              0 |              0 |              0 |              0 |              0 |              0 |              0 |              0 |              0 |              0 |              0 |              0 |              0 |              0 |              0 |              0 |              0 |              0 |              0 |              0 |              0 |              0 |              0 |              0 |              0 |              0 |              0 |              0 |
|               CAS_COUNT_WR               | MBOX1C1 |    99414354440 |              0 |              0 |              0 |              0 |              0 |              0 |              0 |              0 |              0 |              0 |              0 |              0 |              0 |              0 |              0 |              0 |              0 |              0 |              0 |              0 |              0 |              0 |              0 |              0 |              0 |              0 |              0 |              0 |              0 |              0 |              0 |              0 |              0 |              0 |              0 |
|               CAS_COUNT_RD               | MBOX2C0 |   196708733282 |              0 |              0 |              0 |              0 |              0 |              0 |              0 |              0 |              0 |              0 |              0 |              0 |              0 |              0 |              0 |              0 |              0 |              0 |              0 |              0 |              0 |              0 |              0 |              0 |              0 |              0 |              0 |              0 |              0 |              0 |              0 |              0 |              0 |              0 |              0 |
|               CAS_COUNT_WR               | MBOX2C1 |    99417074891 |              0 |              0 |              0 |              0 |              0 |              0 |              0 |              0 |              0 |              0 |              0 |              0 |              0 |              0 |              0 |              0 |              0 |              0 |              0 |              0 |              0 |              0 |              0 |              0 |              0 |              0 |              0 |              0 |              0 |              0 |              0 |              0 |              0 |              0 |              0 |
|               CAS_COUNT_RD               | MBOX3C0 |   196728192013 |              0 |              0 |              0 |              0 |              0 |              0 |              0 |              0 |              0 |              0 |              0 |              0 |              0 |              0 |              0 |              0 |              0 |              0 |              0 |              0 |              0 |              0 |              0 |              0 |              0 |              0 |              0 |              0 |              0 |              0 |              0 |              0 |              0 |              0 |              0 |
|               CAS_COUNT_WR               | MBOX3C1 |    99406196899 |              0 |              0 |              0 |              0 |              0 |              0 |              0 |              0 |              0 |              0 |              0 |              0 |              0 |              0 |              0 |              0 |              0 |              0 |              0 |              0 |              0 |              0 |              0 |              0 |              0 |              0 |              0 |              0 |              0 |              0 |              0 |              0 |              0 |              0 |              0 |
|               CAS_COUNT_RD               | MBOX4C0 |   199292726956 |              0 |              0 |              0 |              0 |              0 |              0 |              0 |              0 |              0 |              0 |              0 |              0 |              0 |              0 |              0 |              0 |              0 |              0 |              0 |              0 |              0 |              0 |              0 |              0 |              0 |              0 |              0 |              0 |              0 |              0 |              0 |              0 |              0 |              0 |              0 |
|               CAS_COUNT_WR               | MBOX4C1 |    99460704764 |              0 |              0 |              0 |              0 |              0 |              0 |              0 |              0 |              0 |              0 |              0 |              0 |              0 |              0 |              0 |              0 |              0 |              0 |              0 |              0 |              0 |              0 |              0 |              0 |              0 |              0 |              0 |              0 |              0 |              0 |              0 |              0 |              0 |              0 |              0 |
|               CAS_COUNT_RD               | MBOX5C0 |   199292842892 |              0 |              0 |              0 |              0 |              0 |              0 |              0 |              0 |              0 |              0 |              0 |              0 |              0 |              0 |              0 |              0 |              0 |              0 |              0 |              0 |              0 |              0 |              0 |              0 |              0 |              0 |              0 |              0 |              0 |              0 |              0 |              0 |              0 |              0 |              0 |
|               CAS_COUNT_WR               | MBOX5C1 |    99446581037 |              0 |              0 |              0 |              0 |              0 |              0 |              0 |              0 |              0 |              0 |              0 |              0 |              0 |              0 |              0 |              0 |              0 |              0 |              0 |              0 |              0 |              0 |              0 |              0 |              0 |              0 |              0 |              0 |              0 |              0 |              0 |              0 |              0 |              0 |              0 |
|               CAS_COUNT_RD               | MBOX6C0 |   199324969218 |              0 |              0 |              0 |              0 |              0 |              0 |              0 |              0 |              0 |              0 |              0 |              0 |              0 |              0 |              0 |              0 |              0 |              0 |              0 |              0 |              0 |              0 |              0 |              0 |              0 |              0 |              0 |              0 |              0 |              0 |              0 |              0 |              0 |              0 |              0 |
|               CAS_COUNT_WR               | MBOX6C1 |    99463577405 |              0 |              0 |              0 |              0 |              0 |              0 |              0 |              0 |              0 |              0 |              0 |              0 |              0 |              0 |              0 |              0 |              0 |              0 |              0 |              0 |              0 |              0 |              0 |              0 |              0 |              0 |              0 |              0 |              0 |              0 |              0 |              0 |              0 |              0 |              0 |
|               CAS_COUNT_RD               | MBOX7C0 |   199282015539 |              0 |              0 |              0 |              0 |              0 |              0 |              0 |              0 |              0 |              0 |              0 |              0 |              0 |              0 |              0 |              0 |              0 |              0 |              0 |              0 |              0 |              0 |              0 |              0 |              0 |              0 |              0 |              0 |              0 |              0 |              0 |              0 |              0 |              0 |              0 |
|               CAS_COUNT_WR               | MBOX7C1 |    99454730173 |              0 |              0 |              0 |              0 |              0 |              0 |              0 |              0 |              0 |              0 |              0 |              0 |              0 |              0 |              0 |              0 |              0 |              0 |              0 |              0 |              0 |              0 |              0 |              0 |              0 |              0 |              0 |              0 |              0 |              0 |              0 |              0 |              0 |              0 |              0 |
+------------------------------------------+---------+----------------+----------------+----------------+----------------+----------------+----------------+----------------+----------------+----------------+----------------+----------------+----------------+----------------+----------------+----------------+----------------+----------------+----------------+----------------+----------------+----------------+----------------+----------------+----------------+----------------+----------------+----------------+----------------+----------------+----------------+----------------+----------------+----------------+----------------+----------------+----------------+

+-----------------------------------------------+---------+-----------------+----------------+----------------+--------------+
|                     Event                     | Counter |       Sum       |       Min      |       Max      |      Avg     |
+-----------------------------------------------+---------+-----------------+----------------+----------------+--------------+
|             INSTR_RETIRED_ANY STAT            |  FIXC0  | 185333749537322 |  3757545366429 |  6249738549134 | 5.148160e+12 |
|           CPU_CLK_UNHALTED_CORE STAT          |  FIXC1  | 115758879450416 |  3213860451872 |  3216612145080 | 3.215524e+12 |
|           CPU_CLK_UNHALTED_REF STAT           |  FIXC2  | 115758909197760 |  3213861775968 |  3216612370752 | 3.215525e+12 |
|               TOPDOWN_SLOTS STAT              |  FIXC3  | 578794397252080 | 16069302259360 | 16083060725400 |      nil     |
|              PWR_PKG_ENERGY STAT              |   PWR0  |     314038.3170 |              0 |    314038.3170 |    8723.2866 |
|              PWR_DRAM_ENERGY STAT             |   PWR3  |      29424.7191 |              0 |     29424.7191 |     817.3533 |
| FP_ARITH_INST_RETIRED_128B_PACKED_DOUBLE STAT |   PMC0  |               0 |              0 |              0 |            0 |
|    FP_ARITH_INST_RETIRED_SCALAR_DOUBLE STAT   |   PMC1  |  64966728874737 |  1797455623608 |  1818982668918 | 1.804631e+12 |
| FP_ARITH_INST_RETIRED_256B_PACKED_DOUBLE STAT |   PMC2  |               0 |              0 |              0 |            0 |
| FP_ARITH_INST_RETIRED_512B_PACKED_DOUBLE STAT |   PMC3  |   1655554749441 |    43708192500 |    47170758885 | 4.598763e+10 |
|               CAS_COUNT_RD STAT               | MBOX0C0 |    196732638622 |              0 |   196732638622 | 5.464796e+09 |
|               CAS_COUNT_WR STAT               | MBOX0C1 |     99413736511 |              0 |    99413736511 | 2.761493e+09 |
|               CAS_COUNT_RD STAT               | MBOX1C0 |    196696393232 |              0 |   196696393232 | 5.463789e+09 |
|               CAS_COUNT_WR STAT               | MBOX1C1 |     99414354440 |              0 |    99414354440 | 2.761510e+09 |
|               CAS_COUNT_RD STAT               | MBOX2C0 |    196708733282 |              0 |   196708733282 | 5.464131e+09 |
|               CAS_COUNT_WR STAT               | MBOX2C1 |     99417074891 |              0 |    99417074891 | 2.761585e+09 |
|               CAS_COUNT_RD STAT               | MBOX3C0 |    196728192013 |              0 |   196728192013 | 5.464672e+09 |
|               CAS_COUNT_WR STAT               | MBOX3C1 |     99406196899 |              0 |    99406196899 | 2.761283e+09 |
|               CAS_COUNT_RD STAT               | MBOX4C0 |    199292726956 |              0 |   199292726956 | 5.535909e+09 |
|               CAS_COUNT_WR STAT               | MBOX4C1 |     99460704764 |              0 |    99460704764 | 2.762797e+09 |
|               CAS_COUNT_RD STAT               | MBOX5C0 |    199292842892 |              0 |   199292842892 | 5.535912e+09 |
|               CAS_COUNT_WR STAT               | MBOX5C1 |     99446581037 |              0 |    99446581037 | 2.762405e+09 |
|               CAS_COUNT_RD STAT               | MBOX6C0 |    199324969218 |              0 |   199324969218 | 5.536805e+09 |
|               CAS_COUNT_WR STAT               | MBOX6C1 |     99463577405 |              0 |    99463577405 | 2.762877e+09 |
|               CAS_COUNT_RD STAT               | MBOX7C0 |    199282015539 |              0 |   199282015539 | 5.535612e+09 |
|               CAS_COUNT_WR STAT               | MBOX7C1 |     99454730173 |              0 |    99454730173 | 2.762631e+09 |
+-----------------------------------------------+---------+-----------------+----------------+----------------+--------------+

+-----------------------------------+-------------+-----------+-----------+-----------+-----------+-----------+-----------+-----------+-----------+-----------+-------------+-------------+-------------+-------------+-------------+-------------+-------------+-------------+-------------+-------------+-------------+-------------+-------------+-------------+-------------+-------------+-------------+-------------+-------------+-------------+-------------+-------------+-------------+-------------+-------------+-------------+
|               Metric              |  f0608:0:0  | f0608:1:1 | f0608:2:2 | f0608:3:3 | f0608:4:4 | f0608:5:5 | f0608:6:6 | f0608:7:7 | f0608:8:8 | f0608:9:9 | f0608:10:10 | f0608:11:11 | f0608:12:12 | f0608:13:13 | f0608:14:14 | f0608:15:15 | f0608:16:16 | f0608:17:17 | f0608:18:18 | f0608:19:19 | f0608:20:20 | f0608:21:21 | f0608:22:22 | f0608:23:23 | f0608:24:24 | f0608:25:25 | f0608:26:26 | f0608:27:27 | f0608:28:28 | f0608:29:29 | f0608:30:30 | f0608:31:31 | f0608:32:32 | f0608:33:33 | f0608:34:34 | f0608:35:35 |
+-----------------------------------+-------------+-----------+-----------+-----------+-----------+-----------+-----------+-----------+-----------+-----------+-------------+-------------+-------------+-------------+-------------+-------------+-------------+-------------+-------------+-------------+-------------+-------------+-------------+-------------+-------------+-------------+-------------+-------------+-------------+-------------+-------------+-------------+-------------+-------------+-------------+-------------+
|        Runtime (RDTSC) [s]        |   1348.3910 | 1348.4010 | 1348.5910 | 1348.3970 | 1348.5150 | 1348.4150 | 1348.4270 | 1348.4110 | 1348.4180 | 1348.4340 |   1348.4100 |   1348.9170 |   1348.5600 |   1348.4840 |   1348.7620 |   1348.4490 |   1348.5820 |   1348.5000 |   1348.6080 |   1348.4040 |   1348.4080 |   1348.6250 |   1348.4320 |   1348.5130 |   1348.5900 |   1348.4480 |   1348.4580 |   1348.4640 |   1348.7150 |   1348.4010 |   1348.4190 |   1348.4160 |   1348.4830 |   1348.4000 |   1348.4180 |   1348.6190 |
|        Runtime unhalted [s]       |   1342.6002 | 1343.0237 | 1343.1650 | 1342.6381 | 1342.4391 | 1342.6911 | 1342.5042 | 1343.0059 | 1343.0345 | 1342.8507 |   1343.1176 |   1343.5045 |   1342.8308 |   1342.5785 |   1343.2057 |   1342.9187 |   1342.6521 |   1342.6954 |   1343.4383 |   1342.8765 |   1343.2199 |   1343.2929 |   1342.2925 |   1343.2332 |   1343.0011 |   1343.1950 |   1343.2147 |   1343.1918 |   1343.4196 |   1343.2480 |   1343.0777 |   1343.0326 |   1343.2889 |   1343.3184 |   1343.4028 |   1343.3417 |
|            Clock [MHz]            |   2394.3113 | 2394.3101 | 2394.3145 | 2394.3162 | 2394.3146 | 2394.2896 | 2394.3113 | 2394.3107 | 2394.3106 | 2394.3075 |   2394.3146 |   2393.4263 |   2394.3158 |   2394.3165 |   2393.7535 |   2394.3133 |   2394.3099 |   2394.3084 |   2394.3131 |   2394.3117 |   2394.3108 |   2394.3123 |   2394.3061 |   2394.2709 |   2394.3160 |   2394.3150 |   2394.3140 |   2394.3112 |   2393.9684 |   2394.3102 |   2394.3088 |   2394.3073 |   2394.1933 |   2394.3092 |   2394.3131 |   2394.3177 |
|                CPI                |      0.6659 |    0.5791 |    0.6184 |    0.7025 |    0.7981 |    0.8556 |    0.8513 |    0.8276 |    0.8353 |    0.8553 |      0.8145 |      0.8538 |      0.8555 |      0.8305 |      0.8487 |      0.7986 |      0.7814 |      0.7470 |      0.5290 |      0.5160 |      0.5269 |      0.5254 |      0.5215 |      0.5285 |      0.5282 |      0.5218 |      0.5229 |      0.5146 |      0.5177 |      0.5210 |      0.5282 |      0.5205 |      0.5253 |      0.5298 |      0.5192 |      0.5299 |
|             Energy [J]            | 314038.3170 |         0 |         0 |         0 |         0 |         0 |         0 |         0 |         0 |         0 |           0 |           0 |           0 |           0 |           0 |           0 |           0 |           0 |           0 |           0 |           0 |           0 |           0 |           0 |           0 |           0 |           0 |           0 |           0 |           0 |           0 |           0 |           0 |           0 |           0 |           0 |
|             Power [W]             |    232.8986 |         0 |         0 |         0 |         0 |         0 |         0 |         0 |         0 |         0 |           0 |           0 |           0 |           0 |           0 |           0 |           0 |           0 |           0 |           0 |           0 |           0 |           0 |           0 |           0 |           0 |           0 |           0 |           0 |           0 |           0 |           0 |           0 |           0 |           0 |           0 |
|          Energy DRAM [J]          |  29424.7191 |         0 |         0 |         0 |         0 |         0 |         0 |         0 |         0 |         0 |           0 |           0 |           0 |           0 |           0 |           0 |           0 |           0 |           0 |           0 |           0 |           0 |           0 |           0 |           0 |           0 |           0 |           0 |           0 |           0 |           0 |           0 |           0 |           0 |           0 |           0 |
|           Power DRAM [W]          |     21.8221 |         0 |         0 |         0 |         0 |         0 |         0 |         0 |         0 |         0 |           0 |           0 |           0 |           0 |           0 |           0 |           0 |           0 |           0 |           0 |           0 |           0 |           0 |           0 |           0 |           0 |           0 |           0 |           0 |           0 |           0 |           0 |           0 |           0 |           0 |           0 |
|            DP [MFLOP/s]           |   1612.9019 | 1608.3110 | 1612.3936 | 1612.6256 | 1608.1751 | 1612.6040 | 1612.5897 | 1608.2991 | 1612.6005 | 1612.5813 |   1608.3003 |   1612.0039 |   1612.4306 |   1608.2120 |   1612.1891 |   1612.5634 |   1608.0951 |   1612.5024 |   1612.3732 |   1608.3074 |   1612.6124 |   1612.3529 |   1608.2740 |   1612.4868 |   1612.3947 |   1608.2549 |   1612.5526 |   1612.5454 |   1607.9365 |   1612.6207 |   1612.5992 |   1608.2930 |   1612.5226 |   1612.6219 |   1608.2907 |   1612.3600 |
|          AVX DP [MFLOP/s]         |    279.8640 |  259.3187 |  279.5538 |  279.5940 |  259.2967 |  279.5903 |  279.5878 |  259.3167 |  279.5896 |  279.5863 |    259.3169 |    279.4862 |    279.5602 |    259.3027 |    279.5183 |    279.5832 |    259.2839 |    279.5726 |    279.5503 |    259.3181 |    279.5917 |    279.5467 |    259.3127 |    279.5700 |    279.5540 |    259.3096 |    279.5814 |    279.5801 |    259.2583 |    279.5932 |    279.5894 |    259.3158 |    279.5762 |    279.5934 |    259.3154 |    279.5480 |
|          Packed [MUOPS/s]         |     34.9830 |   32.4148 |   34.9442 |   34.9493 |   32.4121 |   34.9488 |   34.9485 |   32.4146 |   34.9487 |   34.9483 |     32.4146 |     34.9358 |     34.9450 |     32.4128 |     34.9398 |     34.9479 |     32.4105 |     34.9466 |     34.9438 |     32.4148 |     34.9490 |     34.9433 |     32.4141 |     34.9462 |     34.9442 |     32.4137 |     34.9477 |     34.9475 |     32.4073 |     34.9491 |     34.9487 |     32.4145 |     34.9470 |     34.9492 |     32.4144 |     34.9435 |
|          Scalar [MUOPS/s]         |   1333.0380 | 1348.9924 | 1332.8398 | 1333.0316 | 1348.8783 | 1333.0137 | 1333.0019 | 1348.9824 | 1333.0108 | 1332.9950 |   1348.9833 |   1332.5177 |   1332.8704 |   1348.9093 |   1332.6708 |   1332.9801 |   1348.8113 |   1332.9297 |   1332.8230 |   1348.9893 |   1333.0206 |   1332.8062 |   1348.9613 |   1332.9168 |   1332.8407 |   1348.9453 |   1332.9712 |   1332.9652 |   1348.6782 |   1333.0275 |   1333.0098 |   1348.9773 |   1332.9465 |   1333.0285 |   1348.9753 |   1332.8120 |
|  Memory read bandwidth [MBytes/s] |  75185.7175 |         0 |         0 |         0 |         0 |         0 |         0 |         0 |         0 |         0 |           0 |           0 |           0 |           0 |           0 |           0 |           0 |           0 |           0 |           0 |           0 |           0 |           0 |           0 |           0 |           0 |           0 |           0 |           0 |           0 |           0 |           0 |           0 |           0 |           0 |           0 |
|  Memory read data volume [GBytes] | 101379.7448 |         0 |         0 |         0 |         0 |         0 |         0 |         0 |         0 |         0 |           0 |           0 |           0 |           0 |           0 |           0 |           0 |           0 |           0 |           0 |           0 |           0 |           0 |           0 |           0 |           0 |           0 |           0 |           0 |           0 |           0 |           0 |           0 |           0 |           0 |           0 |
| Memory write bandwidth [MBytes/s] |  37756.5003 |         0 |         0 |         0 |         0 |         0 |         0 |         0 |         0 |         0 |           0 |           0 |           0 |           0 |           0 |           0 |           0 |           0 |           0 |           0 |           0 |           0 |           0 |           0 |           0 |           0 |           0 |           0 |           0 |           0 |           0 |           0 |           0 |           0 |           0 |           0 |
| Memory write data volume [GBytes] |  50910.5252 |         0 |         0 |         0 |         0 |         0 |         0 |         0 |         0 |         0 |           0 |           0 |           0 |           0 |           0 |           0 |           0 |           0 |           0 |           0 |           0 |           0 |           0 |           0 |           0 |           0 |           0 |           0 |           0 |           0 |           0 |           0 |           0 |           0 |           0 |           0 |
|    Memory bandwidth [MBytes/s]    | 112942.2178 |         0 |         0 |         0 |         0 |         0 |         0 |         0 |         0 |         0 |           0 |           0 |           0 |           0 |           0 |           0 |           0 |           0 |           0 |           0 |           0 |           0 |           0 |           0 |           0 |           0 |           0 |           0 |           0 |           0 |           0 |           0 |           0 |           0 |           0 |           0 |
|    Memory data volume [GBytes]    | 152290.2699 |         0 |         0 |         0 |         0 |         0 |         0 |         0 |         0 |         0 |           0 |           0 |           0 |           0 |           0 |           0 |           0 |           0 |           0 |           0 |           0 |           0 |           0 |           0 |           0 |           0 |           0 |           0 |           0 |           0 |           0 |           0 |           0 |           0 |           0 |           0 |
|       Operational intensity       |      0.0143 |         0 |         0 |         0 |         0 |         0 |         0 |         0 |         0 |         0 |           0 |           0 |           0 |           0 |           0 |           0 |           0 |           0 |           0 |           0 |           0 |           0 |           0 |           0 |           0 |           0 |           0 |           0 |           0 |           0 |           0 |           0 |           0 |           0 |           0 |           0 |
+-----------------------------------+-------------+-----------+-----------+-----------+-----------+-----------+-----------+-----------+-----------+-----------+-------------+-------------+-------------+-------------+-------------+-------------+-------------+-------------+-------------+-------------+-------------+-------------+-------------+-------------+-------------+-------------+-------------+-------------+-------------+-------------+-------------+-------------+-------------+-------------+-------------+-------------+

+----------------------------------------+-------------+-----------+-------------+-----------+-----------+-----------+-----------+
|                 Metric                 |     Sum     |    Min    |     Max     |    Avg    |  %ile 25  |  %ile 50  |  %ile 75  |
+----------------------------------------+-------------+-----------+-------------+-----------+-----------+-----------+-----------+
|        Runtime (RDTSC) [s] STAT        |  48545.8850 | 1348.3910 |   1348.9170 | 1348.4968 | 1348.4110 | 1348.4480 | 1348.5600 |
|        Runtime unhalted [s] STAT       |  48348.5414 | 1342.2925 |   1343.5045 | 1343.0150 | 1342.6954 | 1343.0345 | 1343.2332 |
|            Clock [MHz] STAT            |  86193.2638 | 2393.4263 |   2394.3177 | 2394.2573 | 2394.3075 | 2394.3108 | 2394.3140 |
|                CPI STAT                |     23.5455 |    0.5146 |      0.8556 |    0.6540 |    0.5229 |    0.5299 |    0.8145 |
|             Energy [J] STAT            | 314038.3170 |         0 | 314038.3170 | 8723.2866 |         0 |         0 |         0 |
|             Power [W] STAT             |    232.8986 |         0 |    232.8986 |    6.4694 |         0 |         0 |         0 |
|          Energy DRAM [J] STAT          |  29424.7191 |         0 |  29424.7191 |  817.3533 |         0 |         0 |         0 |
|           Power DRAM [W] STAT          |     21.8221 |         0 |     21.8221 |    0.6062 |         0 |         0 |         0 |
|            DP [MFLOP/s] STAT           |  57998.7775 | 1607.9365 |   1612.9019 | 1611.0772 | 1608.2991 | 1612.3936 | 1612.5813 |
|          AVX DP [MFLOP/s] STAT         |   9821.6262 |  259.2583 |    279.8640 |  272.8229 |  259.3167 |  279.5538 |  279.5863 |
|          Packed [MUOPS/s] STAT         |   1227.7033 |   32.4073 |     34.9830 |   34.1029 |   32.4146 |   34.9442 |   34.9483 |
|          Scalar [MUOPS/s] STAT         |  48177.1512 | 1332.5177 |   1348.9924 | 1338.2542 | 1332.9168 | 1333.0108 | 1348.8783 |
|  Memory read bandwidth [MBytes/s] STAT |  75185.7175 |         0 |  75185.7175 | 2088.4922 |         0 |         0 |         0 |
|  Memory read data volume [GBytes] STAT | 101379.7448 |         0 | 101379.7448 | 2816.1040 |         0 |         0 |         0 |
| Memory write bandwidth [MBytes/s] STAT |  37756.5003 |         0 |  37756.5003 | 1048.7917 |         0 |         0 |         0 |
| Memory write data volume [GBytes] STAT |  50910.5252 |         0 |  50910.5252 | 1414.1813 |         0 |         0 |         0 |
|    Memory bandwidth [MBytes/s] STAT    | 112942.2178 |         0 | 112942.2178 | 3137.2838 |         0 |         0 |         0 |
|    Memory data volume [GBytes] STAT    | 152290.2699 |         0 | 152290.2699 | 4230.2853 |         0 |         0 |         0 |
|       Operational intensity STAT       |      0.0143 |         0 |      0.0143 |    0.0004 |         0 |         0 |         0 |
+----------------------------------------+-------------+-----------+-------------+-----------+-----------+-----------+-----------+

