WARN: Cannot extract OpenMP vendor from executable or commandline, assuming no OpenMP
 nx_glob, nz_glob:                  3000                  1250
 dx,dz:    8.00000000000000        8.00000000000000     
 dt:   2.666666666666666E-002
Group: 1
+------------------------------------------+---------+----------------+----------------+----------------+----------------+----------------+----------------+----------------+----------------+----------------+----------------+----------------+----------------+----------------+----------------+----------------+----------------+----------------+----------------+----------------+----------------+----------------+
|                   Event                  | Counter |    f0608:0:0   |    f0608:1:1   |    f0608:2:2   |    f0608:3:3   |    f0608:4:4   |    f0608:5:5   |    f0608:6:6   |    f0608:7:7   |    f0608:8:8   |    f0608:9:9   |   f0608:10:10  |   f0608:11:11  |   f0608:12:12  |   f0608:13:13  |   f0608:14:14  |   f0608:15:15  |   f0608:16:16  |   f0608:17:17  |   f0608:18:18  |   f0608:19:19  |   f0608:20:20  |
+------------------------------------------+---------+----------------+----------------+----------------+----------------+----------------+----------------+----------------+----------------+----------------+----------------+----------------+----------------+----------------+----------------+----------------+----------------+----------------+----------------+----------------+----------------+----------------+
|             INSTR_RETIRED_ANY            |  FIXC0  |  8060703776126 |  9323217450356 |  8576594021645 |  7388241953990 |  6690129333142 |  6588306678695 |  7138412235560 |  7924221504748 |  8512324568562 |  6815074798847 |  6789090308826 |  6350502685015 |  6390743176125 |  6364318621260 |  6870655269049 |  6331095701879 |  6611165428267 |  6484434283930 | 12056036667755 | 12060196818163 | 12056034836995 |
|           CPU_CLK_UNHALTED_CORE          |  FIXC1  |  5276214465527 |  5278830175265 |  5278167183253 |  5276787074001 |  5276836737830 |  5276996753789 |  5275754872197 |  5278179021652 |  5277619855903 |  5277520348079 |  5276076702982 |  5277820796616 |  5276023036555 |  5276629808056 |  5277305752892 |  5277162366546 |  5280230758384 |  5278590402877 |  5282869976644 |  5279918556422 |  5282612930604 |
|           CPU_CLK_UNHALTED_REF           |  FIXC2  |  5276214889728 |  5278830156672 |  5278166643264 |  5276788236768 |  5276837477472 |  5276997459456 |  5275757262336 |  5278180167840 |  5277617644704 |  5277519394176 |  5276078562240 |  5277822648864 |  5276024026368 |  5276629930080 |  5277305191104 |  5277164483232 |  5280239617248 |  5278591617216 |  5282870831904 |  5279921204352 |  5282609261760 |
|               TOPDOWN_SLOTS              |  FIXC3  | 26381072327635 | 26394150876325 | 26390835916265 | 26383935370005 | 26384183689150 | 26384983768945 | 26378774360985 | 26390895108260 | 26388099279515 | 26387601740395 | 26380383514910 | 26389103983080 | 26380115182775 | 26383149040280 | 26386528764460 | 26385811832730 | 26401153791920 | 26392952014385 | 26414349883220 | 26399592782110 | 26413064653020 |
|              PWR_PKG_ENERGY              |   PWR0  |    387542.5516 |              0 |              0 |              0 |              0 |              0 |              0 |              0 |              0 |              0 |              0 |              0 |              0 |              0 |              0 |              0 |              0 |              0 |              0 |              0 |              0 |
|              PWR_DRAM_ENERGY             |   PWR3  |     35498.7390 |              0 |              0 |              0 |              0 |              0 |              0 |              0 |              0 |              0 |              0 |              0 |              0 |              0 |              0 |              0 |              0 |              0 |              0 |              0 |              0 |
| FP_ARITH_INST_RETIRED_128B_PACKED_DOUBLE |   PMC0  |              0 |              0 |              0 |              0 |              0 |              0 |              0 |              0 |              0 |              0 |              0 |              0 |              0 |              0 |              0 |              0 |              0 |              0 |              0 |              0 |              0 |
|    FP_ARITH_INST_RETIRED_SCALAR_DOUBLE   |   PMC1  |  3089069337599 |  3089068728517 |  3089068727945 |  3067541838205 |  3089068717885 |  3089068723623 |  3089068725711 |  3089068705751 |  3089068715001 |  3089068709797 |  3067541818199 |  3089068706259 |  3089068707559 |  3089068709583 |  3089068689007 |  3089068745175 |  3089068687231 |  3067541812093 |  3089068686581 |  3089068695503 |  3089068685043 |
| FP_ARITH_INST_RETIRED_256B_PACKED_DOUBLE |   PMC2  |              0 |              0 |              0 |              0 |              0 |              0 |              0 |              0 |              0 |              0 |              0 |              0 |              0 |              0 |              0 |              0 |              0 |              0 |              0 |              0 |              0 |
| FP_ARITH_INST_RETIRED_512B_PACKED_DOUBLE |   PMC3  |    69362370135 |    69317075622 |    69317075622 |    67924893750 |    69317075622 |    69317075622 |    69317075622 |    69317075622 |    69317075622 |    69317075622 |    67924893750 |    69317075622 |    69317075622 |    69317075622 |    69317075622 |    69317075622 |    69317075622 |    67924893750 |    69317075622 |    69317075622 |    69317075622 |
|               CAS_COUNT_RD               | MBOX0C0 |   334913167576 |              0 |              0 |              0 |              0 |              0 |              0 |              0 |              0 |              0 |              0 |              0 |              0 |              0 |              0 |              0 |              0 |              0 |              0 |              0 |              0 |
|               CAS_COUNT_WR               | MBOX0C1 |   167911295816 |              0 |              0 |              0 |              0 |              0 |              0 |              0 |              0 |              0 |              0 |              0 |              0 |              0 |              0 |              0 |              0 |              0 |              0 |              0 |              0 |
|               CAS_COUNT_RD               | MBOX1C0 |   334816310776 |              0 |              0 |              0 |              0 |              0 |              0 |              0 |              0 |              0 |              0 |              0 |              0 |              0 |              0 |              0 |              0 |              0 |              0 |              0 |              0 |
|               CAS_COUNT_WR               | MBOX1C1 |   167889228437 |              0 |              0 |              0 |              0 |              0 |              0 |              0 |              0 |              0 |              0 |              0 |              0 |              0 |              0 |              0 |              0 |              0 |              0 |              0 |              0 |
|               CAS_COUNT_RD               | MBOX2C0 |   334867467799 |              0 |              0 |              0 |              0 |              0 |              0 |              0 |              0 |              0 |              0 |              0 |              0 |              0 |              0 |              0 |              0 |              0 |              0 |              0 |              0 |
|               CAS_COUNT_WR               | MBOX2C1 |   167913267970 |              0 |              0 |              0 |              0 |              0 |              0 |              0 |              0 |              0 |              0 |              0 |              0 |              0 |              0 |              0 |              0 |              0 |              0 |              0 |              0 |
|               CAS_COUNT_RD               | MBOX3C0 |   334901367620 |              0 |              0 |              0 |              0 |              0 |              0 |              0 |              0 |              0 |              0 |              0 |              0 |              0 |              0 |              0 |              0 |              0 |              0 |              0 |              0 |
|               CAS_COUNT_WR               | MBOX3C1 |   167922816332 |              0 |              0 |              0 |              0 |              0 |              0 |              0 |              0 |              0 |              0 |              0 |              0 |              0 |              0 |              0 |              0 |              0 |              0 |              0 |              0 |
|               CAS_COUNT_RD               | MBOX4C0 |    43321599798 |              0 |              0 |              0 |              0 |              0 |              0 |              0 |              0 |              0 |              0 |              0 |              0 |              0 |              0 |              0 |              0 |              0 |              0 |              0 |              0 |
|               CAS_COUNT_WR               | MBOX4C1 |    24286056962 |              0 |              0 |              0 |              0 |              0 |              0 |              0 |              0 |              0 |              0 |              0 |              0 |              0 |              0 |              0 |              0 |              0 |              0 |              0 |              0 |
|               CAS_COUNT_RD               | MBOX5C0 |    43317647592 |              0 |              0 |              0 |              0 |              0 |              0 |              0 |              0 |              0 |              0 |              0 |              0 |              0 |              0 |              0 |              0 |              0 |              0 |              0 |              0 |
|               CAS_COUNT_WR               | MBOX5C1 |    24286060676 |              0 |              0 |              0 |              0 |              0 |              0 |              0 |              0 |              0 |              0 |              0 |              0 |              0 |              0 |              0 |              0 |              0 |              0 |              0 |              0 |
|               CAS_COUNT_RD               | MBOX6C0 |    43333390360 |              0 |              0 |              0 |              0 |              0 |              0 |              0 |              0 |              0 |              0 |              0 |              0 |              0 |              0 |              0 |              0 |              0 |              0 |              0 |              0 |
|               CAS_COUNT_WR               | MBOX6C1 |    24287721184 |              0 |              0 |              0 |              0 |              0 |              0 |              0 |              0 |              0 |              0 |              0 |              0 |              0 |              0 |              0 |              0 |              0 |              0 |              0 |              0 |
|               CAS_COUNT_RD               | MBOX7C0 |    43324307191 |              0 |              0 |              0 |              0 |              0 |              0 |              0 |              0 |              0 |              0 |              0 |              0 |              0 |              0 |              0 |              0 |              0 |              0 |              0 |              0 |
|               CAS_COUNT_WR               | MBOX7C1 |    24282510297 |              0 |              0 |              0 |              0 |              0 |              0 |              0 |              0 |              0 |              0 |              0 |              0 |              0 |              0 |              0 |              0 |              0 |              0 |              0 |              0 |
+------------------------------------------+---------+----------------+----------------+----------------+----------------+----------------+----------------+----------------+----------------+----------------+----------------+----------------+----------------+----------------+----------------+----------------+----------------+----------------+----------------+----------------+----------------+----------------+

+-----------------------------------------------+---------+-----------------+----------------+----------------+--------------+
|                     Event                     | Counter |       Sum       |       Min      |       Max      |      Avg     |
+-----------------------------------------------+---------+-----------------+----------------+----------------+--------------+
|             INSTR_RETIRED_ANY STAT            |  FIXC0  | 165381500118935 |  6331095701879 | 12060196818163 | 7.875310e+12 |
|           CPU_CLK_UNHALTED_CORE STAT          |  FIXC1  | 110838147576074 |  5275754872197 |  5282869976644 | 5.278007e+12 |
|           CPU_CLK_UNHALTED_REF STAT           |  FIXC2  | 110838166706784 |  5275757262336 |  5282870831904 | 5.278008e+12 |
|               TOPDOWN_SLOTS STAT              |  FIXC3  | 554190737880370 | 26378774360985 | 26414349883220 |      nil     |
|              PWR_PKG_ENERGY STAT              |   PWR0  |     387542.5516 |              0 |    387542.5516 |   18454.4072 |
|              PWR_DRAM_ENERGY STAT             |   PWR3  |      35498.7390 |              0 |     35498.7390 |    1690.4161 |
| FP_ARITH_INST_RETIRED_128B_PACKED_DOUBLE STAT |   PMC0  |               0 |              0 |              0 |            0 |
|    FP_ARITH_INST_RETIRED_SCALAR_DOUBLE STAT   |   PMC1  |  64805862872267 |  3067541812093 |  3089069337599 |      nil     |
| FP_ARITH_INST_RETIRED_256B_PACKED_DOUBLE STAT |   PMC2  |               0 |              0 |              0 |            0 |
| FP_ARITH_INST_RETIRED_512B_PACKED_DOUBLE STAT |   PMC3  |   1451527336959 |    67924893750 |    69362370135 |  69120349379 |
|               CAS_COUNT_RD STAT               | MBOX0C0 |    334913167576 |              0 |   334913167576 | 1.594825e+10 |
|               CAS_COUNT_WR STAT               | MBOX0C1 |    167911295816 |              0 |   167911295816 | 7.995776e+09 |
|               CAS_COUNT_RD STAT               | MBOX1C0 |    334816310776 |              0 |   334816310776 | 1.594363e+10 |
|               CAS_COUNT_WR STAT               | MBOX1C1 |    167889228437 |              0 |   167889228437 | 7.994725e+09 |
|               CAS_COUNT_RD STAT               | MBOX2C0 |    334867467799 |              0 |   334867467799 | 1.594607e+10 |
|               CAS_COUNT_WR STAT               | MBOX2C1 |    167913267970 |              0 |   167913267970 | 7.995870e+09 |
|               CAS_COUNT_RD STAT               | MBOX3C0 |    334901367620 |              0 |   334901367620 | 1.594768e+10 |
|               CAS_COUNT_WR STAT               | MBOX3C1 |    167922816332 |              0 |   167922816332 | 7.996325e+09 |
|               CAS_COUNT_RD STAT               | MBOX4C0 |     43321599798 |              0 |    43321599798 | 2.062933e+09 |
|               CAS_COUNT_WR STAT               | MBOX4C1 |     24286056962 |              0 |    24286056962 | 1.156479e+09 |
|               CAS_COUNT_RD STAT               | MBOX5C0 |     43317647592 |              0 |    43317647592 | 2.062745e+09 |
|               CAS_COUNT_WR STAT               | MBOX5C1 |     24286060676 |              0 |    24286060676 | 1.156479e+09 |
|               CAS_COUNT_RD STAT               | MBOX6C0 |     43333390360 |              0 |    43333390360 | 2.063495e+09 |
|               CAS_COUNT_WR STAT               | MBOX6C1 |     24287721184 |              0 |    24287721184 | 1.156558e+09 |
|               CAS_COUNT_RD STAT               | MBOX7C0 |     43324307191 |              0 |    43324307191 | 2.063062e+09 |
|               CAS_COUNT_WR STAT               | MBOX7C1 |     24282510297 |              0 |    24282510297 | 1.156310e+09 |
+-----------------------------------------------+---------+-----------------+----------------+----------------+--------------+

+-----------------------------------+-------------+-----------+-----------+-----------+-----------+-----------+-----------+-----------+-----------+-----------+-------------+-------------+-------------+-------------+-------------+-------------+-------------+-------------+-------------+-------------+-------------+
|               Metric              |  f0608:0:0  | f0608:1:1 | f0608:2:2 | f0608:3:3 | f0608:4:4 | f0608:5:5 | f0608:6:6 | f0608:7:7 | f0608:8:8 | f0608:9:9 | f0608:10:10 | f0608:11:11 | f0608:12:12 | f0608:13:13 | f0608:14:14 | f0608:15:15 | f0608:16:16 | f0608:17:17 | f0608:18:18 | f0608:19:19 | f0608:20:20 |
+-----------------------------------+-------------+-----------+-----------+-----------+-----------+-----------+-----------+-----------+-----------+-----------+-------------+-------------+-------------+-------------+-------------+-------------+-------------+-------------+-------------+-------------+-------------+
|        Runtime (RDTSC) [s]        |   2212.2500 | 2212.2370 | 2212.2480 | 2212.3140 | 2214.1910 | 2212.3460 | 2212.2230 | 2212.5160 | 2212.2790 | 2212.2760 |   2212.2210 |   2212.2790 |   2212.4230 |   2212.4070 |   2212.2750 |   2212.7940 |   2212.2840 |   2212.2730 |   2212.2590 |   2212.2670 |   2212.2270 |
|        Runtime unhalted [s]       |   2203.6428 | 2204.7364 | 2204.4669 | 2203.8808 | 2205.8684 | 2204.0637 | 2203.4515 | 2204.7434 | 2204.2292 | 2204.1870 |   2203.5850 |   2204.3199 |   2203.7445 |   2203.9817 |   2204.0974 |   2204.6079 |   2205.3171 |   2204.6352 |   2206.4355 |   2205.1937 |   2206.3163 |
|            Clock [MHz]            |   2394.3146 | 2394.3135 | 2394.3057 | 2394.3155 | 2392.1808 | 2394.2121 | 2394.3130 | 2394.0101 | 2394.3163 | 2394.3165 |   2394.3142 |   2394.3071 |   2394.1169 |   2394.1350 |   2394.3162 |   2393.6956 |   2394.3141 |   2394.3142 |   2394.3003 |   2394.3093 |   2394.3151 |
|                CPI                |      0.6546 |    0.5662 |    0.6154 |    0.7142 |    0.7887 |    0.8010 |    0.7391 |    0.6661 |    0.6200 |    0.7744 |      0.7771 |      0.8311 |      0.8256 |      0.8291 |      0.7681 |      0.8335 |      0.7987 |      0.8140 |      0.4382 |      0.4378 |      0.4382 |
|             Energy [J]            | 387542.5516 |         0 |         0 |         0 |         0 |         0 |         0 |         0 |         0 |         0 |           0 |           0 |           0 |           0 |           0 |           0 |           0 |           0 |           0 |           0 |           0 |
|             Power [W]             |    175.1803 |         0 |         0 |         0 |         0 |         0 |         0 |         0 |         0 |         0 |           0 |           0 |           0 |           0 |           0 |           0 |           0 |           0 |           0 |           0 |           0 |
|          Energy DRAM [J]          |  35498.7390 |         0 |         0 |         0 |         0 |         0 |         0 |         0 |         0 |         0 |           0 |           0 |           0 |           0 |           0 |           0 |           0 |           0 |           0 |           0 |           0 |
|           Power DRAM [W]          |     16.0464 |         0 |         0 |         0 |         0 |         0 |         0 |         0 |         0 |         0 |           0 |           0 |           0 |           0 |           0 |           0 |           0 |           0 |           0 |           0 |           0 |
|            DP [MFLOP/s]           |   1647.1774 | 1647.0231 | 1647.0149 | 1632.2009 | 1645.5696 | 1646.9419 | 1647.0335 | 1646.8153 | 1646.9918 | 1646.9940 |   1632.2695 |   1646.9918 |   1646.8846 |   1646.8965 |   1646.9947 |   1646.6085 |   1646.9880 |   1632.2312 |   1647.0067 |   1647.0007 |   1647.0305 |
|          AVX DP [MFLOP/s]         |    250.8301 |  250.6678 |  250.6666 |  245.6248 |  250.4466 |  250.6555 |  250.6694 |  250.6362 |  250.6631 |  250.6634 |    245.6351 |    250.6631 |    250.6467 |    250.6485 |    250.6635 |    250.6047 |    250.6625 |    245.6293 |    250.6653 |    250.6644 |    250.6689 |
|          Packed [MUOPS/s]         |     31.3538 |   31.3335 |   31.3333 |   30.7031 |   31.3058 |   31.3319 |   31.3337 |   31.3295 |   31.3329 |   31.3329 |     30.7044 |     31.3329 |     31.3308 |     31.3311 |     31.3329 |     31.3256 |     31.3328 |     30.7037 |     31.3332 |     31.3331 |     31.3336 |
|          Scalar [MUOPS/s]         |   1396.3473 | 1396.3552 | 1396.3483 | 1386.5762 | 1395.1230 | 1396.2864 | 1396.3641 | 1396.1791 | 1396.3287 | 1396.3306 |   1386.6344 |   1396.3287 |   1396.2378 |   1396.2479 |   1396.3312 |   1396.0038 |   1396.3256 |   1386.6018 |   1396.3413 |   1396.3363 |   1396.3615 |
|  Memory read bandwidth [MBytes/s] |  43764.8984 |         0 |         0 |         0 |         0 |         0 |         0 |         0 |         0 |         0 |           0 |           0 |           0 |           0 |           0 |           0 |           0 |           0 |           0 |           0 |           0 |
|  Memory read data volume [GBytes] |  96818.8966 |         0 |         0 |         0 |         0 |         0 |         0 |         0 |         0 |         0 |           0 |           0 |           0 |           0 |           0 |           0 |           0 |           0 |           0 |           0 |           0 |
| Memory write bandwidth [MBytes/s] |  22240.6388 |         0 |         0 |         0 |         0 |         0 |         0 |         0 |         0 |         0 |           0 |           0 |           0 |           0 |           0 |           0 |           0 |           0 |           0 |           0 |           0 |
| Memory write data volume [GBytes] |  49201.8533 |         0 |         0 |         0 |         0 |         0 |         0 |         0 |         0 |         0 |           0 |           0 |           0 |           0 |           0 |           0 |           0 |           0 |           0 |           0 |           0 |
|    Memory bandwidth [MBytes/s]    |  66005.5373 |         0 |         0 |         0 |         0 |         0 |         0 |         0 |         0 |         0 |           0 |           0 |           0 |           0 |           0 |           0 |           0 |           0 |           0 |           0 |           0 |
|    Memory data volume [GBytes]    | 146020.7498 |         0 |         0 |         0 |         0 |         0 |         0 |         0 |         0 |         0 |           0 |           0 |           0 |           0 |           0 |           0 |           0 |           0 |           0 |           0 |           0 |
|       Operational intensity       |      0.0250 |         0 |         0 |         0 |         0 |         0 |         0 |         0 |         0 |         0 |           0 |           0 |           0 |           0 |           0 |           0 |           0 |           0 |           0 |           0 |           0 |
+-----------------------------------+-------------+-----------+-----------+-----------+-----------+-----------+-----------+-----------+-----------+-----------+-------------+-------------+-------------+-------------+-------------+-------------+-------------+-------------+-------------+-------------+-------------+

+----------------------------------------+-------------+-----------+-------------+------------+-----------+-----------+-----------+
|                 Metric                 |     Sum     |    Min    |     Max     |     Avg    |  %ile 25  |  %ile 50  |  %ile 75  |
+----------------------------------------+-------------+-----------+-------------+------------+-----------+-----------+-----------+
|        Runtime (RDTSC) [s] STAT        |  46460.5890 | 2212.2210 |   2214.1910 |  2212.4090 | 2212.2480 | 2212.2760 | 2212.3460 |
|        Runtime unhalted [s] STAT       |  46295.5043 | 2203.4515 |   2206.4355 |  2204.5478 | 2203.8808 | 2204.3199 | 2204.7434 |
|            Clock [MHz] STAT            |  50277.0361 | 2392.1808 |   2394.3165 |  2394.1446 | 2394.1350 | 2394.3130 | 2394.3146 |
|                CPI STAT                |     14.7311 |    0.4378 |      0.8335 |     0.7015 |    0.6154 |    0.7681 |    0.8010 |
|             Energy [J] STAT            | 387542.5516 |         0 | 387542.5516 | 18454.4072 |         0 |         0 |         0 |
|             Power [W] STAT             |    175.1803 |         0 |    175.1803 |     8.3419 |         0 |         0 |         0 |
|          Energy DRAM [J] STAT          |  35498.7390 |         0 |  35498.7390 |  1690.4161 |         0 |         0 |         0 |
|           Power DRAM [W] STAT          |     16.0464 |         0 |     16.0464 |     0.7641 |         0 |         0 |         0 |
|            DP [MFLOP/s] STAT           |  34540.6651 | 1632.2009 |   1647.1774 |  1644.7936 | 1646.6085 | 1646.9918 | 1647.0067 |
|          AVX DP [MFLOP/s] STAT         |   5248.6755 |  245.6248 |    250.8301 |   249.9369 |  250.6047 |  250.6631 |  250.6653 |
|          Packed [MUOPS/s] STAT         |    656.0845 |   30.7031 |     31.3538 |    31.2421 |   31.3256 |   31.3329 |   31.3332 |
|          Scalar [MUOPS/s] STAT         |  29291.9892 | 1386.5762 |   1396.3641 |  1394.8566 | 1396.0038 | 1396.3287 | 1396.3413 |
|  Memory read bandwidth [MBytes/s] STAT |  43764.8984 |         0 |  43764.8984 |  2084.0428 |         0 |         0 |         0 |
|  Memory read data volume [GBytes] STAT |  96818.8966 |         0 |  96818.8966 |  4610.4236 |         0 |         0 |         0 |
| Memory write bandwidth [MBytes/s] STAT |  22240.6388 |         0 |  22240.6388 |  1059.0780 |         0 |         0 |         0 |
| Memory write data volume [GBytes] STAT |  49201.8533 |         0 |  49201.8533 |  2342.9454 |         0 |         0 |         0 |
|    Memory bandwidth [MBytes/s] STAT    |  66005.5373 |         0 |  66005.5373 |  3143.1208 |         0 |         0 |         0 |
|    Memory data volume [GBytes] STAT    | 146020.7498 |         0 | 146020.7498 |  6953.3690 |         0 |         0 |         0 |
|       Operational intensity STAT       |      0.0250 |         0 |      0.0250 |     0.0012 |         0 |         0 |         0 |
+----------------------------------------+-------------+-----------+-------------+------------+-----------+-----------+-----------+

