WARN: Cannot extract OpenMP vendor from executable or commandline, assuming no OpenMP
 nx_glob, nz_glob:                  3000                  1250
 dx,dz:    8.00000000000000        8.00000000000000     
 dt:   2.666666666666666E-002
Group: 1
+------------------------------------------+---------+----------------+----------------+----------------+----------------+----------------+----------------+----------------+----------------+----------------+----------------+----------------+----------------+----------------+----------------+----------------+----------------+----------------+----------------+
|                   Event                  | Counter |    f0608:0:0   |    f0608:1:1   |    f0608:2:2   |    f0608:3:3   |    f0608:4:4   |    f0608:5:5   |    f0608:6:6   |    f0608:7:7   |    f0608:8:8   |    f0608:9:9   |   f0608:10:10  |   f0608:11:11  |   f0608:12:12  |   f0608:13:13  |   f0608:14:14  |   f0608:15:15  |   f0608:16:16  |   f0608:17:17  |
+------------------------------------------+---------+----------------+----------------+----------------+----------------+----------------+----------------+----------------+----------------+----------------+----------------+----------------+----------------+----------------+----------------+----------------+----------------+----------------+----------------+
|             INSTR_RETIRED_ANY            |  FIXC0  |  7414256834467 |  7370847997345 |  7427677781425 |  7590642112684 |  7737905977198 |  7458579147670 |  7355992199458 |  7501744315833 |  7358661136068 |  7427042246794 |  8422010495180 |  7642415020315 |  7717788226019 |  8985645952785 |  7425140541192 |  7395085943644 |  7967744376086 |  7408257788201 |
|           CPU_CLK_UNHALTED_CORE          |  FIXC1  |  6363670173136 |  6367149567619 |  6366828171561 |  6365238821789 |  6367127124190 |  6367757083720 |  6366314772396 |  6367528236917 |  6366936985471 |  6367922664316 |  6367554464450 |  6367535929808 |  6365250893368 |  6365457696374 |  6365948583908 |  6366728562753 |  6367839842644 |  6367206214645 |
|           CPU_CLK_UNHALTED_REF           |  FIXC2  |  6363669127680 |  6367148915808 |  6366823898784 |  6365235671424 |  6367125492576 |  6367754711904 |  6366312620640 |  6367528332384 |  6366933031392 |  6367920628704 |  6367553342880 |  6367534729056 |  6365254343424 |  6365454520992 |  6365946634848 |  6366730826016 |  6367843269312 |  6367208178912 |
|               TOPDOWN_SLOTS              |  FIXC3  | 31818350865680 | 31835747838095 | 31834140857805 | 31826194108945 | 31835635620950 | 31838785418600 | 31831573861980 | 31837641184585 | 31834684927355 | 31839613321580 | 31837772322250 | 31837679649040 | 31826254466840 | 31827288481870 | 31829742919540 | 31833642813765 | 31839199213220 | 31836031073225 |
|              PWR_PKG_ENERGY              |   PWR0  |    424966.4050 |              0 |              0 |              0 |              0 |              0 |              0 |              0 |              0 |              0 |              0 |              0 |              0 |              0 |              0 |              0 |              0 |              0 |
|              PWR_DRAM_ENERGY             |   PWR3  |     38582.4937 |              0 |              0 |              0 |              0 |              0 |              0 |              0 |              0 |              0 |              0 |              0 |              0 |              0 |              0 |              0 |              0 |              0 |
| FP_ARITH_INST_RETIRED_128B_PACKED_DOUBLE |   PMC0  |              0 |              0 |              0 |              0 |              0 |              0 |              0 |              0 |              0 |              0 |              0 |              0 |              0 |              0 |              0 |              0 |              0 |              0 |
|    FP_ARITH_INST_RETIRED_SCALAR_DOUBLE   |   PMC1  |  3605714556733 |  3584187056732 |  3605713940964 |  3605713930508 |  3584187048516 |  3605713924046 |  3605713976204 |  3584187042812 |  3605713920314 |  3605713915378 |  3584187037399 |  3605713918234 |  3605713918002 |  3584187026804 |  3605713915708 |  3605713908586 |  3584187023365 |  3605713910666 |
| FP_ARITH_INST_RETIRED_256B_PACKED_DOUBLE |   PMC2  |              0 |              0 |              0 |              0 |              0 |              0 |              0 |              0 |              0 |              0 |              0 |              0 |              0 |              0 |              0 |              0 |              0 |              0 |
| FP_ARITH_INST_RETIRED_512B_PACKED_DOUBLE |   PMC3  |    77293972635 |    75181466250 |    77248678122 |    77248678122 |    75181466250 |    77248678122 |    77248678122 |    75181466250 |    77248678122 |    77248678122 |    75181466250 |    77248678122 |    77248678122 |    75181466250 |    77248678122 |    77248678122 |    75181466250 |    77248678122 |
|               CAS_COUNT_RD               | MBOX0C0 |   374004046024 |              0 |              0 |              0 |              0 |              0 |              0 |              0 |              0 |              0 |              0 |              0 |              0 |              0 |              0 |              0 |              0 |              0 |
|               CAS_COUNT_WR               | MBOX0C1 |   195017865335 |              0 |              0 |              0 |              0 |              0 |              0 |              0 |              0 |              0 |              0 |              0 |              0 |              0 |              0 |              0 |              0 |              0 |
|               CAS_COUNT_RD               | MBOX1C0 |   373909940437 |              0 |              0 |              0 |              0 |              0 |              0 |              0 |              0 |              0 |              0 |              0 |              0 |              0 |              0 |              0 |              0 |              0 |
|               CAS_COUNT_WR               | MBOX1C1 |   194996423791 |              0 |              0 |              0 |              0 |              0 |              0 |              0 |              0 |              0 |              0 |              0 |              0 |              0 |              0 |              0 |              0 |              0 |
|               CAS_COUNT_RD               | MBOX2C0 |   373994740558 |              0 |              0 |              0 |              0 |              0 |              0 |              0 |              0 |              0 |              0 |              0 |              0 |              0 |              0 |              0 |              0 |              0 |
|               CAS_COUNT_WR               | MBOX2C1 |   195025195355 |              0 |              0 |              0 |              0 |              0 |              0 |              0 |              0 |              0 |              0 |              0 |              0 |              0 |              0 |              0 |              0 |              0 |
|               CAS_COUNT_RD               | MBOX3C0 |   374029701039 |              0 |              0 |              0 |              0 |              0 |              0 |              0 |              0 |              0 |              0 |              0 |              0 |              0 |              0 |              0 |              0 |              0 |
|               CAS_COUNT_WR               | MBOX3C1 |   195011551274 |              0 |              0 |              0 |              0 |              0 |              0 |              0 |              0 |              0 |              0 |              0 |              0 |              0 |              0 |              0 |              0 |              0 |
|               CAS_COUNT_RD               | MBOX4C0 |       11578671 |              0 |              0 |              0 |              0 |              0 |              0 |              0 |              0 |              0 |              0 |              0 |              0 |              0 |              0 |              0 |              0 |              0 |
|               CAS_COUNT_WR               | MBOX4C1 |       12576698 |              0 |              0 |              0 |              0 |              0 |              0 |              0 |              0 |              0 |              0 |              0 |              0 |              0 |              0 |              0 |              0 |              0 |
|               CAS_COUNT_RD               | MBOX5C0 |       11595629 |              0 |              0 |              0 |              0 |              0 |              0 |              0 |              0 |              0 |              0 |              0 |              0 |              0 |              0 |              0 |              0 |              0 |
|               CAS_COUNT_WR               | MBOX5C1 |       12659525 |              0 |              0 |              0 |              0 |              0 |              0 |              0 |              0 |              0 |              0 |              0 |              0 |              0 |              0 |              0 |              0 |              0 |
|               CAS_COUNT_RD               | MBOX6C0 |       11868720 |              0 |              0 |              0 |              0 |              0 |              0 |              0 |              0 |              0 |              0 |              0 |              0 |              0 |              0 |              0 |              0 |              0 |
|               CAS_COUNT_WR               | MBOX6C1 |       12970181 |              0 |              0 |              0 |              0 |              0 |              0 |              0 |              0 |              0 |              0 |              0 |              0 |              0 |              0 |              0 |              0 |              0 |
|               CAS_COUNT_RD               | MBOX7C0 |       11564263 |              0 |              0 |              0 |              0 |              0 |              0 |              0 |              0 |              0 |              0 |              0 |              0 |              0 |              0 |              0 |              0 |              0 |
|               CAS_COUNT_WR               | MBOX7C1 |       12679963 |              0 |              0 |              0 |              0 |              0 |              0 |              0 |              0 |              0 |              0 |              0 |              0 |              0 |              0 |              0 |              0 |              0 |
+------------------------------------------+---------+----------------+----------------+----------------+----------------+----------------+----------------+----------------+----------------+----------------+----------------+----------------+----------------+----------------+----------------+----------------+----------------+----------------+----------------+

+-----------------------------------------------+---------+-----------------+----------------+----------------+---------------+
|                     Event                     | Counter |       Sum       |       Min      |       Max      |      Avg      |
+-----------------------------------------------+---------+-----------------+----------------+----------------+---------------+
|             INSTR_RETIRED_ANY STAT            |  FIXC0  | 137607438092364 |  7355992199458 |  8985645952785 | 7644857671798 |
|           CPU_CLK_UNHALTED_CORE STAT          |  FIXC1  | 114599995789065 |  6363670173136 |  6367922664316 |  6.366666e+12 |
|           CPU_CLK_UNHALTED_REF STAT           |  FIXC2  | 114599978276736 |  6363669127680 |  6367920628704 |  6.366665e+12 |
|               TOPDOWN_SLOTS STAT              |  FIXC3  | 572999978945325 | 31818350865680 | 31839613321580 |      nil      |
|              PWR_PKG_ENERGY STAT              |   PWR0  |     424966.4050 |              0 |    424966.4050 |    23609.2447 |
|              PWR_DRAM_ENERGY STAT             |   PWR3  |      38582.4937 |              0 |     38582.4937 |     2143.4719 |
| FP_ARITH_INST_RETIRED_128B_PACKED_DOUBLE STAT |   PMC0  |               0 |              0 |              0 |             0 |
|    FP_ARITH_INST_RETIRED_SCALAR_DOUBLE STAT   |   PMC1  |  64773689970971 |  3584187023365 |  3605714556733 |  3.598538e+12 |
| FP_ARITH_INST_RETIRED_256B_PACKED_DOUBLE STAT |   PMC2  |               0 |              0 |              0 |             0 |
| FP_ARITH_INST_RETIRED_512B_PACKED_DOUBLE STAT |   PMC3  |   1378118229477 |    75181466250 |    77293972635 |  7.656212e+10 |
|               CAS_COUNT_RD STAT               | MBOX0C0 |    374004046024 |              0 |   374004046024 |  2.077800e+10 |
|               CAS_COUNT_WR STAT               | MBOX0C1 |    195017865335 |              0 |   195017865335 |  1.083433e+10 |
|               CAS_COUNT_RD STAT               | MBOX1C0 |    373909940437 |              0 |   373909940437 |  2.077277e+10 |
|               CAS_COUNT_WR STAT               | MBOX1C1 |    194996423791 |              0 |   194996423791 |  1.083313e+10 |
|               CAS_COUNT_RD STAT               | MBOX2C0 |    373994740558 |              0 |   373994740558 |  2.077749e+10 |
|               CAS_COUNT_WR STAT               | MBOX2C1 |    195025195355 |              0 |   195025195355 |  1.083473e+10 |
|               CAS_COUNT_RD STAT               | MBOX3C0 |    374029701039 |              0 |   374029701039 |  2.077943e+10 |
|               CAS_COUNT_WR STAT               | MBOX3C1 |    195011551274 |              0 |   195011551274 |  1.083398e+10 |
|               CAS_COUNT_RD STAT               | MBOX4C0 |        11578671 |              0 |       11578671 |   643259.5000 |
|               CAS_COUNT_WR STAT               | MBOX4C1 |        12576698 |              0 |       12576698 |   698705.4444 |
|               CAS_COUNT_RD STAT               | MBOX5C0 |        11595629 |              0 |       11595629 |   644201.6111 |
|               CAS_COUNT_WR STAT               | MBOX5C1 |        12659525 |              0 |       12659525 |   703306.9444 |
|               CAS_COUNT_RD STAT               | MBOX6C0 |        11868720 |              0 |       11868720 |   659373.3333 |
|               CAS_COUNT_WR STAT               | MBOX6C1 |        12970181 |              0 |       12970181 |   720565.6111 |
|               CAS_COUNT_RD STAT               | MBOX7C0 |        11564263 |              0 |       11564263 |   642459.0556 |
|               CAS_COUNT_WR STAT               | MBOX7C1 |        12679963 |              0 |       12679963 |   704442.3889 |
+-----------------------------------------------+---------+-----------------+----------------+----------------+---------------+

+-----------------------------------+-------------+-----------+-----------+-----------+-----------+-----------+-----------+-----------+-----------+-----------+-------------+-------------+-------------+-------------+-------------+-------------+-------------+-------------+
|               Metric              |  f0608:0:0  | f0608:1:1 | f0608:2:2 | f0608:3:3 | f0608:4:4 | f0608:5:5 | f0608:6:6 | f0608:7:7 | f0608:8:8 | f0608:9:9 | f0608:10:10 | f0608:11:11 | f0608:12:12 | f0608:13:13 | f0608:14:14 | f0608:15:15 | f0608:16:16 | f0608:17:17 |
+-----------------------------------+-------------+-----------+-----------+-----------+-----------+-----------+-----------+-----------+-----------+-----------+-------------+-------------+-------------+-------------+-------------+-------------+-------------+-------------+
|        Runtime (RDTSC) [s]        |   2668.5130 | 2668.6040 | 2668.5220 | 2668.5960 | 2668.5270 | 2668.5380 | 2668.5240 | 2668.6240 | 2668.8910 | 2668.8330 |   2668.6360 |   2668.5580 |   2668.6370 |   2668.5130 |   2668.5180 |   2668.5260 |   2668.5170 |   2668.5380 |
|        Runtime unhalted [s]       |   2657.8211 | 2659.2787 | 2659.1487 | 2658.4776 | 2659.2696 | 2659.5325 | 2658.9248 | 2659.4829 | 2659.5413 | 2659.8684 |   2659.5447 |   2659.4445 |   2658.5070 |   2658.5731 |   2658.7766 |   2659.1024 |   2659.5692 |   2659.3050 |
|            Clock [MHz]            |   2394.3189 | 2394.3148 | 2394.3123 | 2394.3184 | 2394.3149 | 2394.3153 | 2394.3201 | 2394.2730 | 2393.9996 | 2394.0751 |   2394.2277 |   2394.3110 |   2394.2940 |   2394.3148 |   2394.3157 |   2394.3140 |   2394.3112 |   2394.3114 |
|                CPI                |      0.8583 |    0.8638 |    0.8572 |    0.8386 |    0.8228 |    0.8537 |    0.8655 |    0.8488 |    0.8652 |    0.8574 |      0.7561 |      0.8332 |      0.8248 |      0.7084 |      0.8574 |      0.8609 |      0.7992 |      0.8595 |
|             Energy [J]            | 424966.4050 |         0 |         0 |         0 |         0 |         0 |         0 |         0 |         0 |         0 |           0 |           0 |           0 |           0 |           0 |           0 |           0 |           0 |
|             Power [W]             |    159.2521 |         0 |         0 |         0 |         0 |         0 |         0 |         0 |         0 |         0 |           0 |           0 |           0 |           0 |           0 |           0 |           0 |           0 |
|          Energy DRAM [J]          |  38582.4937 |         0 |         0 |         0 |         0 |         0 |         0 |         0 |         0 |         0 |           0 |           0 |           0 |           0 |           0 |           0 |           0 |           0 |
|           Power DRAM [W]          |     14.4584 |         0 |         0 |         0 |         0 |         0 |         0 |         0 |         0 |         0 |           0 |           0 |           0 |           0 |           0 |           0 |           0 |           0 |
|            DP [MFLOP/s]           |   1582.9289 | 1568.4750 | 1582.7875 | 1582.7436 | 1568.5203 | 1582.7780 | 1582.7864 | 1568.4633 | 1582.5687 | 1582.6031 |   1568.4562 |   1582.7662 |   1582.7193 |   1568.5285 |   1582.7899 |   1582.7852 |   1568.5262 |   1582.7780 |
|          AVX DP [MFLOP/s]         |    231.7215 |  225.3807 |  231.5849 |  231.5785 |  225.3872 |  231.5835 |  231.5847 |  225.3790 |  231.5529 |  231.5579 |    225.3780 |    231.5818 |    231.5749 |    225.3883 |    231.5853 |    231.5846 |    225.3880 |    231.5835 |
|          Packed [MUOPS/s]         |     28.9652 |   28.1726 |   28.9481 |   28.9473 |   28.1734 |   28.9479 |   28.9481 |   28.1724 |   28.9441 |   28.9447 |     28.1722 |     28.9477 |     28.9469 |     28.1735 |     28.9482 |     28.9481 |     28.1735 |     28.9479 |
|          Scalar [MUOPS/s]         |   1351.2074 | 1343.0944 | 1351.2026 | 1351.1652 | 1343.1331 | 1351.1945 | 1351.2016 | 1343.0843 | 1351.0158 | 1351.0452 |   1343.0783 |   1351.1844 |   1351.1444 |   1343.1402 |   1351.2046 |   1351.2006 |   1343.1382 |   1351.1945 |
|  Memory read bandwidth [MBytes/s] |  35878.7993 |         0 |         0 |         0 |         0 |         0 |         0 |         0 |         0 |         0 |           0 |           0 |           0 |           0 |           0 |           0 |           0 |           0 |
|  Memory read data volume [GBytes] |  95743.0423 |         0 |         0 |         0 |         0 |         0 |         0 |         0 |         0 |         0 |           0 |           0 |           0 |           0 |           0 |           0 |           0 |           0 |
| Memory write bandwidth [MBytes/s] |  18709.4921 |         0 |         0 |         0 |         0 |         0 |         0 |         0 |         0 |         0 |           0 |           0 |           0 |           0 |           0 |           0 |           0 |           0 |
| Memory write data volume [GBytes] |  49926.5230 |         0 |         0 |         0 |         0 |         0 |         0 |         0 |         0 |         0 |           0 |           0 |           0 |           0 |           0 |           0 |           0 |           0 |
|    Memory bandwidth [MBytes/s]    |  54588.2914 |         0 |         0 |         0 |         0 |         0 |         0 |         0 |         0 |         0 |           0 |           0 |           0 |           0 |           0 |           0 |           0 |           0 |
|    Memory data volume [GBytes]    | 145669.5653 |         0 |         0 |         0 |         0 |         0 |         0 |         0 |         0 |         0 |           0 |           0 |           0 |           0 |           0 |           0 |           0 |           0 |
|       Operational intensity       |      0.0290 |         0 |         0 |         0 |         0 |         0 |         0 |         0 |         0 |         0 |           0 |           0 |           0 |           0 |           0 |           0 |           0 |           0 |
+-----------------------------------+-------------+-----------+-----------+-----------+-----------+-----------+-----------+-----------+-----------+-----------+-------------+-------------+-------------+-------------+-------------+-------------+-------------+-------------+

+----------------------------------------+-------------+-----------+-------------+------------+-----------+-----------+-----------+
|                 Metric                 |     Sum     |    Min    |     Max     |     Avg    |  %ile 25  |  %ile 50  |  %ile 75  |
+----------------------------------------+-------------+-----------+-------------+------------+-----------+-----------+-----------+
|        Runtime (RDTSC) [s] STAT        |  48034.6150 | 2668.5130 |   2668.8910 |  2668.5897 | 2668.5220 | 2668.5380 | 2668.6240 |
|        Runtime unhalted [s] STAT       |  47864.1681 | 2657.8211 |   2659.8684 |  2659.1204 | 2658.7766 | 2659.2696 | 2659.5325 |
|            Clock [MHz] STAT            |  43096.9622 | 2393.9996 |   2394.3201 |  2394.2757 | 2394.2940 | 2394.3123 | 2394.3153 |
|                CPI STAT                |     15.0308 |    0.7084 |      0.8655 |     0.8350 |    0.8248 |    0.8537 |    0.8595 |
|             Energy [J] STAT            | 424966.4050 |         0 | 424966.4050 | 23609.2447 |         0 |         0 |         0 |
|             Power [W] STAT             |    159.2521 |         0 |    159.2521 |     8.8473 |         0 |         0 |         0 |
|          Energy DRAM [J] STAT          |  38582.4937 |         0 |  38582.4937 |  2143.4719 |         0 |         0 |         0 |
|           Power DRAM [W] STAT          |     14.4584 |         0 |     14.4584 |     0.8032 |         0 |         0 |         0 |
|            DP [MFLOP/s] STAT           |  28404.0043 | 1568.4562 |   1582.9289 |  1578.0002 | 1568.5262 | 1582.7193 | 1582.7852 |
|          AVX DP [MFLOP/s] STAT         |   4131.3752 |  225.3780 |    231.7215 |   229.5208 |  225.3880 |  231.5749 |  231.5846 |
|          Packed [MUOPS/s] STAT         |    516.4218 |   28.1722 |     28.9652 |    28.6901 |   28.1735 |   28.9469 |   28.9481 |
|          Scalar [MUOPS/s] STAT         |  24272.6293 | 1343.0783 |   1351.2074 |  1348.4794 | 1343.1382 | 1351.1444 | 1351.2006 |
|  Memory read bandwidth [MBytes/s] STAT |  35878.7993 |         0 |  35878.7993 |  1993.2666 |         0 |         0 |         0 |
|  Memory read data volume [GBytes] STAT |  95743.0423 |         0 |  95743.0423 |  5319.0579 |         0 |         0 |         0 |
| Memory write bandwidth [MBytes/s] STAT |  18709.4921 |         0 |  18709.4921 |  1039.4162 |         0 |         0 |         0 |
| Memory write data volume [GBytes] STAT |  49926.5230 |         0 |  49926.5230 |  2773.6957 |         0 |         0 |         0 |
|    Memory bandwidth [MBytes/s] STAT    |  54588.2914 |         0 |  54588.2914 |  3032.6829 |         0 |         0 |         0 |
|    Memory data volume [GBytes] STAT    | 145669.5653 |         0 | 145669.5653 |  8092.7536 |         0 |         0 |         0 |
|       Operational intensity STAT       |      0.0290 |         0 |      0.0290 |     0.0016 |         0 |         0 |         0 |
+----------------------------------------+-------------+-----------+-------------+------------+-----------+-----------+-----------+

