WARN: Cannot extract OpenMP vendor from executable or commandline, assuming no OpenMP
 nx_glob, nz_glob:                  3000                  1250
 dx,dz:    8.00000000000000        8.00000000000000     
 dt:   2.666666666666666E-002
Group: 1
+------------------------------------------+---------+----------------+----------------+----------------+----------------+----------------+----------------+----------------+----------------+----------------+----------------+----------------+----------------+----------------+----------------+
|                   Event                  | Counter |    f0608:0:0   |    f0608:1:1   |    f0608:2:2   |    f0608:3:3   |    f0608:4:4   |    f0608:5:5   |    f0608:6:6   |    f0608:7:7   |    f0608:8:8   |    f0608:9:9   |   f0608:10:10  |   f0608:11:11  |   f0608:12:12  |   f0608:13:13  |
+------------------------------------------+---------+----------------+----------------+----------------+----------------+----------------+----------------+----------------+----------------+----------------+----------------+----------------+----------------+----------------+----------------+
|             INSTR_RETIRED_ANY            |  FIXC0  |  9454232074848 |  9432817379415 |  9419987964880 |  9624779796808 | 10375884992827 |  9660848346808 |  9545832667152 |  9664616860924 |  9413680169907 |  9581608488476 | 10072581886755 |  9428425847776 |  9559906272617 | 10036054455765 |
|           CPU_CLK_UNHALTED_CORE          |  FIXC1  |  7489785370077 |  7492263851682 |  7493266089276 |  7491551873672 |  7492458331703 |  7492088395732 |  7491410650296 |  7492017530908 |  7493353784678 |  7492766685988 |  7492714181864 |  7493762425224 |  7492758247152 |  7493033679890 |
|           CPU_CLK_UNHALTED_REF           |  FIXC2  |  7489784100096 |  7492262399616 |  7493262572832 |  7491551457888 |  7492456940640 |  7492086366912 |  7491409546176 |  7492020346560 |  7493350972800 |  7492764690624 |  7492712231136 |  7493762648544 |  7492767552384 |  7493030954304 |
|               TOPDOWN_SLOTS              |  FIXC3  | 37448926850385 | 37461319258410 | 37466330446380 | 37457759368360 | 37462291658515 | 37460441978660 | 37457053251480 | 37460087654540 | 37466768923390 | 37463833429940 | 37463570909320 | 37468812126120 | 37463791235760 | 37465168399450 |
|              PWR_PKG_ENERGY              |   PWR0  |    466803.8494 |              0 |              0 |              0 |              0 |              0 |              0 |              0 |              0 |              0 |              0 |              0 |              0 |              0 |
|              PWR_DRAM_ENERGY             |   PWR3  |     42606.3009 |              0 |              0 |              0 |              0 |              0 |              0 |              0 |              0 |              0 |              0 |              0 |              0 |              0 |
| FP_ARITH_INST_RETIRED_128B_PACKED_DOUBLE |   PMC0  |              0 |              0 |              0 |              0 |              0 |              0 |              0 |              0 |              0 |              0 |              0 |              0 |              0 |              0 |
|    FP_ARITH_INST_RETIRED_SCALAR_DOUBLE   |   PMC1  |  4617478110315 |  4639004362626 |  4617477486814 |  4617477482982 |  4617477485720 |  4639004370412 |  4617477479177 |  4617477482964 |  4639004360148 |  4617477455546 |  4617477470424 |  4617477479508 |  4639004360040 |  4617477470924 |
| FP_ARITH_INST_RETIRED_256B_PACKED_DOUBLE |   PMC2  |              0 |              0 |              0 |              0 |              0 |              0 |              0 |              0 |              0 |              0 |              0 |              0 |              0 |              0 |
| FP_ARITH_INST_RETIRED_512B_PACKED_DOUBLE |   PMC3  |    92440025763 |    94461943122 |    92394731250 |    92394731250 |    92394731250 |    94461943122 |    92394731250 |    92394731250 |    94461943122 |    92394731250 |    92394731250 |    92394731250 |    94461943122 |    92394731250 |
|               CAS_COUNT_RD               | MBOX0C0 |   386158990598 |              0 |              0 |              0 |              0 |              0 |              0 |              0 |              0 |              0 |              0 |              0 |              0 |              0 |
|               CAS_COUNT_WR               | MBOX0C1 |   193009204585 |              0 |              0 |              0 |              0 |              0 |              0 |              0 |              0 |              0 |              0 |              0 |              0 |              0 |
|               CAS_COUNT_RD               | MBOX1C0 |   386068128889 |              0 |              0 |              0 |              0 |              0 |              0 |              0 |              0 |              0 |              0 |              0 |              0 |              0 |
|               CAS_COUNT_WR               | MBOX1C1 |   192985244003 |              0 |              0 |              0 |              0 |              0 |              0 |              0 |              0 |              0 |              0 |              0 |              0 |              0 |
|               CAS_COUNT_RD               | MBOX2C0 |   386109275451 |              0 |              0 |              0 |              0 |              0 |              0 |              0 |              0 |              0 |              0 |              0 |              0 |              0 |
|               CAS_COUNT_WR               | MBOX2C1 |   193007581413 |              0 |              0 |              0 |              0 |              0 |              0 |              0 |              0 |              0 |              0 |              0 |              0 |              0 |
|               CAS_COUNT_RD               | MBOX3C0 |   386102719263 |              0 |              0 |              0 |              0 |              0 |              0 |              0 |              0 |              0 |              0 |              0 |              0 |              0 |
|               CAS_COUNT_WR               | MBOX3C1 |   192995699421 |              0 |              0 |              0 |              0 |              0 |              0 |              0 |              0 |              0 |              0 |              0 |              0 |              0 |
|               CAS_COUNT_RD               | MBOX4C0 |       13681931 |              0 |              0 |              0 |              0 |              0 |              0 |              0 |              0 |              0 |              0 |              0 |              0 |              0 |
|               CAS_COUNT_WR               | MBOX4C1 |       14843655 |              0 |              0 |              0 |              0 |              0 |              0 |              0 |              0 |              0 |              0 |              0 |              0 |              0 |
|               CAS_COUNT_RD               | MBOX5C0 |       13763522 |              0 |              0 |              0 |              0 |              0 |              0 |              0 |              0 |              0 |              0 |              0 |              0 |              0 |
|               CAS_COUNT_WR               | MBOX5C1 |       14754972 |              0 |              0 |              0 |              0 |              0 |              0 |              0 |              0 |              0 |              0 |              0 |              0 |              0 |
|               CAS_COUNT_RD               | MBOX6C0 |       14150767 |              0 |              0 |              0 |              0 |              0 |              0 |              0 |              0 |              0 |              0 |              0 |              0 |              0 |
|               CAS_COUNT_WR               | MBOX6C1 |       15109825 |              0 |              0 |              0 |              0 |              0 |              0 |              0 |              0 |              0 |              0 |              0 |              0 |              0 |
|               CAS_COUNT_RD               | MBOX7C0 |       13577800 |              0 |              0 |              0 |              0 |              0 |              0 |              0 |              0 |              0 |              0 |              0 |              0 |              0 |
|               CAS_COUNT_WR               | MBOX7C1 |       14850724 |              0 |              0 |              0 |              0 |              0 |              0 |              0 |              0 |              0 |              0 |              0 |              0 |              0 |
+------------------------------------------+---------+----------------+----------------+----------------+----------------+----------------+----------------+----------------+----------------+----------------+----------------+----------------+----------------+----------------+----------------+

+-----------------------------------------------+---------+-----------------+----------------+----------------+---------------+
|                     Event                     | Counter |       Sum       |       Min      |       Max      |      Avg      |
+-----------------------------------------------+---------+-----------------+----------------+----------------+---------------+
|             INSTR_RETIRED_ANY STAT            |  FIXC0  | 135271257204958 |  9413680169907 | 10375884992827 | 9662232657497 |
|           CPU_CLK_UNHALTED_CORE STAT          |  FIXC1  | 104893231098142 |  7489785370077 |  7493762425224 |  7.492374e+12 |
|           CPU_CLK_UNHALTED_REF STAT           |  FIXC2  | 104893222780512 |  7489784100096 |  7493762648544 |  7.492373e+12 |
|               TOPDOWN_SLOTS STAT              |  FIXC3  | 524466155490710 | 37448926850385 | 37468812126120 |      nil      |
|              PWR_PKG_ENERGY STAT              |   PWR0  |     466803.8494 |              0 |    466803.8494 |    33343.1321 |
|              PWR_DRAM_ENERGY STAT             |   PWR3  |      42606.3009 |              0 |     42606.3009 |     3043.3072 |
| FP_ARITH_INST_RETIRED_128B_PACKED_DOUBLE STAT |   PMC0  |               0 |              0 |              0 |             0 |
|    FP_ARITH_INST_RETIRED_SCALAR_DOUBLE STAT   |   PMC1  |  64730792857600 |  4617477455546 |  4639004370412 |  4.623628e+12 |
| FP_ARITH_INST_RETIRED_256B_PACKED_DOUBLE STAT |   PMC2  |               0 |              0 |              0 |             0 |
| FP_ARITH_INST_RETIRED_512B_PACKED_DOUBLE STAT |   PMC3  |   1301840379501 |    92394731250 |    94461943122 |  9.298860e+10 |
|               CAS_COUNT_RD STAT               | MBOX0C0 |    386158990598 |              0 |   386158990598 |  2.758279e+10 |
|               CAS_COUNT_WR STAT               | MBOX0C1 |    193009204585 |              0 |   193009204585 |  1.378637e+10 |
|               CAS_COUNT_RD STAT               | MBOX1C0 |    386068128889 |              0 |   386068128889 |  2.757629e+10 |
|               CAS_COUNT_WR STAT               | MBOX1C1 |    192985244003 |              0 |   192985244003 |  1.378466e+10 |
|               CAS_COUNT_RD STAT               | MBOX2C0 |    386109275451 |              0 |   386109275451 |  2.757923e+10 |
|               CAS_COUNT_WR STAT               | MBOX2C1 |    193007581413 |              0 |   193007581413 |  1.378626e+10 |
|               CAS_COUNT_RD STAT               | MBOX3C0 |    386102719263 |              0 |   386102719263 |  2.757877e+10 |
|               CAS_COUNT_WR STAT               | MBOX3C1 |    192995699421 |              0 |   192995699421 |  1.378541e+10 |
|               CAS_COUNT_RD STAT               | MBOX4C0 |        13681931 |              0 |       13681931 |   977280.7857 |
|               CAS_COUNT_WR STAT               | MBOX4C1 |        14843655 |              0 |       14843655 |  1.060261e+06 |
|               CAS_COUNT_RD STAT               | MBOX5C0 |        13763522 |              0 |       13763522 |   983108.7143 |
|               CAS_COUNT_WR STAT               | MBOX5C1 |        14754972 |              0 |       14754972 |  1.053927e+06 |
|               CAS_COUNT_RD STAT               | MBOX6C0 |        14150767 |              0 |       14150767 |  1.010769e+06 |
|               CAS_COUNT_WR STAT               | MBOX6C1 |        15109825 |              0 |       15109825 |  1.079273e+06 |
|               CAS_COUNT_RD STAT               | MBOX7C0 |        13577800 |              0 |       13577800 |   969842.8571 |
|               CAS_COUNT_WR STAT               | MBOX7C1 |        14850724 |              0 |       14850724 |       1060766 |
+-----------------------------------------------+---------+-----------------+----------------+----------------+---------------+

+-----------------------------------+-------------+-----------+-----------+-----------+-----------+-----------+-----------+-----------+-----------+-----------+-------------+-------------+-------------+-------------+
|               Metric              |  f0608:0:0  | f0608:1:1 | f0608:2:2 | f0608:3:3 | f0608:4:4 | f0608:5:5 | f0608:6:6 | f0608:7:7 | f0608:8:8 | f0608:9:9 | f0608:10:10 | f0608:11:11 | f0608:12:12 | f0608:13:13 |
+-----------------------------------+-------------+-----------+-----------+-----------+-----------+-----------+-----------+-----------+-----------+-----------+-------------+-------------+-------------+-------------+
|        Runtime (RDTSC) [s]        |   3138.7920 | 3138.6130 | 3138.6150 | 3138.6310 | 3138.6470 | 3138.7020 | 3139.1840 | 3138.6300 | 3139.1750 | 3139.0700 |   3138.5930 |   3138.6080 |   3138.7570 |   3138.6050 |
|        Runtime unhalted [s]       |   3128.3300 | 3129.1902 | 3129.6133 | 3128.8937 | 3129.2753 | 3129.1479 | 3129.3950 | 3129.1174 | 3130.2047 | 3129.8630 |   3129.3719 |   3129.8097 |   3129.5194 |   3129.5084 |
|            Clock [MHz]            |   2394.1805 | 2394.3145 | 2394.3117 | 2394.3135 | 2394.3115 | 2394.2909 | 2393.8850 | 2394.2901 | 2393.8871 | 2393.9606 |   2394.3195 |   2394.3188 |   2394.2171 |   2394.3174 |
|                CPI                |      0.7922 |    0.7943 |    0.7955 |    0.7784 |    0.7221 |    0.7755 |    0.7848 |    0.7752 |    0.7960 |    0.7820 |      0.7439 |      0.7948 |      0.7838 |      0.7466 |
|             Energy [J]            | 466803.8494 |         0 |         0 |         0 |         0 |         0 |         0 |         0 |         0 |         0 |           0 |           0 |           0 |           0 |
|             Power [W]             |    148.7209 |         0 |         0 |         0 |         0 |         0 |         0 |         0 |         0 |         0 |           0 |           0 |           0 |           0 |
|          Energy DRAM [J]          |  42606.3009 |         0 |         0 |         0 |         0 |         0 |         0 |         0 |         0 |         0 |           0 |           0 |           0 |           0 |
|           Power DRAM [W]          |     13.5741 |         0 |         0 |         0 |         0 |         0 |         0 |         0 |         0 |         0 |           0 |           0 |           0 |           0 |
|            DP [MFLOP/s]           |   1706.7070 | 1718.8165 | 1706.6876 | 1706.6789 | 1706.6702 | 1718.7678 | 1706.3783 | 1706.6795 | 1718.5088 | 1706.4402 |   1706.6996 |   1706.6914 |   1718.7377 |   1706.6930 |
|          AVX DP [MFLOP/s]         |    235.6066 |  240.7737 |  235.5045 |  235.5033 |  235.5021 |  240.7669 |  235.4618 |  235.5033 |  240.7306 |  235.4703 |    235.5061 |    235.5050 |    240.7627 |    235.5052 |
|          Packed [MUOPS/s]         |     29.4508 |   30.0967 |   29.4381 |   29.4379 |   29.4378 |   30.0959 |   29.4327 |   29.4379 |   30.0913 |   29.4338 |     29.4383 |     29.4381 |     30.0953 |     29.4382 |
|          Scalar [MUOPS/s]         |   1471.1004 | 1478.0428 | 1471.1831 | 1471.1756 | 1471.1681 | 1478.0009 | 1470.9165 | 1471.1761 | 1477.7782 | 1470.9699 |   1471.1935 |   1471.1864 |   1477.9750 |   1471.1878 |
|  Memory read bandwidth [MBytes/s] |  31492.2538 |         0 |         0 |         0 |         0 |         0 |         0 |         0 |         0 |         0 |           0 |           0 |           0 |           0 |
|  Memory read data volume [GBytes] |  98847.6344 |         0 |         0 |         0 |         0 |         0 |         0 |         0 |         0 |         0 |           0 |           0 |           0 |           0 |
| Memory write bandwidth [MBytes/s] |  15742.2558 |         0 |         0 |         0 |         0 |         0 |         0 |         0 |         0 |         0 |           0 |           0 |           0 |           0 |
| Memory write data volume [GBytes] |  49411.6665 |         0 |         0 |         0 |         0 |         0 |         0 |         0 |         0 |         0 |           0 |           0 |           0 |           0 |
|    Memory bandwidth [MBytes/s]    |  47234.5096 |         0 |         0 |         0 |         0 |         0 |         0 |         0 |         0 |         0 |           0 |           0 |           0 |           0 |
|    Memory data volume [GBytes]    | 148259.3009 |         0 |         0 |         0 |         0 |         0 |         0 |         0 |         0 |         0 |           0 |           0 |           0 |           0 |
|       Operational intensity       |      0.0361 |         0 |         0 |         0 |         0 |         0 |         0 |         0 |         0 |         0 |           0 |           0 |           0 |           0 |
+-----------------------------------+-------------+-----------+-----------+-----------+-----------+-----------+-----------+-----------+-----------+-----------+-------------+-------------+-------------+-------------+

+----------------------------------------+-------------+-----------+-------------+------------+-----------+-----------+-----------+
|                 Metric                 |     Sum     |    Min    |     Max     |     Avg    |  %ile 25  |  %ile 50  |  %ile 75  |
+----------------------------------------+-------------+-----------+-------------+------------+-----------+-----------+-----------+
|        Runtime (RDTSC) [s] STAT        |  43942.6220 | 3138.5930 |   3139.1840 |  3138.7587 | 3138.6130 | 3138.6310 | 3138.7920 |
|        Runtime unhalted [s] STAT       |  43811.2399 | 3128.3300 |   3130.2047 |  3129.3743 | 3129.1479 | 3129.3719 | 3129.6133 |
|            Clock [MHz] STAT            |  33518.9182 | 2393.8850 |   2394.3195 |  2394.2084 | 2394.1805 | 2394.2909 | 2394.3145 |
|                CPI STAT                |     10.8651 |    0.7221 |      0.7960 |     0.7761 |    0.7752 |    0.7820 |    0.7943 |
|             Energy [J] STAT            | 466803.8494 |         0 | 466803.8494 | 33343.1321 |         0 |         0 |         0 |
|             Power [W] STAT             |    148.7209 |         0 |    148.7209 |    10.6229 |         0 |         0 |         0 |
|          Energy DRAM [J] STAT          |  42606.3009 |         0 |  42606.3009 |  3043.3072 |         0 |         0 |         0 |
|           Power DRAM [W] STAT          |     13.5741 |         0 |     13.5741 |     0.9696 |         0 |         0 |         0 |
|            DP [MFLOP/s] STAT           |  23941.1565 | 1706.3783 |   1718.8165 |  1710.0826 | 1706.6789 | 1706.6914 | 1718.5088 |
|          AVX DP [MFLOP/s] STAT         |   3318.1021 |  235.4618 |    240.7737 |   237.0073 |  235.5033 |  235.5050 |  240.7306 |
|          Packed [MUOPS/s] STAT         |    414.7628 |   29.4327 |     30.0967 |    29.6259 |   29.4379 |   29.4381 |   30.0913 |
|          Scalar [MUOPS/s] STAT         |  20623.0543 | 1470.9165 |   1478.0428 |  1473.0753 | 1471.1681 | 1471.1831 | 1477.7782 |
|  Memory read bandwidth [MBytes/s] STAT |  31492.2538 |         0 |  31492.2538 |  2249.4467 |         0 |         0 |         0 |
|  Memory read data volume [GBytes] STAT |  98847.6344 |         0 |  98847.6344 |  7060.5453 |         0 |         0 |         0 |
| Memory write bandwidth [MBytes/s] STAT |  15742.2558 |         0 |  15742.2558 |  1124.4468 |         0 |         0 |         0 |
| Memory write data volume [GBytes] STAT |  49411.6665 |         0 |  49411.6665 |  3529.4048 |         0 |         0 |         0 |
|    Memory bandwidth [MBytes/s] STAT    |  47234.5096 |         0 |  47234.5096 |  3373.8935 |         0 |         0 |         0 |
|    Memory data volume [GBytes] STAT    | 148259.3009 |         0 | 148259.3009 | 10589.9501 |         0 |         0 |         0 |
|       Operational intensity STAT       |      0.0361 |         0 |      0.0361 |     0.0026 |         0 |         0 |         0 |
+----------------------------------------+-------------+-----------+-------------+------------+-----------+-----------+-----------+

