WARN: Cannot extract OpenMP vendor from executable or commandline, assuming no OpenMP
 nx_glob, nz_glob:                  3000                  1250
 dx,dz:    8.00000000000000        8.00000000000000     
 dt:   2.666666666666666E-002
Group: 1
+------------------------------------------+---------+----------------+----------------+----------------+----------------+----------------+----------------+----------------+----------------+----------------+----------------+----------------+----------------+----------------+----------------+----------------+----------------+----------------+----------------+----------------+----------------+----------------+----------------+----------------+----------------+----------------+----------------+----------------+----------------+----------------+----------------+----------------+----------------+----------------+----------------+----------------+----------------+----------------+----------------+
|                   Event                  | Counter |    f0608:0:0   |    f0608:1:1   |    f0608:2:2   |    f0608:3:3   |    f0608:4:4   |    f0608:5:5   |    f0608:6:6   |    f0608:7:7   |    f0608:8:8   |    f0608:9:9   |   f0608:10:10  |   f0608:11:11  |   f0608:12:12  |   f0608:13:13  |   f0608:14:14  |   f0608:15:15  |   f0608:16:16  |   f0608:17:17  |   f0608:18:18  |   f0608:19:19  |   f0608:20:20  |   f0608:21:21  |   f0608:22:22  |   f0608:23:23  |   f0608:24:24  |   f0608:25:25  |   f0608:26:26  |   f0608:27:27  |   f0608:28:28  |   f0608:29:29  |   f0608:30:30  |   f0608:31:31  |   f0608:32:32  |   f0608:33:33  |   f0608:34:34  |   f0608:35:35  |   f0608:36:36  |   f0608:37:37  |
+------------------------------------------+---------+----------------+----------------+----------------+----------------+----------------+----------------+----------------+----------------+----------------+----------------+----------------+----------------+----------------+----------------+----------------+----------------+----------------+----------------+----------------+----------------+----------------+----------------+----------------+----------------+----------------+----------------+----------------+----------------+----------------+----------------+----------------+----------------+----------------+----------------+----------------+----------------+----------------+----------------+
|             INSTR_RETIRED_ANY            |  FIXC0  |  5847505843026 |  5602659043866 |  5741241513347 |  5763932652746 |  5762786999009 |  5870131080794 |  5786590803031 |  6045630349029 |  5911262152100 |  6052114324643 |  5938270992738 |  6028477750185 |  6018875439019 |  5952820442867 |  5749321934882 |  5880457967308 |  5760853406812 |  5905926972464 |  5027155044301 |  4012780270682 |  3677413897077 |  3751536105206 |  3618225498006 |  3862240412670 |  3666865278472 |  3820266751875 |  4126285882240 |  4735224954715 |  4462006854490 |  3707708086853 |  3606139596172 |  3620675613080 |  3673250715522 |  3610041120472 |  3996391991906 |  3888390793782 |  7803363622482 |  7823085829524 |
|           CPU_CLK_UNHALTED_CORE          |  FIXC1  |  3068219465393 |  3070437472406 |  3070092501728 |  3069826659838 |  3070130711952 |  3069982016525 |  3069939711782 |  3070262722957 |  3070535167003 |  3070457708999 |  3070280921433 |  3070246255504 |  3070205230003 |  3070211835700 |  3070053638369 |  3070644547663 |  3070291852116 |  3070704001076 |  3070334307024 |  3068740922075 |  3069034380080 |  3069082029140 |  3068457812463 |  3068571960333 |  3067843977329 |  3068412103860 |  3068564802771 |  3068972708674 |  3069395348718 |  3069295016218 |  3068642812773 |  3068979969389 |  3068732309400 |  3068984700627 |  3069636411144 |  3068777390875 |  3073384250610 |  3071024926051 |
|           CPU_CLK_UNHALTED_REF           |  FIXC2  |  3068222335680 |  3070437428544 |  3070091439360 |  3069824929248 |  3070129682880 |  3069981015552 |  3069939599232 |  3070261996416 |  3070532320320 |  3070455771552 |  3070280769792 |  3070246831968 |  3070205159040 |  3070211746848 |  3070051907712 |  3070646860416 |  3070294252896 |  3070705975008 |  3070333983744 |  3068743452672 |  3069036929664 |  3069083928000 |  3068458670688 |  3068573013504 |  3067846024032 |  3068413944768 |  3068567275872 |  3068973155808 |  3069397654080 |  3069296919264 |  3068643334656 |  3068980826016 |  3068734603200 |  3068985358464 |  3069636219456 |  3068778914976 |  3073381355520 |  3071022792096 |
|               TOPDOWN_SLOTS              |  FIXC3  | 15341097326965 | 15352187362030 | 15350462508640 | 15349133299190 | 15350653559760 | 15349910082625 | 15349698558910 | 15351313614785 | 15352675835015 | 15352288544995 | 15351404607165 | 15351231277520 | 15351026150015 | 15351059178500 | 15350268191845 | 15353222738315 | 15351459260580 | 15353520005380 | 15351671535120 | 15343704610375 | 15345171900400 | 15345410145700 | 15342289062315 | 15342859801665 | 15339219886645 | 15342060519300 | 15342824013855 | 15344863543370 | 15346976743590 | 15346475081090 | 15343214063865 | 15344899846945 | 15343661547000 | 15344923503135 | 15348182055720 | 15343886954375 | 15366921253050 | 15355124630255 |
|              PWR_PKG_ENERGY              |   PWR0  |    299433.3453 |              0 |              0 |              0 |              0 |              0 |              0 |              0 |              0 |              0 |              0 |              0 |              0 |              0 |              0 |              0 |              0 |              0 |              0 |              0 |              0 |              0 |              0 |              0 |              0 |              0 |              0 |              0 |              0 |              0 |              0 |              0 |              0 |              0 |              0 |              0 |    131974.9521 |              0 |
|              PWR_DRAM_ENERGY             |   PWR3  |     27992.2260 |              0 |              0 |              0 |              0 |              0 |              0 |              0 |              0 |              0 |              0 |              0 |              0 |              0 |              0 |              0 |              0 |              0 |              0 |              0 |              0 |              0 |              0 |              0 |              0 |              0 |              0 |              0 |              0 |              0 |              0 |              0 |              0 |              0 |              0 |              0 |      9968.1722 |              0 |
| FP_ARITH_INST_RETIRED_128B_PACKED_DOUBLE |   PMC0  |              0 |              0 |              0 |              0 |              0 |              0 |              0 |              0 |              0 |              0 |              0 |              0 |              0 |              0 |              0 |              0 |              0 |              0 |              0 |              0 |              0 |              0 |              0 |              0 |              0 |              0 |              0 |              0 |              0 |              0 |              0 |              0 |              0 |              0 |              0 |              0 |              0 |              0 |
|    FP_ARITH_INST_RETIRED_SCALAR_DOUBLE   |   PMC1  |  1711348877383 |  1711348253308 |  1711348263680 |  1711348252662 |  1711348256818 |  1711348240092 |  1711348235114 |  1711348225201 |  1711348242398 |  1689821355018 |  1711348217162 |  1711348233315 |  1711348208938 |  1711348215004 |  1711348229981 |  1711348202572 |  1711348205842 |  1711348191670 |  1711348181756 |  1711348188510 |  1711348176828 |  1711348161062 |  1711348159634 |  1711348166976 |  1711348139238 |  1711348147210 |  1711348138916 |  1711348107604 |  1689821244328 |  1711348121308 |  1711348119544 |  1711348104586 |  1711348101148 |  1711348110882 |  1711348090824 |  1711348091758 |  1711348103968 |  1711348097908 |
| FP_ARITH_INST_RETIRED_256B_PACKED_DOUBLE |   PMC2  |              0 |              0 |              0 |              0 |              0 |              0 |              0 |              0 |              0 |              0 |              0 |              0 |              0 |              0 |              0 |              0 |              0 |              0 |              0 |              0 |              0 |              0 |              0 |              0 |              0 |              0 |              0 |              0 |              0 |              0 |              0 |              0 |              0 |              0 |              0 |              0 |              0 |              0 |
| FP_ARITH_INST_RETIRED_512B_PACKED_DOUBLE |   PMC3  |    46411350135 |    46366055622 |    46366055622 |    46366055622 |    46366055622 |    46366055622 |    46366055622 |    46366055622 |    46366055622 |    44973873750 |    46366055622 |    46366055622 |    46366055622 |    46366055622 |    46366055622 |    46366055622 |    46366055622 |    46366055622 |    46366055622 |    46366055622 |    46366055622 |    46366055622 |    46366055622 |    46366055622 |    46366055622 |    46366055622 |    46366055622 |    46366055622 |    44973873750 |    46366055622 |    46366055622 |    46366055622 |    46366055622 |    46366055622 |    46366055622 |    46366055622 |    46366055622 |    46366055622 |
|               CAS_COUNT_RD               | MBOX0C0 |   188687828291 |              0 |              0 |              0 |              0 |              0 |              0 |              0 |              0 |              0 |              0 |              0 |              0 |              0 |              0 |              0 |              0 |              0 |              0 |              0 |              0 |              0 |              0 |              0 |              0 |              0 |              0 |              0 |              0 |              0 |              0 |              0 |              0 |              0 |              0 |              0 |     2785696016 |              0 |
|               CAS_COUNT_WR               | MBOX0C1 |    94533355715 |              0 |              0 |              0 |              0 |              0 |              0 |              0 |              0 |              0 |              0 |              0 |              0 |              0 |              0 |              0 |              0 |              0 |              0 |              0 |              0 |              0 |              0 |              0 |              0 |              0 |              0 |              0 |              0 |              0 |              0 |              0 |              0 |              0 |              0 |              0 |     1768013269 |              0 |
|               CAS_COUNT_RD               | MBOX1C0 |   188650373711 |              0 |              0 |              0 |              0 |              0 |              0 |              0 |              0 |              0 |              0 |              0 |              0 |              0 |              0 |              0 |              0 |              0 |              0 |              0 |              0 |              0 |              0 |              0 |              0 |              0 |              0 |              0 |              0 |              0 |              0 |              0 |              0 |              0 |              0 |              0 |     2786570484 |              0 |
|               CAS_COUNT_WR               | MBOX1C1 |    94525694097 |              0 |              0 |              0 |              0 |              0 |              0 |              0 |              0 |              0 |              0 |              0 |              0 |              0 |              0 |              0 |              0 |              0 |              0 |              0 |              0 |              0 |              0 |              0 |              0 |              0 |              0 |              0 |              0 |              0 |              0 |              0 |              0 |              0 |              0 |              0 |     1770878938 |              0 |
|               CAS_COUNT_RD               | MBOX2C0 |   188686474501 |              0 |              0 |              0 |              0 |              0 |              0 |              0 |              0 |              0 |              0 |              0 |              0 |              0 |              0 |              0 |              0 |              0 |              0 |              0 |              0 |              0 |              0 |              0 |              0 |              0 |              0 |              0 |              0 |              0 |              0 |              0 |              0 |              0 |              0 |              0 |     2787591024 |              0 |
|               CAS_COUNT_WR               | MBOX2C1 |    94540971968 |              0 |              0 |              0 |              0 |              0 |              0 |              0 |              0 |              0 |              0 |              0 |              0 |              0 |              0 |              0 |              0 |              0 |              0 |              0 |              0 |              0 |              0 |              0 |              0 |              0 |              0 |              0 |              0 |              0 |              0 |              0 |              0 |              0 |              0 |              0 |     1771053860 |              0 |
|               CAS_COUNT_RD               | MBOX3C0 |   188703664159 |              0 |              0 |              0 |              0 |              0 |              0 |              0 |              0 |              0 |              0 |              0 |              0 |              0 |              0 |              0 |              0 |              0 |              0 |              0 |              0 |              0 |              0 |              0 |              0 |              0 |              0 |              0 |              0 |              0 |              0 |              0 |              0 |              0 |              0 |              0 |     2784844862 |              0 |
|               CAS_COUNT_WR               | MBOX3C1 |    94537876886 |              0 |              0 |              0 |              0 |              0 |              0 |              0 |              0 |              0 |              0 |              0 |              0 |              0 |              0 |              0 |              0 |              0 |              0 |              0 |              0 |              0 |              0 |              0 |              0 |              0 |              0 |              0 |              0 |              0 |              0 |              0 |              0 |              0 |              0 |              0 |     1773479019 |              0 |
|               CAS_COUNT_RD               | MBOX4C0 |   187267404432 |              0 |              0 |              0 |              0 |              0 |              0 |              0 |              0 |              0 |              0 |              0 |              0 |              0 |              0 |              0 |              0 |              0 |              0 |              0 |              0 |              0 |              0 |              0 |              0 |              0 |              0 |              0 |              0 |              0 |              0 |              0 |              0 |              0 |              0 |              0 |       71735432 |              0 |
|               CAS_COUNT_WR               | MBOX4C1 |    94328483130 |              0 |              0 |              0 |              0 |              0 |              0 |              0 |              0 |              0 |              0 |              0 |              0 |              0 |              0 |              0 |              0 |              0 |              0 |              0 |              0 |              0 |              0 |              0 |              0 |              0 |              0 |              0 |              0 |              0 |              0 |              0 |              0 |              0 |              0 |              0 |       64938705 |              0 |
|               CAS_COUNT_RD               | MBOX5C0 |   187249439118 |              0 |              0 |              0 |              0 |              0 |              0 |              0 |              0 |              0 |              0 |              0 |              0 |              0 |              0 |              0 |              0 |              0 |              0 |              0 |              0 |              0 |              0 |              0 |              0 |              0 |              0 |              0 |              0 |              0 |              0 |              0 |              0 |              0 |              0 |              0 |       58668205 |              0 |
|               CAS_COUNT_WR               | MBOX5C1 |    94333541159 |              0 |              0 |              0 |              0 |              0 |              0 |              0 |              0 |              0 |              0 |              0 |              0 |              0 |              0 |              0 |              0 |              0 |              0 |              0 |              0 |              0 |              0 |              0 |              0 |              0 |              0 |              0 |              0 |              0 |              0 |              0 |              0 |              0 |              0 |              0 |       41715240 |              0 |
|               CAS_COUNT_RD               | MBOX6C0 |   187270176048 |              0 |              0 |              0 |              0 |              0 |              0 |              0 |              0 |              0 |              0 |              0 |              0 |              0 |              0 |              0 |              0 |              0 |              0 |              0 |              0 |              0 |              0 |              0 |              0 |              0 |              0 |              0 |              0 |              0 |              0 |              0 |              0 |              0 |              0 |              0 |       58331058 |              0 |
|               CAS_COUNT_WR               | MBOX6C1 |    94323981619 |              0 |              0 |              0 |              0 |              0 |              0 |              0 |              0 |              0 |              0 |              0 |              0 |              0 |              0 |              0 |              0 |              0 |              0 |              0 |              0 |              0 |              0 |              0 |              0 |              0 |              0 |              0 |              0 |              0 |              0 |              0 |              0 |              0 |              0 |              0 |       46940075 |              0 |
|               CAS_COUNT_RD               | MBOX7C0 |   187234233630 |              0 |              0 |              0 |              0 |              0 |              0 |              0 |              0 |              0 |              0 |              0 |              0 |              0 |              0 |              0 |              0 |              0 |              0 |              0 |              0 |              0 |              0 |              0 |              0 |              0 |              0 |              0 |              0 |              0 |              0 |              0 |              0 |              0 |              0 |              0 |       63379010 |              0 |
|               CAS_COUNT_WR               | MBOX7C1 |    94320085312 |              0 |              0 |              0 |              0 |              0 |              0 |              0 |              0 |              0 |              0 |              0 |              0 |              0 |              0 |              0 |              0 |              0 |              0 |              0 |              0 |              0 |              0 |              0 |              0 |              0 |              0 |              0 |              0 |              0 |              0 |              0 |              0 |              0 |              0 |              0 |       51212185 |              0 |
+------------------------------------------+---------+----------------+----------------+----------------+----------------+----------------+----------------+----------------+----------------+----------------+----------------+----------------+----------------+----------------+----------------+----------------+----------------+----------------+----------------+----------------+----------------+----------------+----------------+----------------+----------------+----------------+----------------+----------------+----------------+----------------+----------------+----------------+----------------+----------------+----------------+----------------+----------------+----------------+----------------+

+-----------------------------------------------+---------+-----------------+----------------+----------------+--------------+
|                     Event                     | Counter |       Sum       |       Min      |       Max      |      Avg     |
+-----------------------------------------------+---------+-----------------+----------------+----------------+--------------+
|             INSTR_RETIRED_ANY STAT            |  FIXC0  | 192107907987393 |  3606139596172 |  7823085829524 | 5.055471e+12 |
|           CPU_CLK_UNHALTED_CORE STAT          |  FIXC1  | 116647390560001 |  3067843977329 |  3073384250610 | 3.069668e+12 |
|           CPU_CLK_UNHALTED_REF STAT           |  FIXC2  | 116647408378944 |  3067846024032 |  3073381355520 | 3.069669e+12 |
|               TOPDOWN_SLOTS STAT              |  FIXC3  | 583236952800005 | 15339219886645 | 15366921253050 |      nil     |
|              PWR_PKG_ENERGY STAT              |   PWR0  |     431408.2974 |              0 |    299433.3453 |   11352.8499 |
|              PWR_DRAM_ENERGY STAT             |   PWR3  |      37960.3982 |              0 |     27992.2260 |     998.9578 |
| FP_ARITH_INST_RETIRED_128B_PACKED_DOUBLE STAT |   PMC0  |               0 |              0 |              0 |            0 |
|    FP_ARITH_INST_RETIRED_SCALAR_DOUBLE STAT   |   PMC1  |  64988177660146 |  1689821244328 |  1711348877383 | 1.710215e+12 |
| FP_ARITH_INST_RETIRED_256B_PACKED_DOUBLE STAT |   PMC2  |               0 |              0 |              0 |            0 |
| FP_ARITH_INST_RETIRED_512B_PACKED_DOUBLE STAT |   PMC3  |   1759171044405 |    44973873750 |    46411350135 | 4.629397e+10 |
|               CAS_COUNT_RD STAT               | MBOX0C0 |    191473524307 |              0 |   188687828291 | 5.038777e+09 |
|               CAS_COUNT_WR STAT               | MBOX0C1 |     96301368984 |              0 |    94533355715 | 2.534247e+09 |
|               CAS_COUNT_RD STAT               | MBOX1C0 |    191436944195 |              0 |   188650373711 | 5.037814e+09 |
|               CAS_COUNT_WR STAT               | MBOX1C1 |     96296573035 |              0 |    94525694097 | 2.534120e+09 |
|               CAS_COUNT_RD STAT               | MBOX2C0 |    191474065525 |              0 |   188686474501 | 5.038791e+09 |
|               CAS_COUNT_WR STAT               | MBOX2C1 |     96312025828 |              0 |    94540971968 | 2.534527e+09 |
|               CAS_COUNT_RD STAT               | MBOX3C0 |    191488509021 |              0 |   188703664159 | 5.039171e+09 |
|               CAS_COUNT_WR STAT               | MBOX3C1 |     96311355905 |              0 |    94537876886 | 2.534509e+09 |
|               CAS_COUNT_RD STAT               | MBOX4C0 |    187339139864 |              0 |   187267404432 | 4.929977e+09 |
|               CAS_COUNT_WR STAT               | MBOX4C1 |     94393421835 |              0 |    94328483130 | 2.484037e+09 |
|               CAS_COUNT_RD STAT               | MBOX5C0 |    187308107323 |              0 |   187249439118 | 4.929161e+09 |
|               CAS_COUNT_WR STAT               | MBOX5C1 |     94375256399 |              0 |    94333541159 | 2.483559e+09 |
|               CAS_COUNT_RD STAT               | MBOX6C0 |    187328507106 |              0 |   187270176048 | 4.929698e+09 |
|               CAS_COUNT_WR STAT               | MBOX6C1 |     94370921694 |              0 |    94323981619 | 2.483445e+09 |
|               CAS_COUNT_RD STAT               | MBOX7C0 |    187297612640 |              0 |   187234233630 | 4.928885e+09 |
|               CAS_COUNT_WR STAT               | MBOX7C1 |     94371297497 |              0 |    94320085312 | 2.483455e+09 |
+-----------------------------------------------+---------+-----------------+----------------+----------------+--------------+

+-----------------------------------+-------------+-----------+-----------+-----------+-----------+-----------+-----------+-----------+-----------+-----------+-------------+-------------+-------------+-------------+-------------+-------------+-------------+-------------+-------------+-------------+-------------+-------------+-------------+-------------+-------------+-------------+-------------+-------------+-------------+-------------+-------------+-------------+-------------+-------------+-------------+-------------+-------------+-------------+
|               Metric              |  f0608:0:0  | f0608:1:1 | f0608:2:2 | f0608:3:3 | f0608:4:4 | f0608:5:5 | f0608:6:6 | f0608:7:7 | f0608:8:8 | f0608:9:9 | f0608:10:10 | f0608:11:11 | f0608:12:12 | f0608:13:13 | f0608:14:14 | f0608:15:15 | f0608:16:16 | f0608:17:17 | f0608:18:18 | f0608:19:19 | f0608:20:20 | f0608:21:21 | f0608:22:22 | f0608:23:23 | f0608:24:24 | f0608:25:25 | f0608:26:26 | f0608:27:27 | f0608:28:28 | f0608:29:29 | f0608:30:30 | f0608:31:31 | f0608:32:32 | f0608:33:33 | f0608:34:34 | f0608:35:35 | f0608:36:36 | f0608:37:37 |
+-----------------------------------+-------------+-----------+-----------+-----------+-----------+-----------+-----------+-----------+-----------+-----------+-------------+-------------+-------------+-------------+-------------+-------------+-------------+-------------+-------------+-------------+-------------+-------------+-------------+-------------+-------------+-------------+-------------+-------------+-------------+-------------+-------------+-------------+-------------+-------------+-------------+-------------+-------------+-------------+
|        Runtime (RDTSC) [s]        |   1287.9700 | 1288.1340 | 1288.0360 | 1288.2310 | 1288.0050 | 1287.9870 | 1288.2320 | 1287.9990 | 1287.9820 | 1288.1540 |   1287.9970 |   1288.1300 |   1287.9940 |   1288.0050 |   1288.0190 |   1287.9850 |   1288.1700 |   1288.1080 |   1288.0610 |   1288.1000 |   1288.0850 |   1288.0540 |   1287.9790 |   1287.9830 |   1287.9980 |   1288.0590 |   1287.9850 |   1288.0750 |   1287.9880 |   1287.9830 |   1288.0040 |   1288.2140 |   1287.9920 |   1287.9780 |   1288.1300 |   1288.2930 |   1287.9610 |   1288.0460 |
|        Runtime unhalted [s]       |   1281.4631 | 1282.3886 | 1282.2531 | 1282.3167 | 1282.2634 | 1282.1955 | 1282.2967 | 1282.3249 | 1282.4281 | 1282.3951 |   1282.3239 |   1282.3066 |   1282.2933 |   1282.2956 |   1282.2286 |   1282.4759 |   1282.3276 |   1282.5001 |   1282.3448 |   1281.6782 |   1281.8008 |   1281.8213 |   1281.5631 |   1281.6089 |   1281.3033 |   1281.5423 |   1281.6035 |   1281.8291 |   1281.9539 |   1281.9119 |   1281.6382 |   1281.9216 |   1281.6767 |   1281.7803 |   1282.0531 |   1281.9490 |   1283.6165 |   1282.6955 |
|            Clock [MHz]            |   2394.3074 | 2394.3112 | 2394.2962 | 2393.9706 | 2394.3067 | 2394.3174 | 2394.0947 | 2394.2946 | 2394.3158 | 2394.3165 |   2394.3102 |   2394.3148 |   2394.3082 |   2394.3091 |   2394.3120 |   2394.3079 |   2394.3097 |   2394.3094 |   2394.3129 |   2394.3127 |   2394.3126 |   2394.3120 |   2394.3082 |   2394.3116 |   2394.3137 |   2394.3105 |   2394.3149 |   2394.2132 |   2394.3085 |   2394.3089 |   2394.3125 |   2394.0458 |   2394.3089 |   2394.3137 |   2394.3132 |   2393.8362 |   2394.3188 |   2394.1981 |
|                CPI                |      0.5247 |    0.5480 |    0.5347 |    0.5326 |    0.5328 |    0.5230 |    0.5305 |    0.5078 |    0.5194 |    0.5073 |      0.5170 |      0.5093 |      0.5101 |      0.5158 |      0.5340 |      0.5222 |      0.5330 |      0.5199 |      0.6107 |      0.7647 |      0.8346 |      0.8181 |      0.8481 |      0.7945 |      0.8366 |      0.8032 |      0.7437 |      0.6481 |      0.6879 |      0.8278 |      0.8509 |      0.8476 |      0.8354 |      0.8501 |      0.7681 |      0.7892 |      0.3939 |      0.3926 |
|             Energy [J]            | 299433.3453 |         0 |         0 |         0 |         0 |         0 |         0 |         0 |         0 |         0 |           0 |           0 |           0 |           0 |           0 |           0 |           0 |           0 |           0 |           0 |           0 |           0 |           0 |           0 |           0 |           0 |           0 |           0 |           0 |           0 |           0 |           0 |           0 |           0 |           0 |           0 | 131974.9521 |           0 |
|             Power [W]             |    232.4847 |         0 |         0 |         0 |         0 |         0 |         0 |         0 |         0 |         0 |           0 |           0 |           0 |           0 |           0 |           0 |           0 |           0 |           0 |           0 |           0 |           0 |           0 |           0 |           0 |           0 |           0 |           0 |           0 |           0 |           0 |           0 |           0 |           0 |           0 |           0 |    102.4681 |           0 |
|          Energy DRAM [J]          |  27992.2260 |         0 |         0 |         0 |         0 |         0 |         0 |         0 |         0 |         0 |           0 |           0 |           0 |           0 |           0 |           0 |           0 |           0 |           0 |           0 |           0 |           0 |           0 |           0 |           0 |           0 |           0 |           0 |           0 |           0 |           0 |           0 |           0 |           0 |           0 |           0 |   9968.1722 |           0 |
|           Power DRAM [W]          |     21.7336 |         0 |         0 |         0 |         0 |         0 |         0 |         0 |         0 |         0 |           0 |           0 |           0 |           0 |           0 |           0 |           0 |           0 |           0 |           0 |           0 |           0 |           0 |           0 |           0 |           0 |           0 |           0 |           0 |           0 |           0 |           0 |           0 |           0 |           0 |           0 |      7.7395 |           0 |
|            DP [MFLOP/s]           |   1616.9939 | 1616.5063 | 1616.6293 | 1616.3846 | 1616.6682 | 1616.6908 | 1616.3833 | 1616.6757 | 1616.6970 | 1591.1237 |   1616.6782 |   1616.5113 |   1616.6820 |   1616.6681 |   1616.6506 |   1616.6932 |   1616.4611 |   1616.5389 |   1616.5978 |   1616.5489 |   1616.5677 |   1616.6066 |   1616.7007 |   1616.6957 |   1616.6769 |   1616.6003 |   1616.6932 |   1616.5802 |   1591.3287 |   1616.6957 |   1616.6693 |   1616.4058 |   1616.6844 |   1616.7020 |   1616.5112 |   1616.3066 |   1616.7233 |   1616.6166 |
|          AVX DP [MFLOP/s]         |    288.2760 |  287.9580 |  287.9799 |  287.9363 |  287.9868 |  287.9908 |  287.9361 |  287.9881 |  287.9919 |  279.3074 |    287.9886 |    287.9589 |    287.9893 |    287.9868 |    287.9837 |    287.9913 |    287.9499 |    287.9638 |    287.9743 |    287.9656 |    287.9689 |    287.9758 |    287.9926 |    287.9917 |    287.9884 |    287.9747 |    287.9913 |    287.9712 |    279.3434 |    287.9917 |    287.9870 |    287.9401 |    287.9897 |    287.9928 |    287.9589 |    287.9224 |    287.9966 |    287.9776 |
|          Packed [MUOPS/s]         |     36.0345 |   35.9947 |   35.9975 |   35.9920 |   35.9984 |   35.9989 |   35.9920 |   35.9985 |   35.9990 |   34.9134 |     35.9986 |     35.9949 |     35.9987 |     35.9984 |     35.9980 |     35.9989 |     35.9937 |     35.9955 |     35.9968 |     35.9957 |     35.9961 |     35.9970 |     35.9991 |     35.9990 |     35.9985 |     35.9968 |     35.9989 |     35.9964 |     34.9179 |     35.9990 |     35.9984 |     35.9925 |     35.9987 |     35.9991 |     35.9949 |     35.9903 |     35.9996 |     35.9972 |
|          Scalar [MUOPS/s]         |   1328.7180 | 1328.5483 | 1328.6494 | 1328.4483 | 1328.6814 | 1328.6999 | 1328.4472 | 1328.6875 | 1328.7051 | 1311.8163 |   1328.6896 |   1328.5524 |   1328.6927 |   1328.6813 |   1328.6669 |   1328.7020 |   1328.5111 |   1328.5751 |   1328.6236 |   1328.5833 |   1328.5988 |   1328.6308 |   1328.7081 |   1328.7040 |   1328.6885 |   1328.6256 |   1328.7019 |   1328.6091 |   1311.9852 |   1328.7040 |   1328.6823 |   1328.4657 |   1328.6947 |   1328.7091 |   1328.5523 |   1328.3842 |   1328.7266 |   1328.6390 |
|  Memory read bandwidth [MBytes/s] |  74722.2171 |         0 |         0 |         0 |         0 |         0 |         0 |         0 |         0 |         0 |           0 |           0 |           0 |           0 |           0 |           0 |           0 |           0 |           0 |           0 |           0 |           0 |           0 |           0 |           0 |           0 |           0 |           0 |           0 |           0 |           0 |           0 |           0 |           0 |           0 |           0 |    566.3186 |           0 |
|  Memory read data volume [GBytes] |  96239.9740 |         0 |         0 |         0 |         0 |         0 |         0 |         0 |         0 |         0 |           0 |           0 |           0 |           0 |           0 |           0 |           0 |           0 |           0 |           0 |           0 |           0 |           0 |           0 |           0 |           0 |           0 |           0 |           0 |           0 |           0 |           0 |           0 |           0 |           0 |           0 |    729.3962 |           0 |
| Memory write bandwidth [MBytes/s] |  37538.4639 |         0 |         0 |         0 |         0 |         0 |         0 |         0 |         0 |         0 |           0 |           0 |           0 |           0 |           0 |           0 |           0 |           0 |           0 |           0 |           0 |           0 |           0 |           0 |           0 |           0 |           0 |           0 |           0 |           0 |           0 |           0 |           0 |           0 |           0 |           0 |    362.1591 |           0 |
| Memory write data volume [GBytes] |  48348.4154 |         0 |         0 |         0 |         0 |         0 |         0 |         0 |         0 |         0 |           0 |           0 |           0 |           0 |           0 |           0 |           0 |           0 |           0 |           0 |           0 |           0 |           0 |           0 |           0 |           0 |           0 |           0 |           0 |           0 |           0 |           0 |           0 |           0 |           0 |           0 |    466.4468 |           0 |
|    Memory bandwidth [MBytes/s]    | 112260.6810 |         0 |         0 |         0 |         0 |         0 |         0 |         0 |         0 |         0 |           0 |           0 |           0 |           0 |           0 |           0 |           0 |           0 |           0 |           0 |           0 |           0 |           0 |           0 |           0 |           0 |           0 |           0 |           0 |           0 |           0 |           0 |           0 |           0 |           0 |           0 |    928.4777 |           0 |
|    Memory data volume [GBytes]    | 144588.3894 |         0 |         0 |         0 |         0 |         0 |         0 |         0 |         0 |         0 |           0 |           0 |           0 |           0 |           0 |           0 |           0 |           0 |           0 |           0 |           0 |           0 |           0 |           0 |           0 |           0 |           0 |           0 |           0 |           0 |           0 |           0 |           0 |           0 |           0 |           0 |   1195.8430 |           0 |
|       Operational intensity       |      0.0144 |         0 |         0 |         0 |         0 |         0 |         0 |         0 |         0 |         0 |           0 |           0 |           0 |           0 |           0 |           0 |           0 |           0 |           0 |           0 |           0 |           0 |           0 |           0 |           0 |           0 |           0 |           0 |           0 |           0 |           0 |           0 |           0 |           0 |           0 |           0 |      1.7413 |           0 |
+-----------------------------------+-------------+-----------+-----------+-----------+-----------+-----------+-----------+-----------+-----------+-----------+-------------+-------------+-------------+-------------+-------------+-------------+-------------+-------------+-------------+-------------+-------------+-------------+-------------+-------------+-------------+-------------+-------------+-------------+-------------+-------------+-------------+-------------+-------------+-------------+-------------+-------------+-------------+-------------+

+----------------------------------------+-------------+-----------+-------------+------------+-----------+-----------+-----------+
|                 Metric                 |     Sum     |    Min    |     Max     |     Avg    |  %ile 25  |  %ile 50  |  %ile 75  |
+----------------------------------------+-------------+-----------+-------------+------------+-----------+-----------+-----------+
|        Runtime (RDTSC) [s] STAT        |  48946.1060 | 1287.9610 |   1288.2930 |  1288.0554 | 1287.9870 | 1288.0050 | 1288.1080 |
|        Runtime unhalted [s] STAT       |  48719.3688 | 1281.3033 |   1283.6165 |  1282.0887 | 1281.7803 | 1282.1955 | 1282.3249 |
|            Clock [MHz] STAT            |  90982.2993 | 2393.8362 |   2394.3188 |  2394.2710 | 2394.3074 | 2394.3097 | 2394.3129 |
|                CPI STAT                |     24.3679 |    0.3926 |      0.8509 |     0.6413 |    0.5199 |    0.5347 |    0.8032 |
|             Energy [J] STAT            | 431408.2974 |         0 | 299433.3453 | 11352.8499 |         0 |         0 |         0 |
|             Power [W] STAT             |    334.9528 |         0 |    232.4847 |     8.8145 |         0 |         0 |         0 |
|          Energy DRAM [J] STAT          |  37960.3982 |         0 |  27992.2260 |   998.9578 |         0 |         0 |         0 |
|           Power DRAM [W] STAT          |     29.4731 |         0 |     21.7336 |     0.7756 |         0 |         0 |         0 |
|            DP [MFLOP/s] STAT           |  61380.5478 | 1591.1237 |   1616.9939 |  1615.2776 | 1616.5113 | 1616.6293 | 1616.6908 |
|          AVX DP [MFLOP/s] STAT         |  10926.0583 |  279.3074 |    288.2760 |   287.5278 |  287.9589 |  287.9799 |  287.9908 |
|          Packed [MUOPS/s] STAT         |   1365.7575 |   34.9134 |     36.0345 |    35.9410 |   35.9949 |   35.9975 |   35.9989 |
|          Scalar [MUOPS/s] STAT         |  50454.4893 | 1311.8163 |   1328.7266 |  1327.7497 | 1328.5524 | 1328.6494 | 1328.6999 |
|  Memory read bandwidth [MBytes/s] STAT |  75288.5357 |         0 |  74722.2171 |  1981.2773 |         0 |         0 |         0 |
|  Memory read data volume [GBytes] STAT |  96969.3702 |         0 |  96239.9740 |  2551.8255 |         0 |         0 |         0 |
| Memory write bandwidth [MBytes/s] STAT |  37900.6230 |         0 |  37538.4639 |   997.3848 |         0 |         0 |         0 |
| Memory write data volume [GBytes] STAT |  48814.8622 |         0 |  48348.4154 |  1284.6016 |         0 |         0 |         0 |
|    Memory bandwidth [MBytes/s] STAT    | 113189.1587 |         0 | 112260.6810 |  2978.6621 |         0 |         0 |         0 |
|    Memory data volume [GBytes] STAT    | 145784.2324 |         0 | 144588.3894 |  3836.4272 |         0 |         0 |         0 |
|       Operational intensity STAT       |      1.7557 |         0 |      1.7413 |     0.0462 |         0 |         0 |         0 |
+----------------------------------------+-------------+-----------+-------------+------------+-----------+-----------+-----------+

