WARN: Cannot extract OpenMP vendor from executable or commandline, assuming no OpenMP
Successfully initialised 24 MPI ranks.
Opening tea.out as log file.

Timestep 1
Error: 			5.444659e-11

Timestep 2
Error: 			3.489730e-12

Timestep 3
Error: 			2.491007e-13

Timestep 4
Error: 			1.516990e-14

Timestep 5
Error: 			9.885709e-16

Checking results...
Expected 9.200337173020409e+01
Actual   9.200337173012186e+01
This run [32mPASSED[0m (Difference is within 0.00000000%)
Group: 1
+------------------------------------------+---------+----------------+----------------+----------------+----------------+----------------+----------------+----------------+----------------+----------------+----------------+----------------+----------------+----------------+----------------+----------------+----------------+----------------+----------------+----------------+----------------+----------------+----------------+----------------+----------------+
|                   Event                  | Counter |    f0485:0:0   |    f0485:1:1   |    f0485:2:2   |    f0485:3:3   |    f0485:4:4   |    f0485:5:5   |    f0485:6:6   |    f0485:7:7   |    f0485:8:8   |    f0485:9:9   |   f0485:10:10  |   f0485:11:11  |   f0485:12:12  |   f0485:13:13  |   f0485:14:14  |   f0485:15:15  |   f0485:16:16  |   f0485:17:17  |   f0485:18:18  |   f0485:19:19  |   f0485:20:20  |   f0485:21:21  |   f0485:22:22  |   f0485:23:23  |
+------------------------------------------+---------+----------------+----------------+----------------+----------------+----------------+----------------+----------------+----------------+----------------+----------------+----------------+----------------+----------------+----------------+----------------+----------------+----------------+----------------+----------------+----------------+----------------+----------------+----------------+----------------+
|             INSTR_RETIRED_ANY            |  FIXC0  |  2284564342111 |  2248828289916 |  2266269057412 |  2240094203047 |  2283607702369 |  2249835464175 |  2277729661846 |  2344139586042 |  2269437074083 |  2238133278405 |  2308502888831 |  2232057257414 |  2265658290325 |  2264028433187 |  2272263740553 |  2247035369279 |  2244807889115 |  2252191961801 |  4373434073632 |  4394971497904 |  4391147131386 |  4367855047977 |  4334598118377 |  2603420756562 |
|           CPU_CLK_UNHALTED_CORE          |  FIXC1  |  4387068698008 |  4387189739037 |  4388652771917 |  4391432167237 |  4390756638151 |  4389077083214 |  4389525661339 |  4388253060015 |  4389560533791 |  4389004535592 |  4389098606737 |  4389631154626 |  4389824011684 |  4389470177368 |  4390131532942 |  4388394740227 |  4385924262414 |  4384203710411 |  4397476885694 |  4397328502204 |  4397425899783 |  4397375518963 |  4397543850962 |  4397298994807 |
|           CPU_CLK_UNHALTED_REF           |  FIXC2  |  4387069290432 |  4387189431840 |  4388652882624 |  4391432080800 |  4390756071360 |  4389077553600 |  4389525650208 |  4388252050752 |  4389561612672 |  4389003770880 |  4389099629280 |  4389631035360 |  4389823949280 |  4389468794112 |  4390131195840 |  4388394275136 |  4385925039072 |  4384204091616 |  4397466657696 |  4397318433984 |  4397409903936 |  4397365580928 |  4397526086304 |  4397286464256 |
|               TOPDOWN_SLOTS              |  FIXC3  | 21935343490040 | 21935948695185 | 21943263859585 | 21957160836185 | 21953783190755 | 21945385416070 | 21947628306695 | 21941265300075 | 21947802668955 | 21945022677960 | 21945493033685 | 21948155773130 | 21949120058420 | 21947350886840 | 21950657664710 | 21941973701135 | 21929621312070 | 21921018552055 | 21987384428470 | 21986642511020 | 21987129498915 | 21986877594815 | 21987719254810 | 21986494974035 |
|              PWR_PKG_ENERGY              |   PWR0  |    335809.5038 |              0 |              0 |              0 |              0 |              0 |              0 |              0 |              0 |              0 |              0 |              0 |              0 |              0 |              0 |              0 |              0 |              0 |              0 |              0 |              0 |              0 |              0 |              0 |
|              PWR_DRAM_ENERGY             |   PWR3  |     32169.9839 |              0 |              0 |              0 |              0 |              0 |              0 |              0 |              0 |              0 |              0 |              0 |              0 |              0 |              0 |              0 |              0 |              0 |              0 |              0 |              0 |              0 |              0 |              0 |
| FP_ARITH_INST_RETIRED_128B_PACKED_DOUBLE |   PMC0  |              0 |              0 |              0 |              0 |              0 |              0 |              0 |              0 |              0 |              0 |              0 |              0 |              0 |              0 |              0 |              0 |              0 |              0 |              0 |              0 |              0 |              0 |              0 |              0 |
|    FP_ARITH_INST_RETIRED_SCALAR_DOUBLE   |   PMC1  |  1468480992274 |  1468480491656 |  1468480164482 |  1468480152578 |  1468480135074 |  1468480147009 |  1468480139546 |  1468480140264 |  1467405116406 |  1467405102972 |  1467405111450 |  1467405100053 |  1467405102242 |  1467405105338 |  1467405104566 |  1467405113184 |  1467405089859 |  1467405078384 |  1467405088690 |  1467405097015 |  1467405075476 |  1467405082623 |  1467405076099 |  1467405061241 |
| FP_ARITH_INST_RETIRED_256B_PACKED_DOUBLE |   PMC2  |              0 |              0 |              0 |              0 |              0 |              0 |              0 |              0 |              0 |              0 |              0 |              0 |              0 |              0 |              0 |              0 |              0 |              0 |              0 |              0 |              0 |              0 |              0 |              0 |
| FP_ARITH_INST_RETIRED_512B_PACKED_DOUBLE |   PMC3  |    17610548331 |    17610548329 |    17610548329 |    17610548329 |    17610548329 |    17610548329 |    17610548329 |    17610548329 |    17597681383 |    17597681383 |    17597681383 |    17597681383 |    17597681383 |    17597681383 |    17597681383 |    17597681383 |    17597681383 |    17597681383 |    17597681383 |    17597681383 |    17597681383 |    17597681383 |    17597681383 |    17597681383 |
|               CAS_COUNT_RD               | MBOX0C0 |   379454988650 |              0 |              0 |              0 |              0 |              0 |              0 |              0 |              0 |              0 |              0 |              0 |              0 |              0 |              0 |              0 |              0 |              0 |              0 |              0 |              0 |              0 |              0 |              0 |
|               CAS_COUNT_WR               | MBOX0C1 |   158627652418 |              0 |              0 |              0 |              0 |              0 |              0 |              0 |              0 |              0 |              0 |              0 |              0 |              0 |              0 |              0 |              0 |              0 |              0 |              0 |              0 |              0 |              0 |              0 |
|               CAS_COUNT_RD               | MBOX1C0 |   379591478165 |              0 |              0 |              0 |              0 |              0 |              0 |              0 |              0 |              0 |              0 |              0 |              0 |              0 |              0 |              0 |              0 |              0 |              0 |              0 |              0 |              0 |              0 |              0 |
|               CAS_COUNT_WR               | MBOX1C1 |   158636810904 |              0 |              0 |              0 |              0 |              0 |              0 |              0 |              0 |              0 |              0 |              0 |              0 |              0 |              0 |              0 |              0 |              0 |              0 |              0 |              0 |              0 |              0 |              0 |
|               CAS_COUNT_RD               | MBOX2C0 |   379384649894 |              0 |              0 |              0 |              0 |              0 |              0 |              0 |              0 |              0 |              0 |              0 |              0 |              0 |              0 |              0 |              0 |              0 |              0 |              0 |              0 |              0 |              0 |              0 |
|               CAS_COUNT_WR               | MBOX2C1 |   158630419527 |              0 |              0 |              0 |              0 |              0 |              0 |              0 |              0 |              0 |              0 |              0 |              0 |              0 |              0 |              0 |              0 |              0 |              0 |              0 |              0 |              0 |              0 |              0 |
|               CAS_COUNT_RD               | MBOX3C0 |   379431792188 |              0 |              0 |              0 |              0 |              0 |              0 |              0 |              0 |              0 |              0 |              0 |              0 |              0 |              0 |              0 |              0 |              0 |              0 |              0 |              0 |              0 |              0 |              0 |
|               CAS_COUNT_WR               | MBOX3C1 |   158618369845 |              0 |              0 |              0 |              0 |              0 |              0 |              0 |              0 |              0 |              0 |              0 |              0 |              0 |              0 |              0 |              0 |              0 |              0 |              0 |              0 |              0 |              0 |              0 |
|               CAS_COUNT_RD               | MBOX4C0 |   123736738664 |              0 |              0 |              0 |              0 |              0 |              0 |              0 |              0 |              0 |              0 |              0 |              0 |              0 |              0 |              0 |              0 |              0 |              0 |              0 |              0 |              0 |              0 |              0 |
|               CAS_COUNT_WR               | MBOX4C1 |    52235190194 |              0 |              0 |              0 |              0 |              0 |              0 |              0 |              0 |              0 |              0 |              0 |              0 |              0 |              0 |              0 |              0 |              0 |              0 |              0 |              0 |              0 |              0 |              0 |
|               CAS_COUNT_RD               | MBOX5C0 |   123736343664 |              0 |              0 |              0 |              0 |              0 |              0 |              0 |              0 |              0 |              0 |              0 |              0 |              0 |              0 |              0 |              0 |              0 |              0 |              0 |              0 |              0 |              0 |              0 |
|               CAS_COUNT_WR               | MBOX5C1 |    52234906817 |              0 |              0 |              0 |              0 |              0 |              0 |              0 |              0 |              0 |              0 |              0 |              0 |              0 |              0 |              0 |              0 |              0 |              0 |              0 |              0 |              0 |              0 |              0 |
|               CAS_COUNT_RD               | MBOX6C0 |   123781035997 |              0 |              0 |              0 |              0 |              0 |              0 |              0 |              0 |              0 |              0 |              0 |              0 |              0 |              0 |              0 |              0 |              0 |              0 |              0 |              0 |              0 |              0 |              0 |
|               CAS_COUNT_WR               | MBOX6C1 |    52237859719 |              0 |              0 |              0 |              0 |              0 |              0 |              0 |              0 |              0 |              0 |              0 |              0 |              0 |              0 |              0 |              0 |              0 |              0 |              0 |              0 |              0 |              0 |              0 |
|               CAS_COUNT_RD               | MBOX7C0 |   123778952273 |              0 |              0 |              0 |              0 |              0 |              0 |              0 |              0 |              0 |              0 |              0 |              0 |              0 |              0 |              0 |              0 |              0 |              0 |              0 |              0 |              0 |              0 |              0 |
|               CAS_COUNT_WR               | MBOX7C1 |    52235917865 |              0 |              0 |              0 |              0 |              0 |              0 |              0 |              0 |              0 |              0 |              0 |              0 |              0 |              0 |              0 |              0 |              0 |              0 |              0 |              0 |              0 |              0 |              0 |
+------------------------------------------+---------+----------------+----------------+----------------+----------------+----------------+----------------+----------------+----------------+----------------+----------------+----------------+----------------+----------------+----------------+----------------+----------------+----------------+----------------+----------------+----------------+----------------+----------------+----------------+----------------+

+-----------------------------------------------+---------+-----------------+----------------+----------------+---------------+
|                     Event                     | Counter |       Sum       |       Min      |       Max      |      Avg      |
+-----------------------------------------------+---------+-----------------+----------------+----------------+---------------+
|             INSTR_RETIRED_ANY STAT            |  FIXC0  |  65254611115749 |  2232057257414 |  4394971497904 |  2.718942e+12 |
|           CPU_CLK_UNHALTED_CORE STAT          |  FIXC1  | 105381648737123 |  4384203710411 |  4397543850962 |  4.390902e+12 |
|           CPU_CLK_UNHALTED_REF STAT           |  FIXC2  | 105381571531968 |  4384204091616 |  4397526086304 | 4390898813832 |
|               TOPDOWN_SLOTS STAT              |  FIXC3  | 526908243685615 | 21921018552055 | 21987719254810 |      nil      |
|              PWR_PKG_ENERGY STAT              |   PWR0  |     335809.5038 |              0 |    335809.5038 |    13992.0627 |
|              PWR_DRAM_ENERGY STAT             |   PWR3  |      32169.9839 |              0 |     32169.9839 |     1340.4160 |
| FP_ARITH_INST_RETIRED_128B_PACKED_DOUBLE STAT |   PMC0  |               0 |              0 |              0 |             0 |
|    FP_ARITH_INST_RETIRED_SCALAR_DOUBLE STAT   |   PMC1  |  35226323868481 |  1467405061241 |  1468480992274 |      nil      |
| FP_ARITH_INST_RETIRED_256B_PACKED_DOUBLE STAT |   PMC2  |               0 |              0 |              0 |             0 |
| FP_ARITH_INST_RETIRED_512B_PACKED_DOUBLE STAT |   PMC3  |    422447288762 |    17597681383 |    17610548331 |  1.760197e+10 |
|               CAS_COUNT_RD STAT               | MBOX0C0 |    379454988650 |              0 |   379454988650 |  1.581062e+10 |
|               CAS_COUNT_WR STAT               | MBOX0C1 |    158627652418 |              0 |   158627652418 |  6.609486e+09 |
|               CAS_COUNT_RD STAT               | MBOX1C0 |    379591478165 |              0 |   379591478165 |  1.581631e+10 |
|               CAS_COUNT_WR STAT               | MBOX1C1 |    158636810904 |              0 |   158636810904 |    6609867121 |
|               CAS_COUNT_RD STAT               | MBOX2C0 |    379384649894 |              0 |   379384649894 |  1.580769e+10 |
|               CAS_COUNT_WR STAT               | MBOX2C1 |    158630419527 |              0 |   158630419527 |  6.609601e+09 |
|               CAS_COUNT_RD STAT               | MBOX3C0 |    379431792188 |              0 |   379431792188 |  1.580966e+10 |
|               CAS_COUNT_WR STAT               | MBOX3C1 |    158618369845 |              0 |   158618369845 |  6.609099e+09 |
|               CAS_COUNT_RD STAT               | MBOX4C0 |    123736738664 |              0 |   123736738664 |  5.155697e+09 |
|               CAS_COUNT_WR STAT               | MBOX4C1 |     52235190194 |              0 |    52235190194 |  2.176466e+09 |
|               CAS_COUNT_RD STAT               | MBOX5C0 |    123736343664 |              0 |   123736343664 |    5155680986 |
|               CAS_COUNT_WR STAT               | MBOX5C1 |     52234906817 |              0 |    52234906817 |  2.176454e+09 |
|               CAS_COUNT_RD STAT               | MBOX6C0 |    123781035997 |              0 |   123781035997 |  5.157543e+09 |
|               CAS_COUNT_WR STAT               | MBOX6C1 |     52237859719 |              0 |    52237859719 |  2.176577e+09 |
|               CAS_COUNT_RD STAT               | MBOX7C0 |    123778952273 |              0 |   123778952273 |  5.157456e+09 |
|               CAS_COUNT_WR STAT               | MBOX7C1 |     52235917865 |              0 |    52235917865 |  2.176497e+09 |
+-----------------------------------------------+---------+-----------------+----------------+----------------+---------------+

+-----------------------------------+-------------+-----------+-----------+-----------+-----------+-----------+-----------+-----------+-----------+-----------+-------------+-------------+-------------+-------------+-------------+-------------+-------------+-------------+-------------+-------------+-------------+-------------+-------------+-------------+
|               Metric              |  f0485:0:0  | f0485:1:1 | f0485:2:2 | f0485:3:3 | f0485:4:4 | f0485:5:5 | f0485:6:6 | f0485:7:7 | f0485:8:8 | f0485:9:9 | f0485:10:10 | f0485:11:11 | f0485:12:12 | f0485:13:13 | f0485:14:14 | f0485:15:15 | f0485:16:16 | f0485:17:17 | f0485:18:18 | f0485:19:19 | f0485:20:20 | f0485:21:21 | f0485:22:22 | f0485:23:23 |
+-----------------------------------+-------------+-----------+-----------+-----------+-----------+-----------+-----------+-----------+-----------+-----------+-------------+-------------+-------------+-------------+-------------+-------------+-------------+-------------+-------------+-------------+-------------+-------------+-------------+-------------+
|        Runtime (RDTSC) [s]        |   1841.7120 | 1841.3560 | 1841.4050 | 1841.5190 | 1841.5000 | 1841.3810 | 1841.8410 | 1841.3510 | 1841.6870 | 1841.4580 |   1841.3570 |   1841.3460 |   1841.3520 |   1841.5090 |   1841.4410 |   1841.4860 |   1841.3480 |   1841.3520 |   1841.4050 |   1841.4130 |   1841.4840 |   1841.5990 |   1841.3690 |   1841.3670 |
|        Runtime unhalted [s]       |   1832.5255 | 1832.3281 | 1832.9336 | 1834.0980 | 1833.8431 | 1833.1138 | 1833.6326 | 1832.7752 | 1833.5059 | 1833.0831 |   1833.1239 |   1833.3438 |   1833.4235 |   1833.2744 |   1833.6046 |   1832.8281 |   1831.7987 |   1831.0828 |   1836.6242 |   1836.6201 |   1836.5996 |   1836.8104 |   1836.6486 |   1836.5573 |
|            Clock [MHz]            |   2394.0012 | 2394.3256 | 2394.3326 | 2394.3281 | 2394.2927 | 2394.3285 | 2393.8960 | 2394.3221 | 2394.0798 | 2394.3296 |   2394.3268 |   2394.3306 |   2394.3317 |   2394.3342 |   2394.2632 |   2394.3299 |   2394.3261 |   2394.3229 |   2394.3314 |   2394.2560 |   2394.3389 |   2394.0334 |   2394.3402 |   2394.3231 |
|                CPI                |      1.9203 |    1.9509 |    1.9365 |    1.9604 |    1.9227 |    1.9508 |    1.9271 |    1.8720 |    1.9342 |    1.9610 |      1.9013 |      1.9666 |      1.9375 |      1.9388 |      1.9321 |      1.9530 |      1.9538 |      1.9466 |      1.0055 |      1.0005 |      1.0014 |      1.0068 |      1.0145 |      1.6890 |
|             Energy [J]            | 335809.5038 |         0 |         0 |         0 |         0 |         0 |         0 |         0 |         0 |         0 |           0 |           0 |           0 |           0 |           0 |           0 |           0 |           0 |           0 |           0 |           0 |           0 |           0 |           0 |
|             Power [W]             |    182.3355 |         0 |         0 |         0 |         0 |         0 |         0 |         0 |         0 |         0 |           0 |           0 |           0 |           0 |           0 |           0 |           0 |           0 |           0 |           0 |           0 |           0 |           0 |           0 |
|          Energy DRAM [J]          |  32169.9839 |         0 |         0 |         0 |         0 |         0 |         0 |         0 |         0 |         0 |           0 |           0 |           0 |           0 |           0 |           0 |           0 |           0 |           0 |           0 |           0 |           0 |           0 |           0 |
|           Power DRAM [W]          |     17.4674 |         0 |         0 |         0 |         0 |         0 |         0 |         0 |         0 |         0 |           0 |           0 |           0 |           0 |           0 |           0 |           0 |           0 |           0 |           0 |           0 |           0 |           0 |           0 |
|            DP [MFLOP/s]           |    873.8420 |  874.0107 |  873.9873 |  873.9332 |  873.9422 |  873.9987 |  873.7804 |  874.0129 |  873.2138 |  873.3224 |    873.3703 |    873.3755 |    873.3727 |    873.2982 |    873.3305 |    873.3091 |    873.3746 |    873.3727 |    873.3475 |    873.3438 |    873.3101 |    873.2555 |    873.3646 |    873.3656 |
|          AVX DP [MFLOP/s]         |     76.4964 |   76.5112 |   76.5092 |   76.5044 |   76.5052 |   76.5102 |   76.4911 |   76.5114 |   76.4416 |   76.4511 |     76.4553 |     76.4557 |     76.4555 |     76.4490 |     76.4518 |     76.4499 |     76.4556 |     76.4555 |     76.4533 |     76.4529 |     76.4500 |     76.4452 |     76.4548 |     76.4549 |
|          Packed [MUOPS/s]         |      9.5621 |    9.5639 |    9.5636 |    9.5631 |    9.5632 |    9.5638 |    9.5614 |    9.5639 |    9.5552 |    9.5564 |      9.5569 |      9.5570 |      9.5569 |      9.5561 |      9.5565 |      9.5562 |      9.5570 |      9.5569 |      9.5567 |      9.5566 |      9.5562 |      9.5557 |      9.5568 |      9.5569 |
|          Scalar [MUOPS/s]         |    797.3456 |  797.4995 |  797.4781 |  797.4287 |  797.4369 |  797.4885 |  797.2893 |  797.5015 |  796.7723 |  796.8713 |    796.9151 |    796.9198 |    796.9172 |    796.8493 |    796.8787 |    796.8592 |    796.9189 |    796.9172 |    796.8943 |    796.8908 |    796.8601 |    796.8103 |    796.9098 |    796.9107 |
|  Memory read bandwidth [MBytes/s] |  69948.6905 |         0 |         0 |         0 |         0 |         0 |         0 |         0 |         0 |         0 |           0 |           0 |           0 |           0 |           0 |           0 |           0 |           0 |           0 |           0 |           0 |           0 |           0 |           0 |
|  Memory read data volume [GBytes] | 128825.3427 |         0 |         0 |         0 |         0 |         0 |         0 |         0 |         0 |         0 |           0 |           0 |           0 |           0 |           0 |           0 |           0 |           0 |           0 |           0 |           0 |           0 |           0 |           0 |
| Memory write bandwidth [MBytes/s] |  29310.3678 |         0 |         0 |         0 |         0 |         0 |         0 |         0 |         0 |         0 |           0 |           0 |           0 |           0 |           0 |           0 |           0 |           0 |           0 |           0 |           0 |           0 |           0 |           0 |
| Memory write data volume [GBytes] |  53981.2561 |         0 |         0 |         0 |         0 |         0 |         0 |         0 |         0 |         0 |           0 |           0 |           0 |           0 |           0 |           0 |           0 |           0 |           0 |           0 |           0 |           0 |           0 |           0 |
|    Memory bandwidth [MBytes/s]    |  99259.0583 |         0 |         0 |         0 |         0 |         0 |         0 |         0 |         0 |         0 |           0 |           0 |           0 |           0 |           0 |           0 |           0 |           0 |           0 |           0 |           0 |           0 |           0 |           0 |
|    Memory data volume [GBytes]    | 182806.5988 |         0 |         0 |         0 |         0 |         0 |         0 |         0 |         0 |         0 |           0 |           0 |           0 |           0 |           0 |           0 |           0 |           0 |           0 |           0 |           0 |           0 |           0 |           0 |
|       Operational intensity       |      0.0088 |         0 |         0 |         0 |         0 |         0 |         0 |         0 |         0 |         0 |           0 |           0 |           0 |           0 |           0 |           0 |           0 |           0 |           0 |           0 |           0 |           0 |           0 |           0 |
+-----------------------------------+-------------+-----------+-----------+-----------+-----------+-----------+-----------+-----------+-----------+-----------+-------------+-------------+-------------+-------------+-------------+-------------+-------------+-------------+-------------+-------------+-------------+-------------+-------------+-------------+

+----------------------------------------+-------------+-----------+-------------+------------+-----------+-----------+-----------+
|                 Metric                 |     Sum     |    Min    |     Max     |     Avg    |  %ile 25  |  %ile 50  |  %ile 75  |
+----------------------------------------+-------------+-----------+-------------+------------+-----------+-----------+-----------+
|        Runtime (RDTSC) [s] STAT        |  44195.0380 | 1841.3460 |   1841.8410 |  1841.4599 | 1841.3560 | 1841.4050 | 1841.5000 |
|        Runtime unhalted [s] STAT       |  44014.1789 | 1831.0828 |   1836.8104 |  1833.9241 | 1832.8281 | 1833.3438 | 1834.0980 |
|            Clock [MHz] STAT            |  57462.4246 | 2393.8960 |   2394.3402 |  2394.2677 | 2394.2632 | 2394.3261 | 2394.3306 |
|                CPI STAT                |     41.5833 |    1.0005 |      1.9666 |     1.7326 |    1.6890 |    1.9321 |    1.9508 |
|             Energy [J] STAT            | 335809.5038 |         0 | 335809.5038 | 13992.0627 |         0 |         0 |         0 |
|             Power [W] STAT             |    182.3355 |         0 |    182.3355 |     7.5973 |         0 |         0 |         0 |
|          Energy DRAM [J] STAT          |  32169.9839 |         0 |  32169.9839 |  1340.4160 |         0 |         0 |         0 |
|           Power DRAM [W] STAT          |     17.4674 |         0 |     17.4674 |     0.7278 |         0 |         0 |         0 |
|            DP [MFLOP/s] STAT           |  20964.8343 |  873.2138 |    874.0129 |   873.5348 |  873.3224 |  873.3703 |  873.8420 |
|          AVX DP [MFLOP/s] STAT         |   1835.2712 |   76.4416 |     76.5114 |    76.4696 |   76.4511 |   76.4553 |   76.4964 |
|          Packed [MUOPS/s] STAT         |    229.4090 |    9.5552 |      9.5639 |     9.5587 |    9.5564 |    9.5569 |    9.5621 |
|          Scalar [MUOPS/s] STAT         |  19129.5631 |  796.7723 |    797.5015 |   797.0651 |  796.8713 |  796.9151 |  797.3456 |
|  Memory read bandwidth [MBytes/s] STAT |  69948.6905 |         0 |  69948.6905 |  2914.5288 |         0 |         0 |         0 |
|  Memory read data volume [GBytes] STAT | 128825.3427 |         0 | 128825.3427 |  5367.7226 |         0 |         0 |         0 |
| Memory write bandwidth [MBytes/s] STAT |  29310.3678 |         0 |  29310.3678 |  1221.2653 |         0 |         0 |         0 |
| Memory write data volume [GBytes] STAT |  53981.2561 |         0 |  53981.2561 |  2249.2190 |         0 |         0 |         0 |
|    Memory bandwidth [MBytes/s] STAT    |  99259.0583 |         0 |  99259.0583 |  4135.7941 |         0 |         0 |         0 |
|    Memory data volume [GBytes] STAT    | 182806.5988 |         0 | 182806.5988 |  7616.9416 |         0 |         0 |         0 |
|       Operational intensity STAT       |      0.0088 |         0 |      0.0088 |     0.0004 |         0 |         0 |         0 |
+----------------------------------------+-------------+-----------+-------------+------------+-----------+-----------+-----------+

