WARN: Cannot extract OpenMP vendor from executable or commandline, assuming no OpenMP
Successfully initialised 21 MPI ranks.
Opening tea.out as log file.

Timestep 1
Error: 			5.444659e-11

Timestep 2
Error: 			3.489730e-12

Timestep 3
Error: 			2.490970e-13

Timestep 4
Error: 			1.517703e-14

Timestep 5
Error: 			9.888611e-16

Checking results...
Expected 9.200337173020409e+01
Actual   9.200337173015055e+01
This run [32mPASSED[0m (Difference is within 0.00000000%)
Group: 1
+------------------------------------------+---------+----------------+----------------+----------------+----------------+----------------+----------------+----------------+----------------+----------------+----------------+----------------+----------------+----------------+----------------+----------------+----------------+----------------+----------------+----------------+----------------+----------------+
|                   Event                  | Counter |    f0485:0:0   |    f0485:1:1   |    f0485:2:2   |    f0485:3:3   |    f0485:4:4   |    f0485:5:5   |    f0485:6:6   |    f0485:7:7   |    f0485:8:8   |    f0485:9:9   |   f0485:10:10  |   f0485:11:11  |   f0485:12:12  |   f0485:13:13  |   f0485:14:14  |   f0485:15:15  |   f0485:16:16  |   f0485:17:17  |   f0485:18:18  |   f0485:19:19  |   f0485:20:20  |
+------------------------------------------+---------+----------------+----------------+----------------+----------------+----------------+----------------+----------------+----------------+----------------+----------------+----------------+----------------+----------------+----------------+----------------+----------------+----------------+----------------+----------------+----------------+----------------+
|             INSTR_RETIRED_ANY            |  FIXC0  |  2555007913569 |  2583904635930 |  2568275668898 |  2611454404758 |  2574289844353 |  2568854253256 |  2551392615482 |  2577899734016 |  2603542425052 |  2556015501078 |  2593738849667 |  2619633803678 |  2550930423072 |  2577037881665 |  2578435568110 |  2627844931928 |  2553668445763 |  2572402840829 |  5568901063690 |  5548134214177 |  5544792876603 |
|           CPU_CLK_UNHALTED_CORE          |  FIXC1  |  4950949842713 |  4950290548490 |  4951732264203 |  4953123472604 |  4954800416812 |  4954791315512 |  4955760207324 |  4954267548384 |  4954619669859 |  4955306933863 |  4954506202490 |  4955592039117 |  4954411784194 |  4951470837813 |  4948465392165 |  4951101804951 |  4953367496819 |  4954698491571 |  4963984030419 |  4963938229389 |  4963852234969 |
|           CPU_CLK_UNHALTED_REF           |  FIXC2  |  4950951206208 |  4950290145408 |  4951733228832 |  4953123723936 |  4954799661696 |  4954792095168 |  4955760745056 |  4954266854880 |  4954620310560 |  4955306592480 |  4954507369056 |  4955590686720 |  4954411114944 |  4951468820640 |  4948463786304 |  4951101579264 |  4953368653344 |  4954698315456 |  4963972035264 |  4963916583072 |  4963831131552 |
|               TOPDOWN_SLOTS              |  FIXC3  | 24754749213565 | 24751452742450 | 24758661321015 | 24765617363020 | 24774002084060 | 24773956577560 | 24778801036620 | 24771337741920 | 24773098349295 | 24776534669315 | 24772531012450 | 24777960195585 | 24772058920970 | 24757354189065 | 24742326960825 | 24755509024755 | 24766837484095 | 24773492457855 | 24819920152095 | 24819691146945 | 24819261174845 |
|              PWR_PKG_ENERGY              |   PWR0  |    357885.2759 |              0 |              0 |              0 |              0 |              0 |              0 |              0 |              0 |              0 |              0 |              0 |              0 |              0 |              0 |              0 |              0 |              0 |              0 |              0 |              0 |
|              PWR_DRAM_ENERGY             |   PWR3  |     33524.5057 |              0 |              0 |              0 |              0 |              0 |              0 |              0 |              0 |              0 |              0 |              0 |              0 |              0 |              0 |              0 |              0 |              0 |              0 |              0 |              0 |
| FP_ARITH_INST_RETIRED_128B_PACKED_DOUBLE |   PMC0  |              0 |              0 |              0 |              0 |              0 |              0 |              0 |              0 |              0 |              0 |              0 |              0 |              0 |              0 |              0 |              0 |              0 |              0 |              0 |              0 |              0 |
|    FP_ARITH_INST_RETIRED_SCALAR_DOUBLE   |   PMC1  |  1678673437417 |  1678672821513 |  1678057943172 |  1678672612472 |  1678672627615 |  1678057930109 |  1677239068193 |  1677239061086 |  1676624908987 |  1677239063435 |  1677239060883 |  1676624905992 |  1677239064266 |  1677239068104 |  1676624901221 |  1677239045517 |  1677239058114 |  1676624897900 |  1677239051491 |  1677239072690 |  1676624899040 |
| FP_ARITH_INST_RETIRED_256B_PACKED_DOUBLE |   PMC2  |              0 |              0 |              0 |              0 |              0 |              0 |              0 |              0 |              0 |              0 |              0 |              0 |              0 |              0 |              0 |              0 |              0 |              0 |              0 |              0 |              0 |
| FP_ARITH_INST_RETIRED_512B_PACKED_DOUBLE |   PMC3  |    20143406280 |    20143406280 |    20128744203 |    20143406280 |    20143406280 |    20128744203 |    20126216874 |    20126216874 |    20111554912 |    20126216874 |    20126216874 |    20111554912 |    20126216874 |    20126216874 |    20111554912 |    20126216874 |    20126216874 |    20111554912 |    20126216874 |    20126216874 |    20111554912 |
|               CAS_COUNT_RD               | MBOX0C0 |   430748418392 |              0 |              0 |              0 |              0 |              0 |              0 |              0 |              0 |              0 |              0 |              0 |              0 |              0 |              0 |              0 |              0 |              0 |              0 |              0 |              0 |
|               CAS_COUNT_WR               | MBOX0C1 |   181249886392 |              0 |              0 |              0 |              0 |              0 |              0 |              0 |              0 |              0 |              0 |              0 |              0 |              0 |              0 |              0 |              0 |              0 |              0 |              0 |              0 |
|               CAS_COUNT_RD               | MBOX1C0 |   430947824914 |              0 |              0 |              0 |              0 |              0 |              0 |              0 |              0 |              0 |              0 |              0 |              0 |              0 |              0 |              0 |              0 |              0 |              0 |              0 |              0 |
|               CAS_COUNT_WR               | MBOX1C1 |   181269511717 |              0 |              0 |              0 |              0 |              0 |              0 |              0 |              0 |              0 |              0 |              0 |              0 |              0 |              0 |              0 |              0 |              0 |              0 |              0 |              0 |
|               CAS_COUNT_RD               | MBOX2C0 |   430663501316 |              0 |              0 |              0 |              0 |              0 |              0 |              0 |              0 |              0 |              0 |              0 |              0 |              0 |              0 |              0 |              0 |              0 |              0 |              0 |              0 |
|               CAS_COUNT_WR               | MBOX2C1 |   181270253027 |              0 |              0 |              0 |              0 |              0 |              0 |              0 |              0 |              0 |              0 |              0 |              0 |              0 |              0 |              0 |              0 |              0 |              0 |              0 |              0 |
|               CAS_COUNT_RD               | MBOX3C0 |   430726406030 |              0 |              0 |              0 |              0 |              0 |              0 |              0 |              0 |              0 |              0 |              0 |              0 |              0 |              0 |              0 |              0 |              0 |              0 |              0 |              0 |
|               CAS_COUNT_WR               | MBOX3C1 |   181234179584 |              0 |              0 |              0 |              0 |              0 |              0 |              0 |              0 |              0 |              0 |              0 |              0 |              0 |              0 |              0 |              0 |              0 |              0 |              0 |              0 |
|               CAS_COUNT_RD               | MBOX4C0 |    66776845058 |              0 |              0 |              0 |              0 |              0 |              0 |              0 |              0 |              0 |              0 |              0 |              0 |              0 |              0 |              0 |              0 |              0 |              0 |              0 |              0 |
|               CAS_COUNT_WR               | MBOX4C1 |    28991358038 |              0 |              0 |              0 |              0 |              0 |              0 |              0 |              0 |              0 |              0 |              0 |              0 |              0 |              0 |              0 |              0 |              0 |              0 |              0 |              0 |
|               CAS_COUNT_RD               | MBOX5C0 |    66772556530 |              0 |              0 |              0 |              0 |              0 |              0 |              0 |              0 |              0 |              0 |              0 |              0 |              0 |              0 |              0 |              0 |              0 |              0 |              0 |              0 |
|               CAS_COUNT_WR               | MBOX5C1 |    28989760795 |              0 |              0 |              0 |              0 |              0 |              0 |              0 |              0 |              0 |              0 |              0 |              0 |              0 |              0 |              0 |              0 |              0 |              0 |              0 |              0 |
|               CAS_COUNT_RD               | MBOX6C0 |    66806183218 |              0 |              0 |              0 |              0 |              0 |              0 |              0 |              0 |              0 |              0 |              0 |              0 |              0 |              0 |              0 |              0 |              0 |              0 |              0 |              0 |
|               CAS_COUNT_WR               | MBOX6C1 |    28995600487 |              0 |              0 |              0 |              0 |              0 |              0 |              0 |              0 |              0 |              0 |              0 |              0 |              0 |              0 |              0 |              0 |              0 |              0 |              0 |              0 |
|               CAS_COUNT_RD               | MBOX7C0 |    66797793523 |              0 |              0 |              0 |              0 |              0 |              0 |              0 |              0 |              0 |              0 |              0 |              0 |              0 |              0 |              0 |              0 |              0 |              0 |              0 |              0 |
|               CAS_COUNT_WR               | MBOX7C1 |    28995088856 |              0 |              0 |              0 |              0 |              0 |              0 |              0 |              0 |              0 |              0 |              0 |              0 |              0 |              0 |              0 |              0 |              0 |              0 |              0 |              0 |
+------------------------------------------+---------+----------------+----------------+----------------+----------------+----------------+----------------+----------------+----------------+----------------+----------------+----------------+----------------+----------------+----------------+----------------+----------------+----------------+----------------+----------------+----------------+----------------+

+-----------------------------------------------+---------+-----------------+----------------+----------------+--------------+
|                     Event                     | Counter |       Sum       |       Min      |       Max      |      Avg     |
+-----------------------------------------------+---------+-----------------+----------------+----------------+--------------+
|             INSTR_RETIRED_ANY STAT            |  FIXC0  |  63086157895574 |  2550930423072 |  5568901063690 | 3.004103e+12 |
|           CPU_CLK_UNHALTED_CORE STAT          |  FIXC1  | 104051030763661 |  4948465392165 |  4963984030419 | 4.954811e+12 |
|           CPU_CLK_UNHALTED_REF STAT           |  FIXC2  | 104050974639840 |  4948463786304 |  4963972035264 | 4.954808e+12 |
|               TOPDOWN_SLOTS STAT              |  FIXC3  | 520255153818305 | 24742326960825 | 24819920152095 |      nil     |
|              PWR_PKG_ENERGY STAT              |   PWR0  |     357885.2759 |              0 |    357885.2759 |   17042.1560 |
|              PWR_DRAM_ENERGY STAT             |   PWR3  |      33524.5057 |              0 |     33524.5057 |    1596.4050 |
| FP_ARITH_INST_RETIRED_128B_PACKED_DOUBLE STAT |   PMC0  |               0 |              0 |              0 |            0 |
|    FP_ARITH_INST_RETIRED_SCALAR_DOUBLE STAT   |   PMC1  |  35226322499217 |  1676624897900 |  1678673437417 | 1.677444e+12 |
| FP_ARITH_INST_RETIRED_256B_PACKED_DOUBLE STAT |   PMC2  |               0 |              0 |              0 |            0 |
| FP_ARITH_INST_RETIRED_512B_PACKED_DOUBLE STAT |   PMC3  |    422651056826 |    20111554912 |    20143406280 | 2.012624e+10 |
|               CAS_COUNT_RD STAT               | MBOX0C0 |    430748418392 |              0 |   430748418392 | 2.051183e+10 |
|               CAS_COUNT_WR STAT               | MBOX0C1 |    181249886392 |              0 |   181249886392 | 8.630947e+09 |
|               CAS_COUNT_RD STAT               | MBOX1C0 |    430947824914 |              0 |   430947824914 | 2.052132e+10 |
|               CAS_COUNT_WR STAT               | MBOX1C1 |    181269511717 |              0 |   181269511717 | 8.631882e+09 |
|               CAS_COUNT_RD STAT               | MBOX2C0 |    430663501316 |              0 |   430663501316 | 2.050779e+10 |
|               CAS_COUNT_WR STAT               | MBOX2C1 |    181270253027 |              0 |   181270253027 | 8.631917e+09 |
|               CAS_COUNT_RD STAT               | MBOX3C0 |    430726406030 |              0 |   430726406030 | 2.051078e+10 |
|               CAS_COUNT_WR STAT               | MBOX3C1 |    181234179584 |              0 |   181234179584 | 8.630199e+09 |
|               CAS_COUNT_RD STAT               | MBOX4C0 |     66776845058 |              0 |    66776845058 | 3.179850e+09 |
|               CAS_COUNT_WR STAT               | MBOX4C1 |     28991358038 |              0 |    28991358038 | 1.380541e+09 |
|               CAS_COUNT_RD STAT               | MBOX5C0 |     66772556530 |              0 |    66772556530 | 3.179646e+09 |
|               CAS_COUNT_WR STAT               | MBOX5C1 |     28989760795 |              0 |    28989760795 | 1.380465e+09 |
|               CAS_COUNT_RD STAT               | MBOX6C0 |     66806183218 |              0 |    66806183218 | 3.181247e+09 |
|               CAS_COUNT_WR STAT               | MBOX6C1 |     28995600487 |              0 |    28995600487 | 1.380743e+09 |
|               CAS_COUNT_RD STAT               | MBOX7C0 |     66797793523 |              0 |    66797793523 | 3.180847e+09 |
|               CAS_COUNT_WR STAT               | MBOX7C1 |     28995088856 |              0 |    28995088856 | 1.380719e+09 |
+-----------------------------------------------+---------+-----------------+----------------+----------------+--------------+

+-----------------------------------+-------------+-----------+-----------+-----------+-----------+-----------+-----------+-----------+-----------+-----------+-------------+-------------+-------------+-------------+-------------+-------------+-------------+-------------+-------------+-------------+-------------+
|               Metric              |  f0485:0:0  | f0485:1:1 | f0485:2:2 | f0485:3:3 | f0485:4:4 | f0485:5:5 | f0485:6:6 | f0485:7:7 | f0485:8:8 | f0485:9:9 | f0485:10:10 | f0485:11:11 | f0485:12:12 | f0485:13:13 | f0485:14:14 | f0485:15:15 | f0485:16:16 | f0485:17:17 | f0485:18:18 | f0485:19:19 | f0485:20:20 |
+-----------------------------------+-------------+-----------+-----------+-----------+-----------+-----------+-----------+-----------+-----------+-----------+-------------+-------------+-------------+-------------+-------------+-------------+-------------+-------------+-------------+-------------+-------------+
|        Runtime (RDTSC) [s]        |   2078.4430 | 2078.2980 | 2078.4080 | 2078.1200 | 2078.1310 | 2078.2280 | 2078.1350 | 2078.1990 | 2078.2430 | 2078.1160 |   2078.6730 |   2078.1400 |   2078.2980 |   2078.2240 |   2078.1370 |   2078.3100 |   2078.1440 |   2078.1310 |   2078.1630 |   2078.1230 |   2078.1230 |
|        Runtime unhalted [s]       |   2068.1122 | 2067.5879 | 2068.3116 | 2068.6898 | 2069.3914 | 2069.3854 | 2069.7954 | 2069.1652 | 2069.3369 | 2069.6003 |   2069.7117 |   2069.7284 |   2069.3058 |   2067.9994 |   2066.7594 |   2067.9245 |   2068.8036 |   2069.3468 |   2073.2259 |   2073.2022 |   2073.1773 |
|            Clock [MHz]            |   2393.9457 | 2394.2349 | 2394.0934 | 2394.3287 | 2394.3278 | 2394.3296 | 2394.3234 | 2394.3319 | 2394.3027 | 2394.3306 |   2393.8141 |   2394.3206 |   2394.2389 |   2394.3299 |   2394.3121 |   2394.2374 |   2394.3144 |   2394.3297 |   2394.3344 |   2394.3443 |   2394.3313 |
|                CPI                |      1.9377 |    1.9158 |    1.9280 |    1.8967 |    1.9247 |    1.9288 |    1.9424 |    1.9218 |    1.9030 |    1.9387 |      1.9102 |      1.8917 |      1.9422 |      1.9214 |      1.9192 |      1.8841 |      1.9397 |      1.9261 |      0.8914 |      0.8947 |      0.8952 |
|             Energy [J]            | 357885.2759 |         0 |         0 |         0 |         0 |         0 |         0 |         0 |         0 |         0 |           0 |           0 |           0 |           0 |           0 |           0 |           0 |           0 |           0 |           0 |           0 |
|             Power [W]             |    172.1891 |         0 |         0 |         0 |         0 |         0 |         0 |         0 |         0 |         0 |           0 |           0 |           0 |           0 |           0 |           0 |           0 |           0 |           0 |           0 |           0 |
|          Energy DRAM [J]          |  33524.5057 |         0 |         0 |         0 |         0 |         0 |         0 |         0 |         0 |         0 |           0 |           0 |           0 |           0 |           0 |           0 |           0 |           0 |           0 |           0 |           0 |
|           Power DRAM [W]          |     16.1296 |         0 |         0 |         0 |         0 |         0 |         0 |         0 |         0 |         0 |           0 |           0 |           0 |           0 |           0 |           0 |           0 |           0 |           0 |           0 |           0 |
|            DP [MFLOP/s]           |    885.1918 |  885.2533 |  884.8541 |  885.3290 |  885.3243 |  884.9308 |  884.5666 |  884.5394 |  884.1687 |  884.5747 |    884.3376 |    884.2125 |    884.4972 |    884.5287 |    884.2138 |    884.4921 |    884.5628 |    884.2163 |    884.5547 |    884.5717 |    884.2197 |
|          AVX DP [MFLOP/s]         |     77.5327 |   77.5381 |   77.4775 |   77.5447 |   77.5443 |   77.4843 |   77.4780 |   77.4756 |   77.4175 |   77.4787 |     77.4579 |     77.4214 |     77.4719 |     77.4747 |     77.4215 |     77.4715 |     77.4777 |     77.4217 |     77.4770 |     77.4784 |     77.4220 |
|          Packed [MUOPS/s]         |      9.6916 |    9.6923 |    9.6847 |    9.6931 |    9.6930 |    9.6855 |    9.6847 |    9.6845 |    9.6772 |    9.6848 |      9.6822 |      9.6777 |      9.6840 |      9.6843 |      9.6777 |      9.6839 |      9.6847 |      9.6777 |      9.6846 |      9.6848 |      9.6778 |
|          Scalar [MUOPS/s]         |    807.6591 |  807.7152 |  807.3766 |  807.7843 |  807.7800 |  807.4465 |  807.0886 |  807.0637 |  806.7511 |  807.0960 |    806.8797 |    806.7911 |    807.0253 |    807.0540 |    806.7923 |    807.0206 |    807.0851 |    806.7946 |    807.0777 |    807.0933 |    806.7977 |
|  Memory read bandwidth [MBytes/s] |  61284.0140 |         0 |         0 |         0 |         0 |         0 |         0 |         0 |         0 |         0 |           0 |           0 |           0 |           0 |           0 |           0 |           0 |           0 |           0 |           0 |           0 |
|  Memory read data volume [GBytes] | 127375.3299 |         0 |         0 |         0 |         0 |         0 |         0 |         0 |         0 |         0 |           0 |           0 |           0 |           0 |           0 |           0 |           0 |           0 |           0 |           0 |           0 |
| Memory write bandwidth [MBytes/s] |  25896.1737 |         0 |         0 |         0 |         0 |         0 |         0 |         0 |         0 |         0 |           0 |           0 |           0 |           0 |           0 |           0 |           0 |           0 |           0 |           0 |           0 |
| Memory write data volume [GBytes] |  53823.7209 |         0 |         0 |         0 |         0 |         0 |         0 |         0 |         0 |         0 |           0 |           0 |           0 |           0 |           0 |           0 |           0 |           0 |           0 |           0 |           0 |
|    Memory bandwidth [MBytes/s]    |  87180.1876 |         0 |         0 |         0 |         0 |         0 |         0 |         0 |         0 |         0 |           0 |           0 |           0 |           0 |           0 |           0 |           0 |           0 |           0 |           0 |           0 |
|    Memory data volume [GBytes]    | 181199.0507 |         0 |         0 |         0 |         0 |         0 |         0 |         0 |         0 |         0 |           0 |           0 |           0 |           0 |           0 |           0 |           0 |           0 |           0 |           0 |           0 |
|       Operational intensity       |      0.0102 |         0 |         0 |         0 |         0 |         0 |         0 |         0 |         0 |         0 |           0 |           0 |           0 |           0 |           0 |           0 |           0 |           0 |           0 |           0 |           0 |
+-----------------------------------+-------------+-----------+-----------+-----------+-----------+-----------+-----------+-----------+-----------+-----------+-------------+-------------+-------------+-------------+-------------+-------------+-------------+-------------+-------------+-------------+-------------+

+----------------------------------------+-------------+-----------+-------------+------------+-----------+-----------+-----------+
|                 Metric                 |     Sum     |    Min    |     Max     |     Avg    |  %ile 25  |  %ile 50  |  %ile 75  |
+----------------------------------------+-------------+-----------+-------------+------------+-----------+-----------+-----------+
|        Runtime (RDTSC) [s] STAT        |  43642.7870 | 2078.1160 |   2078.6730 |  2078.2280 | 2078.1310 | 2078.1630 | 2078.2980 |
|        Runtime unhalted [s] STAT       |  43458.5611 | 2066.7594 |   2073.2259 |  2069.4553 | 2068.1122 | 2069.3369 | 2069.7117 |
|            Clock [MHz] STAT            |  50279.4558 | 2393.8141 |   2394.3443 |  2394.2598 | 2394.2374 | 2394.3234 | 2394.3299 |
|                CPI STAT                |     37.2535 |    0.8914 |      1.9424 |     1.7740 |    1.8917 |    1.9214 |    1.9288 |
|             Energy [J] STAT            | 357885.2759 |         0 | 357885.2759 | 17042.1560 |         0 |         0 |         0 |
|             Power [W] STAT             |    172.1891 |         0 |    172.1891 |     8.1995 |         0 |         0 |         0 |
|          Energy DRAM [J] STAT          |  33524.5057 |         0 |  33524.5057 |  1596.4050 |         0 |         0 |         0 |
|           Power DRAM [W] STAT          |     16.1296 |         0 |     16.1296 |     0.7681 |         0 |         0 |         0 |
|            DP [MFLOP/s] STAT           |  18577.1398 |  884.1687 |    885.3290 |   884.6257 |  884.2197 |  884.5547 |  884.8541 |
|          AVX DP [MFLOP/s] STAT         |   1626.9671 |   77.4175 |     77.5447 |    77.4746 |   77.4220 |   77.4770 |   77.4787 |
|          Packed [MUOPS/s] STAT         |    203.3708 |    9.6772 |      9.6931 |     9.6843 |    9.6778 |    9.6846 |    9.6848 |
|          Scalar [MUOPS/s] STAT         |  16950.1725 |  806.7511 |    807.7843 |   807.1511 |  806.7977 |  807.0777 |  807.3766 |
|  Memory read bandwidth [MBytes/s] STAT |  61284.0140 |         0 |  61284.0140 |  2918.2864 |         0 |         0 |         0 |
|  Memory read data volume [GBytes] STAT | 127375.3299 |         0 | 127375.3299 |  6065.4919 |         0 |         0 |         0 |
| Memory write bandwidth [MBytes/s] STAT |  25896.1737 |         0 |  25896.1737 |  1233.1511 |         0 |         0 |         0 |
| Memory write data volume [GBytes] STAT |  53823.7209 |         0 |  53823.7209 |  2563.0343 |         0 |         0 |         0 |
|    Memory bandwidth [MBytes/s] STAT    |  87180.1876 |         0 |  87180.1876 |  4151.4375 |         0 |         0 |         0 |
|    Memory data volume [GBytes] STAT    | 181199.0507 |         0 | 181199.0507 |  8628.5262 |         0 |         0 |         0 |
|       Operational intensity STAT       |      0.0102 |         0 |      0.0102 |     0.0005 |         0 |         0 |         0 |
+----------------------------------------+-------------+-----------+-------------+------------+-----------+-----------+-----------+

