WARN: Cannot extract OpenMP vendor from executable or commandline, assuming no OpenMP
Successfully initialised 18 MPI ranks.
Opening tea.out as log file.

Timestep 1
Error: 			5.444659e-11

Timestep 2
Error: 			3.489730e-12

Timestep 3
Error: 			2.490742e-13

Timestep 4
Error: 			1.518584e-14

Timestep 5
Error: 			9.886868e-16

Checking results...
Expected 9.200337173020409e+01
Actual   9.200337173013753e+01
This run [32mPASSED[0m (Difference is within 0.00000000%)
Group: 1
+------------------------------------------+---------+----------------+----------------+----------------+----------------+----------------+----------------+----------------+----------------+----------------+----------------+----------------+----------------+----------------+----------------+----------------+----------------+----------------+----------------+
|                   Event                  | Counter |    f0485:0:0   |    f0485:1:1   |    f0485:2:2   |    f0485:3:3   |    f0485:4:4   |    f0485:5:5   |    f0485:6:6   |    f0485:7:7   |    f0485:8:8   |    f0485:9:9   |   f0485:10:10  |   f0485:11:11  |   f0485:12:12  |   f0485:13:13  |   f0485:14:14  |   f0485:15:15  |   f0485:16:16  |   f0485:17:17  |
+------------------------------------------+---------+----------------+----------------+----------------+----------------+----------------+----------------+----------------+----------------+----------------+----------------+----------------+----------------+----------------+----------------+----------------+----------------+----------------+----------------+
|             INSTR_RETIRED_ANY            |  FIXC0  |  2989693590668 |  2984698939738 |  3048800267585 |  2997010747823 |  2981908847166 |  3115403095127 |  3000044272342 |  3036576692423 |  3066936369554 |  2983172420653 |  2979165158626 |  2982235815485 |  3007814279692 |  3001009922715 |  2986156066373 |  2973979872242 |  3001183889453 |  3011668059031 |
|           CPU_CLK_UNHALTED_CORE          |  FIXC1  |  5778065155389 |  5780250539277 |  5784797611185 |  5785277435448 |  5782256018687 |  5782825653980 |  5783723687549 |  5781745599580 |  5783267381802 |  5782897644307 |  5783636005853 |  5783065682306 |  5784516322314 |  5785667995063 |  5783575984139 |  5782032761098 |  5782675998146 |  5783508245980 |
|           CPU_CLK_UNHALTED_REF           |  FIXC2  |  5778068401152 |  5780253520608 |  5784797200512 |  5785277339232 |  5782255415904 |  5782823792544 |  5783724402048 |  5781747427872 |  5783267720160 |  5782896542688 |  5783635119168 |  5783066394624 |  5784517549344 |  5785669308672 |  5783576655648 |  5782032401856 |  5782678653504 |  5783508985920 |
|               TOPDOWN_SLOTS              |  FIXC3  | 28890325776945 | 28901252696385 | 28923988055925 | 28926387177240 | 28911280093435 | 28914128269900 | 28918618437745 | 28908727997900 | 28916336909010 | 28914488221535 | 28918180029265 | 28915328411530 | 28922581611570 | 28928339975315 | 28917879920695 | 28910163805490 | 28913379990730 | 28917541229900 |
|              PWR_PKG_ENERGY              |   PWR0  |    391387.4849 |              0 |              0 |              0 |              0 |              0 |              0 |              0 |              0 |              0 |              0 |              0 |              0 |              0 |              0 |              0 |              0 |              0 |
|              PWR_DRAM_ENERGY             |   PWR3  |     35287.8411 |              0 |              0 |              0 |              0 |              0 |              0 |              0 |              0 |              0 |              0 |              0 |              0 |              0 |              0 |              0 |              0 |              0 |
| FP_ARITH_INST_RETIRED_128B_PACKED_DOUBLE |   PMC0  |              0 |              0 |              0 |              0 |              0 |              0 |              0 |              0 |              0 |              0 |              0 |              0 |              0 |              0 |              0 |              0 |              0 |              0 |
|    FP_ARITH_INST_RETIRED_SCALAR_DOUBLE   |   PMC1  |  1958213247223 |  1958212463768 |  1957495370899 |  1958212395260 |  1958212397617 |  1957495355004 |  1956778856303 |  1956778856828 |  1956062348390 |  1956778848949 |  1956778848114 |  1956062333794 |  1956778844513 |  1956778846231 |  1956062326893 |  1956778844615 |  1956778846939 |  1956062327710 |
| FP_ARITH_INST_RETIRED_256B_PACKED_DOUBLE |   PMC2  |              0 |              0 |              0 |              0 |              0 |              0 |              0 |              0 |              0 |              0 |              0 |              0 |              0 |              0 |              0 |              0 |              0 |              0 |
| FP_ARITH_INST_RETIRED_512B_PACKED_DOUBLE |   PMC3  |    23497833815 |    23497833817 |    23480661140 |    23497833817 |    23497833817 |    23480661140 |    23480644540 |    23480644540 |    23463471867 |    23480644540 |    23480644540 |    23463471867 |    23480644540 |    23480644540 |    23463471867 |    23480644540 |    23480644540 |    23463471867 |
|               CAS_COUNT_RD               | MBOX0C0 |   501880616010 |              0 |              0 |              0 |              0 |              0 |              0 |              0 |              0 |              0 |              0 |              0 |              0 |              0 |              0 |              0 |              0 |              0 |
|               CAS_COUNT_WR               | MBOX0C1 |   211314695541 |              0 |              0 |              0 |              0 |              0 |              0 |              0 |              0 |              0 |              0 |              0 |              0 |              0 |              0 |              0 |              0 |              0 |
|               CAS_COUNT_RD               | MBOX1C0 |   502130461442 |              0 |              0 |              0 |              0 |              0 |              0 |              0 |              0 |              0 |              0 |              0 |              0 |              0 |              0 |              0 |              0 |              0 |
|               CAS_COUNT_WR               | MBOX1C1 |   211320170334 |              0 |              0 |              0 |              0 |              0 |              0 |              0 |              0 |              0 |              0 |              0 |              0 |              0 |              0 |              0 |              0 |              0 |
|               CAS_COUNT_RD               | MBOX2C0 |   501788888320 |              0 |              0 |              0 |              0 |              0 |              0 |              0 |              0 |              0 |              0 |              0 |              0 |              0 |              0 |              0 |              0 |              0 |
|               CAS_COUNT_WR               | MBOX2C1 |   211325724091 |              0 |              0 |              0 |              0 |              0 |              0 |              0 |              0 |              0 |              0 |              0 |              0 |              0 |              0 |              0 |              0 |              0 |
|               CAS_COUNT_RD               | MBOX3C0 |   501884928341 |              0 |              0 |              0 |              0 |              0 |              0 |              0 |              0 |              0 |              0 |              0 |              0 |              0 |              0 |              0 |              0 |              0 |
|               CAS_COUNT_WR               | MBOX3C1 |   211293561652 |              0 |              0 |              0 |              0 |              0 |              0 |              0 |              0 |              0 |              0 |              0 |              0 |              0 |              0 |              0 |              0 |              0 |
|               CAS_COUNT_RD               | MBOX4C0 |        8726949 |              0 |              0 |              0 |              0 |              0 |              0 |              0 |              0 |              0 |              0 |              0 |              0 |              0 |              0 |              0 |              0 |              0 |
|               CAS_COUNT_WR               | MBOX4C1 |        8853028 |              0 |              0 |              0 |              0 |              0 |              0 |              0 |              0 |              0 |              0 |              0 |              0 |              0 |              0 |              0 |              0 |              0 |
|               CAS_COUNT_RD               | MBOX5C0 |        8517925 |              0 |              0 |              0 |              0 |              0 |              0 |              0 |              0 |              0 |              0 |              0 |              0 |              0 |              0 |              0 |              0 |              0 |
|               CAS_COUNT_WR               | MBOX5C1 |        8591137 |              0 |              0 |              0 |              0 |              0 |              0 |              0 |              0 |              0 |              0 |              0 |              0 |              0 |              0 |              0 |              0 |              0 |
|               CAS_COUNT_RD               | MBOX6C0 |        8873132 |              0 |              0 |              0 |              0 |              0 |              0 |              0 |              0 |              0 |              0 |              0 |              0 |              0 |              0 |              0 |              0 |              0 |
|               CAS_COUNT_WR               | MBOX6C1 |        9060109 |              0 |              0 |              0 |              0 |              0 |              0 |              0 |              0 |              0 |              0 |              0 |              0 |              0 |              0 |              0 |              0 |              0 |
|               CAS_COUNT_RD               | MBOX7C0 |        8813185 |              0 |              0 |              0 |              0 |              0 |              0 |              0 |              0 |              0 |              0 |              0 |              0 |              0 |              0 |              0 |              0 |              0 |
|               CAS_COUNT_WR               | MBOX7C1 |        9027658 |              0 |              0 |              0 |              0 |              0 |              0 |              0 |              0 |              0 |              0 |              0 |              0 |              0 |              0 |              0 |              0 |              0 |
+------------------------------------------+---------+----------------+----------------+----------------+----------------+----------------+----------------+----------------+----------------+----------------+----------------+----------------+----------------+----------------+----------------+----------------+----------------+----------------+----------------+

+-----------------------------------------------+---------+-----------------+----------------+----------------+--------------+
|                     Event                     | Counter |       Sum       |       Min      |       Max      |      Avg     |
+-----------------------------------------------+---------+-----------------+----------------+----------------+--------------+
|             INSTR_RETIRED_ANY STAT            |  FIXC0  |  54147458306696 |  2973979872242 |  3115403095127 | 3.008192e+12 |
|           CPU_CLK_UNHALTED_CORE STAT          |  FIXC1  | 104093785722103 |  5778065155389 |  5785667995063 | 5.782988e+12 |
|           CPU_CLK_UNHALTED_REF STAT           |  FIXC2  | 104093796831456 |  5778068401152 |  5785669308672 | 5.782989e+12 |
|               TOPDOWN_SLOTS STAT              |  FIXC3  | 520468928610515 | 28890325776945 | 28928339975315 |      nil     |
|              PWR_PKG_ENERGY STAT              |   PWR0  |     391387.4849 |              0 |    391387.4849 |   21743.7492 |
|              PWR_DRAM_ENERGY STAT             |   PWR3  |      35287.8411 |              0 |     35287.8411 |    1960.4356 |
| FP_ARITH_INST_RETIRED_128B_PACKED_DOUBLE STAT |   PMC0  |               0 |              0 |              0 |            0 |
|    FP_ARITH_INST_RETIRED_SCALAR_DOUBLE STAT   |   PMC1  |  35226321359050 |  1956062326893 |  1958213247223 | 1.957018e+12 |
| FP_ARITH_INST_RETIRED_256B_PACKED_DOUBLE STAT |   PMC2  |               0 |              0 |              0 |            0 |
| FP_ARITH_INST_RETIRED_512B_PACKED_DOUBLE STAT |   PMC3  |    422651701334 |    23463471867 |    23497833817 | 2.348065e+10 |
|               CAS_COUNT_RD STAT               | MBOX0C0 |    501880616010 |              0 |   501880616010 |  27882256445 |
|               CAS_COUNT_WR STAT               | MBOX0C1 |    211314695541 |              0 |   211314695541 | 1.173971e+10 |
|               CAS_COUNT_RD STAT               | MBOX1C0 |    502130461442 |              0 |   502130461442 | 2.789614e+10 |
|               CAS_COUNT_WR STAT               | MBOX1C1 |    211320170334 |              0 |   211320170334 |  11740009463 |
|               CAS_COUNT_RD STAT               | MBOX2C0 |    501788888320 |              0 |   501788888320 | 2.787716e+10 |
|               CAS_COUNT_WR STAT               | MBOX2C1 |    211325724091 |              0 |   211325724091 | 1.174032e+10 |
|               CAS_COUNT_RD STAT               | MBOX3C0 |    501884928341 |              0 |   501884928341 | 2.788250e+10 |
|               CAS_COUNT_WR STAT               | MBOX3C1 |    211293561652 |              0 |   211293561652 | 1.173853e+10 |
|               CAS_COUNT_RD STAT               | MBOX4C0 |         8726949 |              0 |        8726949 |  484830.5000 |
|               CAS_COUNT_WR STAT               | MBOX4C1 |         8853028 |              0 |        8853028 |  491834.8889 |
|               CAS_COUNT_RD STAT               | MBOX5C0 |         8517925 |              0 |        8517925 |  473218.0556 |
|               CAS_COUNT_WR STAT               | MBOX5C1 |         8591137 |              0 |        8591137 |  477285.3889 |
|               CAS_COUNT_RD STAT               | MBOX6C0 |         8873132 |              0 |        8873132 |  492951.7778 |
|               CAS_COUNT_WR STAT               | MBOX6C1 |         9060109 |              0 |        9060109 |  503339.3889 |
|               CAS_COUNT_RD STAT               | MBOX7C0 |         8813185 |              0 |        8813185 |  489621.3889 |
|               CAS_COUNT_WR STAT               | MBOX7C1 |         9027658 |              0 |        9027658 |  501536.5556 |
+-----------------------------------------------+---------+-----------------+----------------+----------------+--------------+

+-----------------------------------+-------------+-----------+-----------+-----------+-----------+-----------+-----------+-----------+-----------+-----------+-------------+-------------+-------------+-------------+-------------+-------------+-------------+-------------+
|               Metric              |  f0485:0:0  | f0485:1:1 | f0485:2:2 | f0485:3:3 | f0485:4:4 | f0485:5:5 | f0485:6:6 | f0485:7:7 | f0485:8:8 | f0485:9:9 | f0485:10:10 | f0485:11:11 | f0485:12:12 | f0485:13:13 | f0485:14:14 | f0485:15:15 | f0485:16:16 | f0485:17:17 |
+-----------------------------------+-------------+-----------+-----------+-----------+-----------+-----------+-----------+-----------+-----------+-----------+-------------+-------------+-------------+-------------+-------------+-------------+-------------+-------------+
|        Runtime (RDTSC) [s]        |   2425.4870 | 2425.4790 | 2425.4860 | 2425.5240 | 2425.6160 | 2425.4950 | 2425.8050 | 2425.4510 | 2425.5060 | 2425.4790 |   2425.4460 |   2425.5160 |   2425.4740 |   2425.4830 |   2425.4890 |   2425.4800 |   2425.4890 |   2425.4700 |
|        Runtime unhalted [s]       |   2413.2337 | 2414.1396 | 2416.0453 | 2416.2433 | 2415.1122 | 2415.2161 | 2415.9243 | 2414.7635 | 2415.4016 | 2415.2482 |   2415.5585 |   2415.3186 |   2415.9219 |   2416.4053 |   2415.5415 |   2414.8827 |   2415.1553 |   2415.5019 |
|            Clock [MHz]            |   2394.3234 | 2394.3303 | 2394.3252 | 2394.3274 | 2394.1979 | 2394.3313 | 2394.0001 | 2394.3313 | 2394.3294 | 2394.3290 |   2394.3270 |   2394.3280 |   2394.3303 |   2394.3279 |   2394.3184 |   2394.3329 |   2394.3278 |   2394.3295 |
|                CPI                |      1.9327 |    1.9366 |    1.8974 |    1.9303 |    1.9391 |    1.8562 |    1.9279 |    1.9040 |    1.8857 |    1.9385 |      1.9414 |      1.9392 |      1.9232 |      1.9279 |      1.9368 |      1.9442 |      1.9268 |      1.9204 |
|             Energy [J]            | 391387.4849 |         0 |         0 |         0 |         0 |         0 |         0 |         0 |         0 |         0 |           0 |           0 |           0 |           0 |           0 |           0 |           0 |           0 |
|             Power [W]             |    161.3645 |         0 |         0 |         0 |         0 |         0 |         0 |         0 |         0 |         0 |           0 |           0 |           0 |           0 |           0 |           0 |           0 |           0 |
|          Energy DRAM [J]          |  35287.8411 |         0 |         0 |         0 |         0 |         0 |         0 |         0 |         0 |         0 |           0 |           0 |           0 |           0 |           0 |           0 |           0 |           0 |
|           Power DRAM [W]          |     14.5488 |         0 |         0 |         0 |         0 |         0 |         0 |         0 |         0 |         0 |           0 |           0 |           0 |           0 |           0 |           0 |           0 |           0 |
|            DP [MFLOP/s]           |    884.8515 |  884.8541 |  884.4993 |  884.8377 |  884.8041 |  884.4960 |  884.0876 |  884.2166 |  883.8445 |  884.2064 |    884.2184 |    883.8408 |    884.2082 |    884.2049 |    883.8507 |    884.2060 |    884.2027 |    883.8576 |
|          AVX DP [MFLOP/s]         |     77.5031 |   77.5033 |   77.4465 |   77.5019 |   77.4989 |   77.4462 |   77.4362 |   77.4475 |   77.3891 |   77.4466 |     77.4477 |     77.3888 |     77.4468 |     77.4465 |     77.3897 |     77.4466 |     77.4463 |     77.3903 |
|          Packed [MUOPS/s]         |      9.6879 |    9.6879 |    9.6808 |    9.6877 |    9.6874 |    9.6808 |    9.6795 |    9.6809 |    9.6736 |    9.6808 |      9.6810 |      9.6736 |      9.6808 |      9.6808 |      9.6737 |      9.6808 |      9.6808 |      9.6738 |
|          Scalar [MUOPS/s]         |    807.3485 |  807.3508 |  807.0528 |  807.3358 |  807.3052 |  807.0498 |  806.6513 |  806.7691 |  806.4554 |  806.7598 |    806.7707 |    806.4520 |    806.7614 |    806.7584 |    806.4610 |    806.7594 |    806.7564 |    806.4673 |
|  Memory read bandwidth [MBytes/s] |  52976.6059 |         0 |         0 |         0 |         0 |         0 |         0 |         0 |         0 |         0 |           0 |           0 |           0 |           0 |           0 |           0 |           0 |           0 |
|  Memory read data volume [GBytes] | 128494.0688 |         0 |         0 |         0 |         0 |         0 |         0 |         0 |         0 |         0 |           0 |           0 |           0 |           0 |           0 |           0 |           0 |           0 |
| Memory write bandwidth [MBytes/s] |  22304.1969 |         0 |         0 |         0 |         0 |         0 |         0 |         0 |         0 |         0 |           0 |           0 |           0 |           0 |           0 |           0 |           0 |           0 |
| Memory write data volume [GBytes] |  54098.5397 |         0 |         0 |         0 |         0 |         0 |         0 |         0 |         0 |         0 |           0 |           0 |           0 |           0 |           0 |           0 |           0 |           0 |
|    Memory bandwidth [MBytes/s]    |  75280.8028 |         0 |         0 |         0 |         0 |         0 |         0 |         0 |         0 |         0 |           0 |           0 |           0 |           0 |           0 |           0 |           0 |           0 |
|    Memory data volume [GBytes]    | 182592.6086 |         0 |         0 |         0 |         0 |         0 |         0 |         0 |         0 |         0 |           0 |           0 |           0 |           0 |           0 |           0 |           0 |           0 |
|       Operational intensity       |      0.0118 |         0 |         0 |         0 |         0 |         0 |         0 |         0 |         0 |         0 |           0 |           0 |           0 |           0 |           0 |           0 |           0 |           0 |
+-----------------------------------+-------------+-----------+-----------+-----------+-----------+-----------+-----------+-----------+-----------+-----------+-------------+-------------+-------------+-------------+-------------+-------------+-------------+-------------+

+----------------------------------------+-------------+-----------+-------------+------------+-----------+-----------+-----------+
|                 Metric                 |     Sum     |    Min    |     Max     |     Avg    |  %ile 25  |  %ile 50  |  %ile 75  |
+----------------------------------------+-------------+-----------+-------------+------------+-----------+-----------+-----------+
|        Runtime (RDTSC) [s] STAT        |  43659.1750 | 2425.4460 |   2425.8050 |  2425.5097 | 2425.4790 | 2425.4860 | 2425.5060 |
|        Runtime unhalted [s] STAT       |  43475.6135 | 2413.2337 |   2416.4053 |  2415.3119 | 2415.1122 | 2415.3186 | 2415.9219 |
|            Clock [MHz] STAT            |  43097.4471 | 2394.0001 |   2394.3329 |  2394.3026 | 2394.3252 | 2394.3279 | 2394.3303 |
|                CPI STAT                |     34.6083 |    1.8562 |      1.9442 |     1.9227 |    1.9204 |    1.9279 |    1.9385 |
|             Energy [J] STAT            | 391387.4849 |         0 | 391387.4849 | 21743.7492 |         0 |         0 |         0 |
|             Power [W] STAT             |    161.3645 |         0 |    161.3645 |     8.9647 |         0 |         0 |         0 |
|          Energy DRAM [J] STAT          |  35287.8411 |         0 |  35287.8411 |  1960.4356 |         0 |         0 |         0 |
|           Power DRAM [W] STAT          |     14.5488 |         0 |     14.5488 |     0.8083 |         0 |         0 |         0 |
|            DP [MFLOP/s] STAT           |  15917.2871 |  883.8408 |    884.8541 |   884.2937 |  884.0876 |  884.2064 |  884.4993 |
|          AVX DP [MFLOP/s] STAT         |   1394.0220 |   77.3888 |     77.5033 |    77.4457 |   77.4362 |   77.4465 |   77.4477 |
|          Packed [MUOPS/s] STAT         |    174.2526 |    9.6736 |      9.6879 |     9.6807 |    9.6795 |    9.6808 |    9.6810 |
|          Scalar [MUOPS/s] STAT         |  14523.2651 |  806.4520 |    807.3508 |   806.8481 |  806.6513 |  806.7598 |  807.0528 |
|  Memory read bandwidth [MBytes/s] STAT |  52976.6059 |         0 |  52976.6059 |  2943.1448 |         0 |         0 |         0 |
|  Memory read data volume [GBytes] STAT | 128494.0688 |         0 | 128494.0688 |  7138.5594 |         0 |         0 |         0 |
| Memory write bandwidth [MBytes/s] STAT |  22304.1969 |         0 |  22304.1969 |  1239.1220 |         0 |         0 |         0 |
| Memory write data volume [GBytes] STAT |  54098.5397 |         0 |  54098.5397 |  3005.4744 |         0 |         0 |         0 |
|    Memory bandwidth [MBytes/s] STAT    |  75280.8028 |         0 |  75280.8028 |  4182.2668 |         0 |         0 |         0 |
|    Memory data volume [GBytes] STAT    | 182592.6086 |         0 | 182592.6086 | 10144.0338 |         0 |         0 |         0 |
|       Operational intensity STAT       |      0.0118 |         0 |      0.0118 |     0.0007 |         0 |         0 |         0 |
+----------------------------------------+-------------+-----------+-------------+------------+-----------+-----------+-----------+

