WARN: Cannot extract OpenMP vendor from executable or commandline, assuming no OpenMP
Successfully initialised 20 MPI ranks.
Opening tea.out as log file.

Timestep 1
Error: 			5.444659e-11

Timestep 2
Error: 			3.489730e-12

Timestep 3
Error: 			2.491007e-13

Timestep 4
Error: 			1.519520e-14

Timestep 5
Error: 			9.888121e-16

Checking results...
Expected 9.200337173020409e+01
Actual   9.200337173016031e+01
This run [32mPASSED[0m (Difference is within 0.00000000%)
Group: 1
+------------------------------------------+---------+----------------+----------------+----------------+----------------+----------------+----------------+----------------+----------------+----------------+----------------+----------------+----------------+----------------+----------------+----------------+----------------+----------------+----------------+----------------+----------------+
|                   Event                  | Counter |    f0485:0:0   |    f0485:1:1   |    f0485:2:2   |    f0485:3:3   |    f0485:4:4   |    f0485:5:5   |    f0485:6:6   |    f0485:7:7   |    f0485:8:8   |    f0485:9:9   |   f0485:10:10  |   f0485:11:11  |   f0485:12:12  |   f0485:13:13  |   f0485:14:14  |   f0485:15:15  |   f0485:16:16  |   f0485:17:17  |   f0485:18:18  |   f0485:19:19  |
+------------------------------------------+---------+----------------+----------------+----------------+----------------+----------------+----------------+----------------+----------------+----------------+----------------+----------------+----------------+----------------+----------------+----------------+----------------+----------------+----------------+----------------+----------------+
|             INSTR_RETIRED_ANY            |  FIXC0  |  2684475027222 |  2686775346406 |  2741435301326 |  2685916256649 |  2716165450066 |  2727748168329 |  2760981287037 |  2735942860369 |  2711904961049 |  2725269186388 |  2695666701641 |  2711302231978 |  2708391931286 |  2683044519356 |  2690571714777 |  2692888141152 |  2704805575102 |  2702811555482 |  5940821886705 |  5973765959972 |
|           CPU_CLK_UNHALTED_CORE          |  FIXC1  |  5237653436014 |  5236494310991 |  5240131838135 |  5241064137810 |  5241840398038 |  5241358148797 |  5242510311876 |  5240911235572 |  5240681449885 |  5241018340491 |  5240312695746 |  5242460748041 |  5236716564042 |  5238734576324 |  5236661098570 |  5236867697953 |  5240681326977 |  5241079375980 |  5250836719365 |  5252326829202 |
|           CPU_CLK_UNHALTED_REF           |  FIXC2  |  5237657258016 |  5236496473824 |  5240132723616 |  5241064832832 |  5241841840320 |  5241357615456 |  5242511069568 |  5240915248608 |  5240685789792 |  5241018760704 |  5240315601216 |  5242462379616 |  5236716868416 |  5238734792928 |  5236662804480 |  5236870065504 |  5240684810304 |  5241080858304 |  5250824659008 |  5252310344256 |
|               TOPDOWN_SLOTS              |  FIXC3  | 26188267180070 | 26182471554955 | 26200659190675 | 26205320689050 | 26209201990190 | 26206790743985 | 26212551559380 | 26204556177860 | 26203407249425 | 26205091702455 | 26201563478730 | 26212303740205 | 26183582820210 | 26193672881620 | 26183305492850 | 26184338489765 | 26203406634885 | 26205396879900 | 26254183596825 | 26261634146010 |
|              PWR_PKG_ENERGY              |   PWR0  |    371307.5198 |              0 |              0 |              0 |              0 |              0 |              0 |              0 |              0 |              0 |              0 |              0 |              0 |              0 |              0 |              0 |              0 |              0 |              0 |              0 |
|              PWR_DRAM_ENERGY             |   PWR3  |     34513.6230 |              0 |              0 |              0 |              0 |              0 |              0 |              0 |              0 |              0 |              0 |              0 |              0 |              0 |              0 |              0 |              0 |              0 |              0 |              0 |
| FP_ARITH_INST_RETIRED_128B_PACKED_DOUBLE |   PMC0  |              0 |              0 |              0 |              0 |              0 |              0 |              0 |              0 |              0 |              0 |              0 |              0 |              0 |              0 |              0 |              0 |              0 |              0 |              0 |              0 |
|    FP_ARITH_INST_RETIRED_SCALAR_DOUBLE   |   PMC1  |  1761961620787 |  1761961538067 |  1761961092640 |  1761961100043 |  1761961090113 |  1761961086311 |  1761961093451 |  1761961101613 |  1760886057214 |  1760886050246 |  1760886072226 |  1760886051103 |  1760886066700 |  1760886050896 |  1760886046781 |  1760886051367 |  1760886038490 |  1760886040642 |  1760886046187 |  1760886046651 |
| FP_ARITH_INST_RETIRED_256B_PACKED_DOUBLE |   PMC2  |              0 |              0 |              0 |              0 |              0 |              0 |              0 |              0 |              0 |              0 |              0 |              0 |              0 |              0 |              0 |              0 |              0 |              0 |              0 |              0 |
| FP_ARITH_INST_RETIRED_512B_PACKED_DOUBLE |   PMC3  |    21130096647 |    21130096647 |    21130096647 |    21130096647 |    21130096647 |    21130096647 |    21130096647 |    21130096647 |    21117179537 |    21117179537 |    21117179537 |    21117179537 |    21117179537 |    21117179537 |    21117179537 |    21117179537 |    21117179537 |    21117179537 |    21117179537 |    21117179537 |
|               CAS_COUNT_RD               | MBOX0C0 |   454467651906 |              0 |              0 |              0 |              0 |              0 |              0 |              0 |              0 |              0 |              0 |              0 |              0 |              0 |              0 |              0 |              0 |              0 |              0 |              0 |
|               CAS_COUNT_WR               | MBOX0C1 |   190276038712 |              0 |              0 |              0 |              0 |              0 |              0 |              0 |              0 |              0 |              0 |              0 |              0 |              0 |              0 |              0 |              0 |              0 |              0 |              0 |
|               CAS_COUNT_RD               | MBOX1C0 |   454672323677 |              0 |              0 |              0 |              0 |              0 |              0 |              0 |              0 |              0 |              0 |              0 |              0 |              0 |              0 |              0 |              0 |              0 |              0 |              0 |
|               CAS_COUNT_WR               | MBOX1C1 |   190290209244 |              0 |              0 |              0 |              0 |              0 |              0 |              0 |              0 |              0 |              0 |              0 |              0 |              0 |              0 |              0 |              0 |              0 |              0 |              0 |
|               CAS_COUNT_RD               | MBOX2C0 |   454438984688 |              0 |              0 |              0 |              0 |              0 |              0 |              0 |              0 |              0 |              0 |              0 |              0 |              0 |              0 |              0 |              0 |              0 |              0 |              0 |
|               CAS_COUNT_WR               | MBOX2C1 |   190294318481 |              0 |              0 |              0 |              0 |              0 |              0 |              0 |              0 |              0 |              0 |              0 |              0 |              0 |              0 |              0 |              0 |              0 |              0 |              0 |
|               CAS_COUNT_RD               | MBOX3C0 |   454450792936 |              0 |              0 |              0 |              0 |              0 |              0 |              0 |              0 |              0 |              0 |              0 |              0 |              0 |              0 |              0 |              0 |              0 |              0 |              0 |
|               CAS_COUNT_WR               | MBOX3C1 |   190264196200 |              0 |              0 |              0 |              0 |              0 |              0 |              0 |              0 |              0 |              0 |              0 |              0 |              0 |              0 |              0 |              0 |              0 |              0 |              0 |
|               CAS_COUNT_RD               | MBOX4C0 |    45634960314 |              0 |              0 |              0 |              0 |              0 |              0 |              0 |              0 |              0 |              0 |              0 |              0 |              0 |              0 |              0 |              0 |              0 |              0 |              0 |
|               CAS_COUNT_WR               | MBOX4C1 |    19821632875 |              0 |              0 |              0 |              0 |              0 |              0 |              0 |              0 |              0 |              0 |              0 |              0 |              0 |              0 |              0 |              0 |              0 |              0 |              0 |
|               CAS_COUNT_RD               | MBOX5C0 |    45662225853 |              0 |              0 |              0 |              0 |              0 |              0 |              0 |              0 |              0 |              0 |              0 |              0 |              0 |              0 |              0 |              0 |              0 |              0 |              0 |
|               CAS_COUNT_WR               | MBOX5C1 |    19831720720 |              0 |              0 |              0 |              0 |              0 |              0 |              0 |              0 |              0 |              0 |              0 |              0 |              0 |              0 |              0 |              0 |              0 |              0 |              0 |
|               CAS_COUNT_RD               | MBOX6C0 |    45637256748 |              0 |              0 |              0 |              0 |              0 |              0 |              0 |              0 |              0 |              0 |              0 |              0 |              0 |              0 |              0 |              0 |              0 |              0 |              0 |
|               CAS_COUNT_WR               | MBOX6C1 |    19822980473 |              0 |              0 |              0 |              0 |              0 |              0 |              0 |              0 |              0 |              0 |              0 |              0 |              0 |              0 |              0 |              0 |              0 |              0 |              0 |
|               CAS_COUNT_RD               | MBOX7C0 |    45655274270 |              0 |              0 |              0 |              0 |              0 |              0 |              0 |              0 |              0 |              0 |              0 |              0 |              0 |              0 |              0 |              0 |              0 |              0 |              0 |
|               CAS_COUNT_WR               | MBOX7C1 |    19828195036 |              0 |              0 |              0 |              0 |              0 |              0 |              0 |              0 |              0 |              0 |              0 |              0 |              0 |              0 |              0 |              0 |              0 |              0 |              0 |
+------------------------------------------+---------+----------------+----------------+----------------+----------------+----------------+----------------+----------------+----------------+----------------+----------------+----------------+----------------+----------------+----------------+----------------+----------------+----------------+----------------+----------------+----------------+

+-----------------------------------------------+---------+-----------------+----------------+----------------+--------------+
|                     Event                     | Counter |       Sum       |       Min      |       Max      |      Avg     |
+-----------------------------------------------+---------+-----------------+----------------+----------------+--------------+
|             INSTR_RETIRED_ANY STAT            |  FIXC0  |  60680684062292 |  2683044519356 |  5973765959972 | 3.034034e+12 |
|           CPU_CLK_UNHALTED_CORE STAT          |  FIXC1  | 104820341239809 |  5236494310991 |  5252326829202 | 5.241017e+12 |
|           CPU_CLK_UNHALTED_REF STAT           |  FIXC2  | 104820344796768 |  5236496473824 |  5252310344256 | 5.241017e+12 |
|               TOPDOWN_SLOTS STAT              |  FIXC3  | 524101706199045 | 26182471554955 | 26261634146010 |      nil     |
|              PWR_PKG_ENERGY STAT              |   PWR0  |     371307.5198 |              0 |    371307.5198 |   18565.3760 |
|              PWR_DRAM_ENERGY STAT             |   PWR3  |      34513.6230 |              0 |     34513.6230 |    1725.6811 |
| FP_ARITH_INST_RETIRED_128B_PACKED_DOUBLE STAT |   PMC0  |               0 |              0 |              0 |            0 |
|    FP_ARITH_INST_RETIRED_SCALAR_DOUBLE STAT   |   PMC1  |  35226322341528 |  1760886038490 |  1761961620787 | 1.761316e+12 |
| FP_ARITH_INST_RETIRED_256B_PACKED_DOUBLE STAT |   PMC2  |               0 |              0 |              0 |            0 |
| FP_ARITH_INST_RETIRED_512B_PACKED_DOUBLE STAT |   PMC3  |    422446927620 |    21117179537 |    21130096647 |  21122346381 |
|               CAS_COUNT_RD STAT               | MBOX0C0 |    454467651906 |              0 |   454467651906 | 2.272338e+10 |
|               CAS_COUNT_WR STAT               | MBOX0C1 |    190276038712 |              0 |   190276038712 | 9.513802e+09 |
|               CAS_COUNT_RD STAT               | MBOX1C0 |    454672323677 |              0 |   454672323677 | 2.273362e+10 |
|               CAS_COUNT_WR STAT               | MBOX1C1 |    190290209244 |              0 |   190290209244 | 9.514510e+09 |
|               CAS_COUNT_RD STAT               | MBOX2C0 |    454438984688 |              0 |   454438984688 | 2.272195e+10 |
|               CAS_COUNT_WR STAT               | MBOX2C1 |    190294318481 |              0 |   190294318481 | 9.514716e+09 |
|               CAS_COUNT_RD STAT               | MBOX3C0 |    454450792936 |              0 |   454450792936 | 2.272254e+10 |
|               CAS_COUNT_WR STAT               | MBOX3C1 |    190264196200 |              0 |   190264196200 |   9513209810 |
|               CAS_COUNT_RD STAT               | MBOX4C0 |     45634960314 |              0 |    45634960314 | 2.281748e+09 |
|               CAS_COUNT_WR STAT               | MBOX4C1 |     19821632875 |              0 |    19821632875 | 9.910816e+08 |
|               CAS_COUNT_RD STAT               | MBOX5C0 |     45662225853 |              0 |    45662225853 | 2.283111e+09 |
|               CAS_COUNT_WR STAT               | MBOX5C1 |     19831720720 |              0 |    19831720720 |    991586036 |
|               CAS_COUNT_RD STAT               | MBOX6C0 |     45637256748 |              0 |    45637256748 | 2.281863e+09 |
|               CAS_COUNT_WR STAT               | MBOX6C1 |     19822980473 |              0 |    19822980473 | 9.911490e+08 |
|               CAS_COUNT_RD STAT               | MBOX7C0 |     45655274270 |              0 |    45655274270 | 2.282764e+09 |
|               CAS_COUNT_WR STAT               | MBOX7C1 |     19828195036 |              0 |    19828195036 | 9.914098e+08 |
+-----------------------------------------------+---------+-----------------+----------------+----------------+--------------+

+-----------------------------------+-------------+-----------+-----------+-----------+-----------+-----------+-----------+-----------+-----------+-----------+-------------+-------------+-------------+-------------+-------------+-------------+-------------+-------------+-------------+-------------+
|               Metric              |  f0485:0:0  | f0485:1:1 | f0485:2:2 | f0485:3:3 | f0485:4:4 | f0485:5:5 | f0485:6:6 | f0485:7:7 | f0485:8:8 | f0485:9:9 | f0485:10:10 | f0485:11:11 | f0485:12:12 | f0485:13:13 | f0485:14:14 | f0485:15:15 | f0485:16:16 | f0485:17:17 | f0485:18:18 | f0485:19:19 |
+-----------------------------------+-------------+-----------+-----------+-----------+-----------+-----------+-----------+-----------+-----------+-----------+-------------+-------------+-------------+-------------+-------------+-------------+-------------+-------------+-------------+-------------+
|        Runtime (RDTSC) [s]        |   2199.2140 | 2199.0510 | 2198.9360 | 2198.9480 | 2199.0980 | 2198.9490 | 2198.9460 | 2199.1600 | 2198.8690 | 2198.9210 |   2199.3770 |   2198.8790 |   2198.8700 |   2198.8830 |   2198.8740 |   2198.8870 |   2198.8770 |   2198.8690 |   2198.8730 |   2199.0110 |
|        Runtime unhalted [s]       |   2187.8194 | 2187.1614 | 2188.5578 | 2188.9497 | 2189.4283 | 2189.1128 | 2189.5516 | 2189.1183 | 2188.7902 | 2188.9257 |   2189.0804 |   2189.5355 |   2187.1350 |   2187.9767 |   2187.1119 |   2187.2011 |   2188.7869 |   2188.9550 |   2193.0403 |   2193.7868 |
|            Clock [MHz]            |   2394.0046 | 2394.1955 | 2394.3306 | 2394.3280 | 2394.1587 | 2394.2844 | 2394.3302 | 2394.0722 | 2394.3259 | 2394.3334 |   2393.8407 |   2394.3247 |   2394.3269 |   2394.3282 |   2394.3262 |   2394.3227 |   2394.3298 |   2394.3287 |   2394.3239 |   2394.1904 |
|                CPI                |      1.9511 |    1.9490 |    1.9115 |    1.9513 |    1.9299 |    1.9215 |    1.8988 |    1.9156 |    1.9325 |    1.9231 |      1.9440 |      1.9336 |      1.9335 |      1.9525 |      1.9463 |      1.9447 |      1.9375 |      1.9391 |      0.8839 |      0.8792 |
|             Energy [J]            | 371307.5198 |         0 |         0 |         0 |         0 |         0 |         0 |         0 |         0 |         0 |           0 |           0 |           0 |           0 |           0 |           0 |           0 |           0 |           0 |           0 |
|             Power [W]             |    168.8365 |         0 |         0 |         0 |         0 |         0 |         0 |         0 |         0 |         0 |           0 |           0 |           0 |           0 |           0 |           0 |           0 |           0 |           0 |           0 |
|          Energy DRAM [J]          |  34513.6230 |         0 |         0 |         0 |         0 |         0 |         0 |         0 |         0 |         0 |           0 |           0 |           0 |           0 |           0 |           0 |           0 |           0 |           0 |           0 |
|           Power DRAM [W]          |     15.6936 |         0 |         0 |         0 |         0 |         0 |         0 |         0 |         0 |         0 |           0 |           0 |           0 |           0 |           0 |           0 |           0 |           0 |           0 |           0 |
|            DP [MFLOP/s]           |    878.0421 |  878.1071 |  878.1528 |  878.1480 |  878.0881 |  878.1476 |  878.1488 |  878.0634 |  877.6437 |  877.6229 |    877.4410 |    877.6397 |    877.6433 |    877.6381 |    877.6417 |    877.6365 |    877.6405 |    877.6437 |    877.6421 |    877.5870 |
|          AVX DP [MFLOP/s]         |     76.8642 |   76.8699 |   76.8739 |   76.8735 |   76.8682 |   76.8734 |   76.8735 |   76.8661 |   76.8292 |   76.8274 |     76.8115 |     76.8289 |     76.8292 |     76.8288 |     76.8291 |     76.8286 |     76.8290 |     76.8292 |     76.8291 |     76.8243 |
|          Packed [MUOPS/s]         |      9.6080 |    9.6087 |    9.6092 |    9.6092 |    9.6085 |    9.6092 |    9.6092 |    9.6083 |    9.6037 |    9.6034 |      9.6014 |      9.6036 |      9.6037 |      9.6036 |      9.6036 |      9.6036 |      9.6036 |      9.6037 |      9.6036 |      9.6030 |
|          Scalar [MUOPS/s]         |    801.1779 |  801.2372 |  801.2789 |  801.2746 |  801.2199 |  801.2742 |  801.2753 |  801.1973 |  800.8144 |  800.7955 |    800.6295 |    800.8108 |    800.8141 |    800.8093 |    800.8126 |    800.8079 |    800.8115 |    800.8144 |    800.8130 |    800.7627 |
|  Memory read bandwidth [MBytes/s] |  58220.6398 |         0 |         0 |         0 |         0 |         0 |         0 |         0 |         0 |         0 |           0 |           0 |           0 |           0 |           0 |           0 |           0 |           0 |           0 |           0 |
|  Memory read data volume [GBytes] | 128039.6461 |         0 |         0 |         0 |         0 |         0 |         0 |         0 |         0 |         0 |           0 |           0 |           0 |           0 |           0 |           0 |           0 |           0 |           0 |           0 |
| Memory write bandwidth [MBytes/s] |  24457.5902 |         0 |         0 |         0 |         0 |         0 |         0 |         0 |         0 |         0 |           0 |           0 |           0 |           0 |           0 |           0 |           0 |           0 |           0 |           0 |
| Memory write data volume [GBytes] |  53787.4747 |         0 |         0 |         0 |         0 |         0 |         0 |         0 |         0 |         0 |           0 |           0 |           0 |           0 |           0 |           0 |           0 |           0 |           0 |           0 |
|    Memory bandwidth [MBytes/s]    |  82678.2299 |         0 |         0 |         0 |         0 |         0 |         0 |         0 |         0 |         0 |           0 |           0 |           0 |           0 |           0 |           0 |           0 |           0 |           0 |           0 |
|    Memory data volume [GBytes]    | 181827.1208 |         0 |         0 |         0 |         0 |         0 |         0 |         0 |         0 |         0 |           0 |           0 |           0 |           0 |           0 |           0 |           0 |           0 |           0 |           0 |
|       Operational intensity       |      0.0106 |         0 |         0 |         0 |         0 |         0 |         0 |         0 |         0 |         0 |           0 |           0 |           0 |           0 |           0 |           0 |           0 |           0 |           0 |           0 |
+-----------------------------------+-------------+-----------+-----------+-----------+-----------+-----------+-----------+-----------+-----------+-----------+-------------+-------------+-------------+-------------+-------------+-------------+-------------+-------------+-------------+-------------+

+----------------------------------------+-------------+-----------+-------------+------------+-----------+-----------+-----------+
|                 Metric                 |     Sum     |    Min    |     Max     |     Avg    |  %ile 25  |  %ile 50  |  %ile 75  |
+----------------------------------------+-------------+-----------+-------------+------------+-----------+-----------+-----------+
|        Runtime (RDTSC) [s] STAT        |  43979.4920 | 2198.8690 |   2199.3770 |  2198.9746 | 2198.8740 | 2198.9210 | 2199.0110 |
|        Runtime unhalted [s] STAT       |  43780.0248 | 2187.1119 |   2193.7868 |  2189.0012 | 2187.8194 | 2188.9257 | 2189.1183 |
|            Clock [MHz] STAT            |  47885.0057 | 2393.8407 |   2394.3334 |  2394.2503 | 2394.1904 | 2394.3247 | 2394.3282 |
|                CPI STAT                |     36.5786 |    0.8792 |      1.9525 |     1.8289 |    1.9156 |    1.9335 |    1.9447 |
|             Energy [J] STAT            | 371307.5198 |         0 | 371307.5198 | 18565.3760 |         0 |         0 |         0 |
|             Power [W] STAT             |    168.8365 |         0 |    168.8365 |     8.4418 |         0 |         0 |         0 |
|          Energy DRAM [J] STAT          |  34513.6230 |         0 |  34513.6230 |  1725.6811 |         0 |         0 |         0 |
|           Power DRAM [W] STAT          |     15.6936 |         0 |     15.6936 |     0.7847 |         0 |         0 |         0 |
|            DP [MFLOP/s] STAT           |  17556.3181 |  877.4410 |    878.1528 |   877.8159 |  877.6381 |  877.6433 |  878.0881 |
|          AVX DP [MFLOP/s] STAT         |   1536.8870 |   76.8115 |     76.8739 |    76.8443 |   76.8288 |   76.8292 |   76.8682 |
|          Packed [MUOPS/s] STAT         |    192.1108 |    9.6014 |      9.6092 |     9.6055 |    9.6036 |    9.6037 |    9.6085 |
|          Scalar [MUOPS/s] STAT         |  16019.4310 |  800.6295 |    801.2789 |   800.9715 |  800.8093 |  800.8141 |  801.2199 |
|  Memory read bandwidth [MBytes/s] STAT |  58220.6398 |         0 |  58220.6398 |  2911.0320 |         0 |         0 |         0 |
|  Memory read data volume [GBytes] STAT | 128039.6461 |         0 | 128039.6461 |  6401.9823 |         0 |         0 |         0 |
| Memory write bandwidth [MBytes/s] STAT |  24457.5902 |         0 |  24457.5902 |  1222.8795 |         0 |         0 |         0 |
| Memory write data volume [GBytes] STAT |  53787.4747 |         0 |  53787.4747 |  2689.3737 |         0 |         0 |         0 |
|    Memory bandwidth [MBytes/s] STAT    |  82678.2299 |         0 |  82678.2299 |  4133.9115 |         0 |         0 |         0 |
|    Memory data volume [GBytes] STAT    | 181827.1208 |         0 | 181827.1208 |  9091.3560 |         0 |         0 |         0 |
|       Operational intensity STAT       |      0.0106 |         0 |      0.0106 |     0.0005 |         0 |         0 |         0 |
+----------------------------------------+-------------+-----------+-------------+------------+-----------+-----------+-----------+

