WARN: Cannot extract OpenMP vendor from executable or commandline, assuming no OpenMP
Successfully initialised 26 MPI ranks.
Opening tea.out as log file.

Timestep 1
Error: 			5.444659e-11

Timestep 2
Error: 			3.489730e-12

Timestep 3
Error: 			2.490763e-13

Timestep 4
Error: 			1.517512e-14

Timestep 5
Error: 			9.869541e-16

Checking results...
Expected 9.200337173020409e+01
Actual   9.200337173014094e+01
This run [32mPASSED[0m (Difference is within 0.00000000%)
Group: 1
+------------------------------------------+---------+----------------+----------------+----------------+----------------+----------------+----------------+----------------+----------------+----------------+----------------+----------------+----------------+----------------+----------------+----------------+----------------+----------------+----------------+----------------+----------------+----------------+----------------+----------------+----------------+----------------+----------------+
|                   Event                  | Counter |    f0485:0:0   |    f0485:1:1   |    f0485:2:2   |    f0485:3:3   |    f0485:4:4   |    f0485:5:5   |    f0485:6:6   |    f0485:7:7   |    f0485:8:8   |    f0485:9:9   |   f0485:10:10  |   f0485:11:11  |   f0485:12:12  |   f0485:13:13  |   f0485:14:14  |   f0485:15:15  |   f0485:16:16  |   f0485:17:17  |   f0485:18:18  |   f0485:19:19  |   f0485:20:20  |   f0485:21:21  |   f0485:22:22  |   f0485:23:23  |   f0485:24:24  |   f0485:25:25  |
+------------------------------------------+---------+----------------+----------------+----------------+----------------+----------------+----------------+----------------+----------------+----------------+----------------+----------------+----------------+----------------+----------------+----------------+----------------+----------------+----------------+----------------+----------------+----------------+----------------+----------------+----------------+----------------+----------------+
|             INSTR_RETIRED_ANY            |  FIXC0  |  2061970345069 |  2091219304105 |  2097179160923 |  2113903120331 |  2107970827893 |  2063917701519 |  2079293096419 |  2136188116592 |  2112558289143 |  2067718531826 |  2121452316829 |  2107338043911 |  2096189934039 |  2111628364489 |  2084114039467 |  2064905825077 |  2166422052796 |  2078687117839 |  3762610217917 |  3776809103241 |  2351658544380 |  2360207337956 |  2356772055491 |  2369031328484 |  2409090724140 |  2355637500612 |
|           CPU_CLK_UNHALTED_CORE          |  FIXC1  |  4031370555802 |  4033439769586 |  4033873760770 |  4036602524987 |  4034631701085 |  4034922363912 |  4034042344991 |  4034857633765 |  4036003898672 |  4034814548578 |  4035636937167 |  4034303073703 |  4035620872197 |  4034448929101 |  4035829742596 |  4032336914801 |  4035821676898 |  4033362334559 |  4042291294707 |  4042226978000 |  4042071627570 |  4041847459613 |  4042137838923 |  4042107964798 |  4042112901365 |  4042121570320 |
|           CPU_CLK_UNHALTED_REF           |  FIXC2  |  4031371398048 |  4033441215456 |  4033873707360 |  4036602690528 |  4034631944640 |  4034921691168 |  4034042565984 |  4034858061408 |  4036003935168 |  4034813603040 |  4035636233376 |  4034302974144 |  4035621318336 |  4034449396032 |  4035830107008 |  4032336005088 |  4035822719424 |  4033362611040 |  4042281565632 |  4042214468544 |  4042062999168 |  4041833776128 |  4042128436896 |  4042098110976 |  4042103447712 |  4042108638144 |
|               TOPDOWN_SLOTS              |  FIXC3  | 20156852779010 | 20167198847930 | 20169368803850 | 20183012624935 | 20173158505425 | 20174611819560 | 20170211724955 | 20174288168825 | 20180019493360 | 20174072742890 | 20178184685835 | 20171515368515 | 20178104360985 | 20172244645505 | 20179148712980 | 20161684574005 | 20179108384490 | 20166811672795 | 20211456473535 | 20211134890000 | 20210358137850 | 20209237298065 | 20210689194615 | 20210539823990 | 20210564506825 | 20210607851600 |
|              PWR_PKG_ENERGY              |   PWR0  |    318355.0198 |              0 |              0 |              0 |              0 |              0 |              0 |              0 |              0 |              0 |              0 |              0 |              0 |              0 |              0 |              0 |              0 |              0 |              0 |              0 |              0 |              0 |              0 |              0 |              0 |              0 |
|              PWR_DRAM_ENERGY             |   PWR3  |     31198.9518 |              0 |              0 |              0 |              0 |              0 |              0 |              0 |              0 |              0 |              0 |              0 |              0 |              0 |              0 |              0 |              0 |              0 |              0 |              0 |              0 |              0 |              0 |              0 |              0 |              0 |
| FP_ARITH_INST_RETIRED_128B_PACKED_DOUBLE |   PMC0  |              0 |              0 |              0 |              0 |              0 |              0 |              0 |              0 |              0 |              0 |              0 |              0 |              0 |              0 |              0 |              0 |              0 |              0 |              0 |              0 |              0 |              0 |              0 |              0 |              0 |              0 |
|    FP_ARITH_INST_RETIRED_SCALAR_DOUBLE   |   PMC1  |  1356679127508 |  1356677861315 |  1356677854262 |  1356677838853 |  1354527829164 |  1354527797229 |  1354527811601 |  1354527817466 |  1354527799160 |  1354527795366 |  1354527818855 |  1354527818926 |  1354527795829 |  1354527819216 |  1354527815562 |  1354527826237 |  1354527807150 |  1354527816007 |  1354527795676 |  1354527805013 |  1354527826561 |  1354527824131 |  1354527812141 |  1354527816481 |  1354527799461 |  1354527803841 |
| FP_ARITH_INST_RETIRED_256B_PACKED_DOUBLE |   PMC2  |              0 |              0 |              0 |              0 |              0 |              0 |              0 |              0 |              0 |              0 |              0 |              0 |              0 |              0 |              0 |              0 |              0 |              0 |              0 |              0 |              0 |              0 |              0 |              0 |              0 |              0 |
| FP_ARITH_INST_RETIRED_512B_PACKED_DOUBLE |   PMC3  |    16253934767 |    16253934767 |    16253934767 |    16253934767 |    16228150843 |    16228150843 |    16228150843 |    16228150843 |    16228150843 |    16228150843 |    16228150843 |    16228150843 |    16228150843 |    16228150843 |    16228150843 |    16228150843 |    16228150843 |    16228150843 |    16228150843 |    16228150843 |    16228150843 |    16228150843 |    16228150843 |    16228150843 |    16228150843 |    16228150843 |
|               CAS_COUNT_RD               | MBOX0C0 |   348296550772 |              0 |              0 |              0 |              0 |              0 |              0 |              0 |              0 |              0 |              0 |              0 |              0 |              0 |              0 |              0 |              0 |              0 |              0 |              0 |              0 |              0 |              0 |              0 |              0 |              0 |
|               CAS_COUNT_WR               | MBOX0C1 |   146569012321 |              0 |              0 |              0 |              0 |              0 |              0 |              0 |              0 |              0 |              0 |              0 |              0 |              0 |              0 |              0 |              0 |              0 |              0 |              0 |              0 |              0 |              0 |              0 |              0 |              0 |
|               CAS_COUNT_RD               | MBOX1C0 |   348412905648 |              0 |              0 |              0 |              0 |              0 |              0 |              0 |              0 |              0 |              0 |              0 |              0 |              0 |              0 |              0 |              0 |              0 |              0 |              0 |              0 |              0 |              0 |              0 |              0 |              0 |
|               CAS_COUNT_WR               | MBOX1C1 |   146568398433 |              0 |              0 |              0 |              0 |              0 |              0 |              0 |              0 |              0 |              0 |              0 |              0 |              0 |              0 |              0 |              0 |              0 |              0 |              0 |              0 |              0 |              0 |              0 |              0 |              0 |
|               CAS_COUNT_RD               | MBOX2C0 |   348271422326 |              0 |              0 |              0 |              0 |              0 |              0 |              0 |              0 |              0 |              0 |              0 |              0 |              0 |              0 |              0 |              0 |              0 |              0 |              0 |              0 |              0 |              0 |              0 |              0 |              0 |
|               CAS_COUNT_WR               | MBOX2C1 |   146576509452 |              0 |              0 |              0 |              0 |              0 |              0 |              0 |              0 |              0 |              0 |              0 |              0 |              0 |              0 |              0 |              0 |              0 |              0 |              0 |              0 |              0 |              0 |              0 |              0 |              0 |
|               CAS_COUNT_RD               | MBOX3C0 |   348290793318 |              0 |              0 |              0 |              0 |              0 |              0 |              0 |              0 |              0 |              0 |              0 |              0 |              0 |              0 |              0 |              0 |              0 |              0 |              0 |              0 |              0 |              0 |              0 |              0 |              0 |
|               CAS_COUNT_WR               | MBOX3C1 |   146559229137 |              0 |              0 |              0 |              0 |              0 |              0 |              0 |              0 |              0 |              0 |              0 |              0 |              0 |              0 |              0 |              0 |              0 |              0 |              0 |              0 |              0 |              0 |              0 |              0 |              0 |
|               CAS_COUNT_RD               | MBOX4C0 |   150543804355 |              0 |              0 |              0 |              0 |              0 |              0 |              0 |              0 |              0 |              0 |              0 |              0 |              0 |              0 |              0 |              0 |              0 |              0 |              0 |              0 |              0 |              0 |              0 |              0 |              0 |
|               CAS_COUNT_WR               | MBOX4C1 |    64486890943 |              0 |              0 |              0 |              0 |              0 |              0 |              0 |              0 |              0 |              0 |              0 |              0 |              0 |              0 |              0 |              0 |              0 |              0 |              0 |              0 |              0 |              0 |              0 |              0 |              0 |
|               CAS_COUNT_RD               | MBOX5C0 |   150523962758 |              0 |              0 |              0 |              0 |              0 |              0 |              0 |              0 |              0 |              0 |              0 |              0 |              0 |              0 |              0 |              0 |              0 |              0 |              0 |              0 |              0 |              0 |              0 |              0 |              0 |
|               CAS_COUNT_WR               | MBOX5C1 |    64483469783 |              0 |              0 |              0 |              0 |              0 |              0 |              0 |              0 |              0 |              0 |              0 |              0 |              0 |              0 |              0 |              0 |              0 |              0 |              0 |              0 |              0 |              0 |              0 |              0 |              0 |
|               CAS_COUNT_RD               | MBOX6C0 |   150640096680 |              0 |              0 |              0 |              0 |              0 |              0 |              0 |              0 |              0 |              0 |              0 |              0 |              0 |              0 |              0 |              0 |              0 |              0 |              0 |              0 |              0 |              0 |              0 |              0 |              0 |
|               CAS_COUNT_WR               | MBOX6C1 |    64483607035 |              0 |              0 |              0 |              0 |              0 |              0 |              0 |              0 |              0 |              0 |              0 |              0 |              0 |              0 |              0 |              0 |              0 |              0 |              0 |              0 |              0 |              0 |              0 |              0 |              0 |
|               CAS_COUNT_RD               | MBOX7C0 |   150635991283 |              0 |              0 |              0 |              0 |              0 |              0 |              0 |              0 |              0 |              0 |              0 |              0 |              0 |              0 |              0 |              0 |              0 |              0 |              0 |              0 |              0 |              0 |              0 |              0 |              0 |
|               CAS_COUNT_WR               | MBOX7C1 |    64486741493 |              0 |              0 |              0 |              0 |              0 |              0 |              0 |              0 |              0 |              0 |              0 |              0 |              0 |              0 |              0 |              0 |              0 |              0 |              0 |              0 |              0 |              0 |              0 |              0 |              0 |
+------------------------------------------+---------+----------------+----------------+----------------+----------------+----------------+----------------+----------------+----------------+----------------+----------------+----------------+----------------+----------------+----------------+----------------+----------------+----------------+----------------+----------------+----------------+----------------+----------------+----------------+----------------+----------------+----------------+

+-----------------------------------------------+---------+-----------------+----------------+----------------+---------------+
|                     Event                     | Counter |       Sum       |       Min      |       Max      |      Avg      |
+-----------------------------------------------+---------+-----------------+----------------+----------------+---------------+
|             INSTR_RETIRED_ANY STAT            |  FIXC0  |  59504473000488 |  2061970345069 |  3776809103241 |  2.288634e+12 |
|           CPU_CLK_UNHALTED_CORE STAT          |  FIXC1  | 104958837218466 |  4031370555802 |  4042291294707 |  4.036878e+12 |
|           CPU_CLK_UNHALTED_REF STAT           |  FIXC2  | 104958753620448 |  4031371398048 |  4042281565632 | 4036875139248 |
|               TOPDOWN_SLOTS STAT              |  FIXC3  | 524794186092330 | 20156852779010 | 20211456473535 |      nil      |
|              PWR_PKG_ENERGY STAT              |   PWR0  |     318355.0198 |              0 |    318355.0198 |    12244.4238 |
|              PWR_DRAM_ENERGY STAT             |   PWR3  |      31198.9518 |              0 |     31198.9518 |     1199.9597 |
| FP_ARITH_INST_RETIRED_128B_PACKED_DOUBLE STAT |   PMC0  |               0 |              0 |              0 |             0 |
|    FP_ARITH_INST_RETIRED_SCALAR_DOUBLE STAT   |   PMC1  |  35226324533011 |  1354527795366 |  1356679127508 |      nil      |
| FP_ARITH_INST_RETIRED_256B_PACKED_DOUBLE STAT |   PMC2  |               0 |              0 |              0 |             0 |
| FP_ARITH_INST_RETIRED_512B_PACKED_DOUBLE STAT |   PMC3  |    422035057614 |    16228150843 |    16253934767 |  1.623212e+10 |
|               CAS_COUNT_RD STAT               | MBOX0C0 |    348296550772 |              0 |   348296550772 |  1.339602e+10 |
|               CAS_COUNT_WR STAT               | MBOX0C1 |    146569012321 |              0 |   146569012321 |  5.637270e+09 |
|               CAS_COUNT_RD STAT               | MBOX1C0 |    348412905648 |              0 |   348412905648 |  1.340050e+10 |
|               CAS_COUNT_WR STAT               | MBOX1C1 |    146568398433 |              0 |   146568398433 |  5.637246e+09 |
|               CAS_COUNT_RD STAT               | MBOX2C0 |    348271422326 |              0 |   348271422326 |  1.339505e+10 |
|               CAS_COUNT_WR STAT               | MBOX2C1 |    146576509452 |              0 |   146576509452 |  5.637558e+09 |
|               CAS_COUNT_RD STAT               | MBOX3C0 |    348290793318 |              0 |   348290793318 |   13395799743 |
|               CAS_COUNT_WR STAT               | MBOX3C1 |    146559229137 |              0 |   146559229137 |  5.636893e+09 |
|               CAS_COUNT_RD STAT               | MBOX4C0 |    150543804355 |              0 |   150543804355 |  5.790146e+09 |
|               CAS_COUNT_WR STAT               | MBOX4C1 |     64486890943 |              0 |    64486890943 |  2.480265e+09 |
|               CAS_COUNT_RD STAT               | MBOX5C0 |    150523962758 |              0 |   150523962758 |    5789383183 |
|               CAS_COUNT_WR STAT               | MBOX5C1 |     64483469783 |              0 |    64483469783 |  2.480133e+09 |
|               CAS_COUNT_RD STAT               | MBOX6C0 |    150640096680 |              0 |   150640096680 |  5.793850e+09 |
|               CAS_COUNT_WR STAT               | MBOX6C1 |     64483607035 |              0 |    64483607035 |  2.480139e+09 |
|               CAS_COUNT_RD STAT               | MBOX7C0 |    150635991283 |              0 |   150635991283 |  5.793692e+09 |
|               CAS_COUNT_WR STAT               | MBOX7C1 |     64486741493 |              0 |    64486741493 |  2.480259e+09 |
+-----------------------------------------------+---------+-----------------+----------------+----------------+---------------+

+-----------------------------------+-------------+-----------+-----------+-----------+-----------+-----------+-----------+-----------+-----------+-----------+-------------+-------------+-------------+-------------+-------------+-------------+-------------+-------------+-------------+-------------+-------------+-------------+-------------+-------------+-------------+-------------+
|               Metric              |  f0485:0:0  | f0485:1:1 | f0485:2:2 | f0485:3:3 | f0485:4:4 | f0485:5:5 | f0485:6:6 | f0485:7:7 | f0485:8:8 | f0485:9:9 | f0485:10:10 | f0485:11:11 | f0485:12:12 | f0485:13:13 | f0485:14:14 | f0485:15:15 | f0485:16:16 | f0485:17:17 | f0485:18:18 | f0485:19:19 | f0485:20:20 | f0485:21:21 | f0485:22:22 | f0485:23:23 | f0485:24:24 | f0485:25:25 |
+-----------------------------------+-------------+-----------+-----------+-----------+-----------+-----------+-----------+-----------+-----------+-----------+-------------+-------------+-------------+-------------+-------------+-------------+-------------+-------------+-------------+-------------+-------------+-------------+-------------+-------------+-------------+-------------+
|        Runtime (RDTSC) [s]        |   1692.8590 | 1692.8650 | 1707.7110 | 1692.8750 | 1692.8590 | 1692.8890 | 1692.8500 | 1707.6780 | 1707.6660 | 1707.7490 |   1692.8490 |   1692.8650 |   1692.8560 |   1707.6770 |   1707.6870 |   1707.6700 |   1707.6980 |   1707.6600 |   1707.7200 |   1707.6600 |   1707.6650 |   1707.6630 |   1707.6600 |   1707.6720 |   1707.7270 |   1707.7020 |
|        Runtime unhalted [s]       |   1683.7339 | 1684.5831 | 1684.7723 | 1685.9021 | 1685.0850 | 1685.2098 | 1684.8333 | 1685.1708 | 1685.6523 | 1685.2331 |   1685.4960 |   1684.9448 |   1685.4964 |   1685.0016 |   1685.5856 |   1684.1196 |   1685.6063 |   1684.5557 |   1688.3061 |   1688.2469 |   1688.1864 |   1688.0882 |   1688.2146 |   1688.1974 |   1688.2608 |   1688.2054 |
|            Clock [MHz]            |   2394.3034 | 2394.3243 | 2394.3140 | 2394.3279 | 2394.3192 | 2394.3150 | 2394.3272 | 2394.3313 | 2394.3276 | 2394.2181 |   2394.3323 |   2394.3236 |   2394.3216 |   2394.3291 |   2394.3189 |   2394.3298 |   2394.2842 |   2394.3180 |   2394.2939 |   2394.3415 |   2394.3329 |   2394.3423 |   2394.3326 |   2394.3396 |   2394.2524 |   2394.3381 |
|                CPI                |      1.9551 |    1.9288 |    1.9235 |    1.9095 |    1.9140 |    1.9550 |    1.9401 |    1.8888 |    1.9105 |    1.9513 |      1.9023 |      1.9144 |      1.9252 |      1.9106 |      1.9365 |      1.9528 |      1.8629 |      1.9403 |      1.0743 |      1.0703 |      1.7188 |      1.7125 |      1.7151 |      1.7062 |      1.6779 |      1.7159 |
|             Energy [J]            | 318355.0198 |         0 |         0 |         0 |         0 |         0 |         0 |         0 |         0 |         0 |           0 |           0 |           0 |           0 |           0 |           0 |           0 |           0 |           0 |           0 |           0 |           0 |           0 |           0 |           0 |           0 |
|             Power [W]             |    188.0576 |         0 |         0 |         0 |         0 |         0 |         0 |         0 |         0 |         0 |           0 |           0 |           0 |           0 |           0 |           0 |           0 |           0 |           0 |           0 |           0 |           0 |           0 |           0 |           0 |           0 |
|          Energy DRAM [J]          |  31198.9518 |         0 |         0 |         0 |         0 |         0 |         0 |         0 |         0 |         0 |           0 |           0 |           0 |           0 |           0 |           0 |           0 |           0 |           0 |           0 |           0 |           0 |           0 |           0 |           0 |           0 |
|           Power DRAM [W]          |     18.4297 |         0 |         0 |         0 |         0 |         0 |         0 |         0 |         0 |         0 |           0 |           0 |           0 |           0 |           0 |           0 |           0 |           0 |           0 |           0 |           0 |           0 |           0 |           0 |           0 |           0 |
|            DP [MFLOP/s]           |    878.2247 |  878.2209 |  870.5860 |  878.2156 |  876.8321 |  876.8165 |  876.8367 |  869.2230 |  869.2291 |  869.1869 |    876.8372 |    876.8289 |    876.8336 |    869.2235 |    869.2184 |    869.2271 |    869.2128 |    869.2322 |    869.2016 |    869.2322 |    869.2296 |    869.2307 |    869.2322 |    869.2261 |    869.1981 |    869.2108 |
|          AVX DP [MFLOP/s]         |     76.8118 |   76.8115 |   76.1437 |   76.8110 |   76.6899 |   76.6886 |   76.6903 |   76.0244 |   76.0249 |   76.0212 |     76.6904 |     76.6896 |     76.6900 |     76.0245 |     76.0240 |     76.0248 |     76.0235 |     76.0252 |     76.0225 |     76.0252 |     76.0250 |     76.0251 |     76.0252 |     76.0247 |     76.0222 |     76.0233 |
|          Packed [MUOPS/s]         |      9.6015 |    9.6014 |    9.5180 |    9.6014 |    9.5862 |    9.5861 |    9.5863 |    9.5031 |    9.5031 |    9.5027 |      9.5863 |      9.5862 |      9.5863 |      9.5031 |      9.5030 |      9.5031 |      9.5029 |      9.5032 |      9.5028 |      9.5032 |      9.5031 |      9.5031 |      9.5032 |      9.5031 |      9.5028 |      9.5029 |
|          Scalar [MUOPS/s]         |    801.4130 |  801.4094 |  794.4423 |  801.4046 |  800.1421 |  800.1279 |  800.1464 |  793.1986 |  793.2042 |  793.1656 |    800.1469 |    800.1393 |    800.1435 |    793.1991 |    793.1944 |    793.2023 |    793.1893 |    793.2070 |    793.1791 |    793.2070 |    793.2047 |    793.2056 |    793.2070 |    793.2014 |    793.1758 |    793.1875 |
|  Memory read bandwidth [MBytes/s] |  75445.9726 |         0 |         0 |         0 |         0 |         0 |         0 |         0 |         0 |         0 |           0 |           0 |           0 |           0 |           0 |           0 |           0 |           0 |           0 |           0 |           0 |           0 |           0 |           0 |           0 |           0 |
|  Memory read data volume [GBytes] | 127719.3937 |         0 |         0 |         0 |         0 |         0 |         0 |         0 |         0 |         0 |           0 |           0 |           0 |           0 |           0 |           0 |           0 |           0 |           0 |           0 |           0 |           0 |           0 |           0 |           0 |           0 |
| Memory write bandwidth [MBytes/s] |  31916.2358 |         0 |         0 |         0 |         0 |         0 |         0 |         0 |         0 |         0 |           0 |           0 |           0 |           0 |           0 |           0 |           0 |           0 |           0 |           0 |           0 |           0 |           0 |           0 |           0 |           0 |
| Memory write data volume [GBytes] |  54029.6870 |         0 |         0 |         0 |         0 |         0 |         0 |         0 |         0 |         0 |           0 |           0 |           0 |           0 |           0 |           0 |           0 |           0 |           0 |           0 |           0 |           0 |           0 |           0 |           0 |           0 |
|    Memory bandwidth [MBytes/s]    | 107362.2084 |         0 |         0 |         0 |         0 |         0 |         0 |         0 |         0 |         0 |           0 |           0 |           0 |           0 |           0 |           0 |           0 |           0 |           0 |           0 |           0 |           0 |           0 |           0 |           0 |           0 |
|    Memory data volume [GBytes]    | 181749.0807 |         0 |         0 |         0 |         0 |         0 |         0 |         0 |         0 |         0 |           0 |           0 |           0 |           0 |           0 |           0 |           0 |           0 |           0 |           0 |           0 |           0 |           0 |           0 |           0 |           0 |
|       Operational intensity       |      0.0082 |         0 |         0 |         0 |         0 |         0 |         0 |         0 |         0 |         0 |           0 |           0 |           0 |           0 |           0 |           0 |           0 |           0 |           0 |           0 |           0 |           0 |           0 |           0 |           0 |           0 |
+-----------------------------------+-------------+-----------+-----------+-----------+-----------+-----------+-----------+-----------+-----------+-----------+-------------+-------------+-------------+-------------+-------------+-------------+-------------+-------------+-------------+-------------+-------------+-------------+-------------+-------------+-------------+-------------+

+----------------------------------------+-------------+-----------+-------------+------------+-----------+-----------+-----------+
|                 Metric                 |     Sum     |    Min    |     Max     |     Avg    |  %ile 25  |  %ile 50  |  %ile 75  |
+----------------------------------------+-------------+-----------+-------------+------------+-----------+-----------+-----------+
|        Runtime (RDTSC) [s] STAT        |  44266.4320 | 1692.8490 |   1707.7490 |  1702.5551 | 1692.8650 | 1707.6630 | 1707.6870 |
|        Runtime unhalted [s] STAT       |  43836.6875 | 1683.7339 |   1688.3061 |  1686.0264 | 1684.9448 | 1685.4960 | 1688.1864 |
|            Clock [MHz] STAT            |  62252.2388 | 2394.2181 |   2394.3423 |  2394.3169 | 2394.3150 | 2394.3243 | 2394.3323 |
|                CPI STAT                |     47.0126 |    1.0703 |      1.9551 |     1.8082 |    1.7159 |    1.9105 |    1.9365 |
|             Energy [J] STAT            | 318355.0198 |         0 | 318355.0198 | 12244.4238 |         0 |         0 |         0 |
|             Power [W] STAT             |    188.0576 |         0 |    188.0576 |     7.2330 |         0 |         0 |         0 |
|          Energy DRAM [J] STAT          |  31198.9518 |         0 |  31198.9518 |  1199.9597 |         0 |         0 |         0 |
|           Power DRAM [W] STAT          |     18.4297 |         0 |     18.4297 |     0.7088 |         0 |         0 |         0 |
|            DP [MFLOP/s] STAT           |  22673.7465 |  869.1869 |    878.2247 |   872.0672 |  869.2230 |  869.2307 |  876.8321 |
|          AVX DP [MFLOP/s] STAT         |   1983.1025 |   76.0212 |     76.8118 |    76.2732 |   76.0244 |   76.0251 |   76.6899 |
|          Packed [MUOPS/s] STAT         |    247.8881 |    9.5027 |      9.6015 |     9.5342 |    9.5031 |    9.5031 |    9.5862 |
|          Scalar [MUOPS/s] STAT         |  20690.6440 |  793.1656 |    801.4130 |   795.7940 |  793.1986 |  793.2056 |  800.1421 |
|  Memory read bandwidth [MBytes/s] STAT |  75445.9726 |         0 |  75445.9726 |  2901.7682 |         0 |         0 |         0 |
|  Memory read data volume [GBytes] STAT | 127719.3937 |         0 | 127719.3937 |  4912.2844 |         0 |         0 |         0 |
| Memory write bandwidth [MBytes/s] STAT |  31916.2358 |         0 |  31916.2358 |  1227.5475 |         0 |         0 |         0 |
| Memory write data volume [GBytes] STAT |  54029.6870 |         0 |  54029.6870 |  2078.0649 |         0 |         0 |         0 |
|    Memory bandwidth [MBytes/s] STAT    | 107362.2084 |         0 | 107362.2084 |  4129.3157 |         0 |         0 |         0 |
|    Memory data volume [GBytes] STAT    | 181749.0807 |         0 | 181749.0807 |  6990.3493 |         0 |         0 |         0 |
|       Operational intensity STAT       |      0.0082 |         0 |      0.0082 |     0.0003 |         0 |         0 |         0 |
+----------------------------------------+-------------+-----------+-------------+------------+-----------+-----------+-----------+

