WARN: Cannot extract OpenMP vendor from executable or commandline, assuming no OpenMP
Successfully initialised 15 MPI ranks.
Opening tea.out as log file.

Timestep 1
Error: 			5.444659e-11

Timestep 2
Error: 			3.489730e-12

Timestep 3
Error: 			2.491118e-13

Timestep 4
Error: 			1.518178e-14

Timestep 5
Error: 			9.881067e-16

Checking results...
Expected 9.200337173020409e+01
Actual   9.200337173021775e+01
This run [32mPASSED[0m (Difference is within 0.00000000%)
Group: 1
+------------------------------------------+---------+----------------+----------------+----------------+----------------+----------------+----------------+----------------+----------------+----------------+----------------+----------------+----------------+----------------+----------------+----------------+
|                   Event                  | Counter |    f0485:0:0   |    f0485:1:1   |    f0485:2:2   |    f0485:3:3   |    f0485:4:4   |    f0485:5:5   |    f0485:6:6   |    f0485:7:7   |    f0485:8:8   |    f0485:9:9   |   f0485:10:10  |   f0485:11:11  |   f0485:12:12  |   f0485:13:13  |   f0485:14:14  |
+------------------------------------------+---------+----------------+----------------+----------------+----------------+----------------+----------------+----------------+----------------+----------------+----------------+----------------+----------------+----------------+----------------+----------------+
|             INSTR_RETIRED_ANY            |  FIXC0  |  3582261086476 |  3630555030232 |  3643867591458 |  3700887655393 |  3650643455838 |  3643750914405 |  3576373689054 |  3768772091373 |  3603062587579 |  3673634090548 |  3681421337440 |  3587257436031 |  3627741028388 |  3651935532847 |  3566171589269 |
|           CPU_CLK_UNHALTED_CORE          |  FIXC1  |  5837814117928 |  5837772034350 |  5840753965904 |  5840454078633 |  5841654856724 |  5840377408089 |  5841981852828 |  5841238430788 |  5841472242184 |  5842885990048 |  5841392459103 |  5841181497547 |  5842102687805 |  5840840864796 |  5842278329289 |
|           CPU_CLK_UNHALTED_REF           |  FIXC2  |  5837815116384 |  5837772421728 |  5840753028096 |  5840454951552 |  5841653901792 |  5840377363488 |  5841982673760 |  5841240851040 |  5841473274720 |  5842886460480 |  5841395786784 |  5841182352960 |  5842103276544 |  5840837984448 |  5842276843008 |
|               TOPDOWN_SLOTS              |  FIXC3  | 29189070589640 | 29188860171750 | 29203769829520 | 29202270393165 | 29208274283620 | 29201887040445 | 29209909264140 | 29206192153940 | 29207361210920 | 29214429950240 | 29206962295515 | 29205907487735 | 29210513439025 | 29204204323980 | 29211391646445 |
|              PWR_PKG_ENERGY              |   PWR0  |    390967.2806 |              0 |              0 |              0 |              0 |              0 |              0 |              0 |              0 |              0 |              0 |              0 |              0 |              0 |              0 |
|              PWR_DRAM_ENERGY             |   PWR3  |     35680.5893 |              0 |              0 |              0 |              0 |              0 |              0 |              0 |              0 |              0 |              0 |              0 |              0 |              0 |              0 |
| FP_ARITH_INST_RETIRED_128B_PACKED_DOUBLE |   PMC0  |              0 |              0 |              0 |              0 |              0 |              0 |              0 |              0 |              0 |              0 |              0 |              0 |              0 |              0 |              0 |
|    FP_ARITH_INST_RETIRED_SCALAR_DOUBLE   |   PMC1  |  2349568648447 |  2349568318015 |  2348707791046 |  2349568122601 |  2349568111573 |  2348707783505 |  2348134593475 |  2348134579006 |  2347274768343 |  2348134573194 |  2348134580403 |  2347274756468 |  2348134583974 |  2348134571290 |  2347274763774 |
| FP_ARITH_INST_RETIRED_256B_PACKED_DOUBLE |   PMC2  |              0 |              0 |              0 |              0 |              0 |              0 |              0 |              0 |              0 |              0 |              0 |              0 |              0 |              0 |              0 |
| FP_ARITH_INST_RETIRED_512B_PACKED_DOUBLE |   PMC3  |    28193931922 |    28193931922 |    28173344797 |    28193931922 |    28193931922 |    28173344797 |    28176742627 |    28176742627 |    28156155500 |    28176742627 |    28176742627 |    28156155500 |    28176742627 |    28176742627 |    28156155500 |
|               CAS_COUNT_RD               | MBOX0C0 |   511010955068 |              0 |              0 |              0 |              0 |              0 |              0 |              0 |              0 |              0 |              0 |              0 |              0 |              0 |              0 |
|               CAS_COUNT_WR               | MBOX0C1 |   211083642579 |              0 |              0 |              0 |              0 |              0 |              0 |              0 |              0 |              0 |              0 |              0 |              0 |              0 |              0 |
|               CAS_COUNT_RD               | MBOX1C0 |   511130333968 |              0 |              0 |              0 |              0 |              0 |              0 |              0 |              0 |              0 |              0 |              0 |              0 |              0 |              0 |
|               CAS_COUNT_WR               | MBOX1C1 |   211072826390 |              0 |              0 |              0 |              0 |              0 |              0 |              0 |              0 |              0 |              0 |              0 |              0 |              0 |              0 |
|               CAS_COUNT_RD               | MBOX2C0 |   510864347284 |              0 |              0 |              0 |              0 |              0 |              0 |              0 |              0 |              0 |              0 |              0 |              0 |              0 |              0 |
|               CAS_COUNT_WR               | MBOX2C1 |   211062517359 |              0 |              0 |              0 |              0 |              0 |              0 |              0 |              0 |              0 |              0 |              0 |              0 |              0 |              0 |
|               CAS_COUNT_RD               | MBOX3C0 |   510927166984 |              0 |              0 |              0 |              0 |              0 |              0 |              0 |              0 |              0 |              0 |              0 |              0 |              0 |              0 |
|               CAS_COUNT_WR               | MBOX3C1 |   211059988716 |              0 |              0 |              0 |              0 |              0 |              0 |              0 |              0 |              0 |              0 |              0 |              0 |              0 |              0 |
|               CAS_COUNT_RD               | MBOX4C0 |        9041026 |              0 |              0 |              0 |              0 |              0 |              0 |              0 |              0 |              0 |              0 |              0 |              0 |              0 |              0 |
|               CAS_COUNT_WR               | MBOX4C1 |        8973070 |              0 |              0 |              0 |              0 |              0 |              0 |              0 |              0 |              0 |              0 |              0 |              0 |              0 |              0 |
|               CAS_COUNT_RD               | MBOX5C0 |        8948219 |              0 |              0 |              0 |              0 |              0 |              0 |              0 |              0 |              0 |              0 |              0 |              0 |              0 |              0 |
|               CAS_COUNT_WR               | MBOX5C1 |        8882389 |              0 |              0 |              0 |              0 |              0 |              0 |              0 |              0 |              0 |              0 |              0 |              0 |              0 |              0 |
|               CAS_COUNT_RD               | MBOX6C0 |        9350909 |              0 |              0 |              0 |              0 |              0 |              0 |              0 |              0 |              0 |              0 |              0 |              0 |              0 |              0 |
|               CAS_COUNT_WR               | MBOX6C1 |        9122597 |              0 |              0 |              0 |              0 |              0 |              0 |              0 |              0 |              0 |              0 |              0 |              0 |              0 |              0 |
|               CAS_COUNT_RD               | MBOX7C0 |        9073424 |              0 |              0 |              0 |              0 |              0 |              0 |              0 |              0 |              0 |              0 |              0 |              0 |              0 |              0 |
|               CAS_COUNT_WR               | MBOX7C1 |        9081440 |              0 |              0 |              0 |              0 |              0 |              0 |              0 |              0 |              0 |              0 |              0 |              0 |              0 |              0 |
+------------------------------------------+---------+----------------+----------------+----------------+----------------+----------------+----------------+----------------+----------------+----------------+----------------+----------------+----------------+----------------+----------------+----------------+

+-----------------------------------------------+---------+-----------------+----------------+----------------+--------------+
|                     Event                     | Counter |       Sum       |       Min      |       Max      |      Avg     |
+-----------------------------------------------+---------+-----------------+----------------+----------------+--------------+
|             INSTR_RETIRED_ANY STAT            |  FIXC0  |  54588335116331 |  3566171589269 |  3768772091373 | 3.639222e+12 |
|           CPU_CLK_UNHALTED_CORE STAT          |  FIXC1  |  87614200816016 |  5837772034350 |  5842885990048 | 5.840947e+12 |
|           CPU_CLK_UNHALTED_REF STAT           |  FIXC2  |  87614206286784 |  5837772421728 |  5842886460480 | 5.840947e+12 |
|               TOPDOWN_SLOTS STAT              |  FIXC3  | 438071004080080 | 29188860171750 | 29214429950240 |      nil     |
|              PWR_PKG_ENERGY STAT              |   PWR0  |     390967.2806 |              0 |    390967.2806 |   26064.4854 |
|              PWR_DRAM_ENERGY STAT             |   PWR3  |      35680.5893 |              0 |     35680.5893 |    2378.7060 |
| FP_ARITH_INST_RETIRED_128B_PACKED_DOUBLE STAT |   PMC0  |               0 |              0 |              0 |            0 |
|    FP_ARITH_INST_RETIRED_SCALAR_DOUBLE STAT   |   PMC1  |  35226320545114 |  2347274756468 |  2349568648447 | 2.348421e+12 |
| FP_ARITH_INST_RETIRED_256B_PACKED_DOUBLE STAT |   PMC2  |               0 |              0 |              0 |            0 |
| FP_ARITH_INST_RETIRED_512B_PACKED_DOUBLE STAT |   PMC3  |    422651339544 |    28156155500 |    28193931922 | 2.817676e+10 |
|               CAS_COUNT_RD STAT               | MBOX0C0 |    511010955068 |              0 |   511010955068 | 3.406740e+10 |
|               CAS_COUNT_WR STAT               | MBOX0C1 |    211083642579 |              0 |   211083642579 | 1.407224e+10 |
|               CAS_COUNT_RD STAT               | MBOX1C0 |    511130333968 |              0 |   511130333968 | 3.407536e+10 |
|               CAS_COUNT_WR STAT               | MBOX1C1 |    211072826390 |              0 |   211072826390 | 1.407152e+10 |
|               CAS_COUNT_RD STAT               | MBOX2C0 |    510864347284 |              0 |   510864347284 | 3.405762e+10 |
|               CAS_COUNT_WR STAT               | MBOX2C1 |    211062517359 |              0 |   211062517359 | 1.407083e+10 |
|               CAS_COUNT_RD STAT               | MBOX3C0 |    510927166984 |              0 |   510927166984 | 3.406181e+10 |
|               CAS_COUNT_WR STAT               | MBOX3C1 |    211059988716 |              0 |   211059988716 | 1.407067e+10 |
|               CAS_COUNT_RD STAT               | MBOX4C0 |         9041026 |              0 |        9041026 |  602735.0667 |
|               CAS_COUNT_WR STAT               | MBOX4C1 |         8973070 |              0 |        8973070 |  598204.6667 |
|               CAS_COUNT_RD STAT               | MBOX5C0 |         8948219 |              0 |        8948219 |  596547.9333 |
|               CAS_COUNT_WR STAT               | MBOX5C1 |         8882389 |              0 |        8882389 |  592159.2667 |
|               CAS_COUNT_RD STAT               | MBOX6C0 |         9350909 |              0 |        9350909 |  623393.9333 |
|               CAS_COUNT_WR STAT               | MBOX6C1 |         9122597 |              0 |        9122597 |  608173.1333 |
|               CAS_COUNT_RD STAT               | MBOX7C0 |         9073424 |              0 |        9073424 |  604894.9333 |
|               CAS_COUNT_WR STAT               | MBOX7C1 |         9081440 |              0 |        9081440 |  605429.3333 |
+-----------------------------------------------+---------+-----------------+----------------+----------------+--------------+

+-----------------------------------+-------------+-----------+-----------+-----------+-----------+-----------+-----------+-----------+-----------+-----------+-------------+-------------+-------------+-------------+-------------+
|               Metric              |  f0485:0:0  | f0485:1:1 | f0485:2:2 | f0485:3:3 | f0485:4:4 | f0485:5:5 | f0485:6:6 | f0485:7:7 | f0485:8:8 | f0485:9:9 | f0485:10:10 | f0485:11:11 | f0485:12:12 | f0485:13:13 | f0485:14:14 |
+-----------------------------------+-------------+-----------+-----------+-----------+-----------+-----------+-----------+-----------+-----------+-----------+-------------+-------------+-------------+-------------+-------------+
|        Runtime (RDTSC) [s]        |   2508.0090 | 2523.6870 | 2462.9980 | 2523.2630 | 2447.9880 | 2462.9810 | 2493.1910 | 2463.1840 | 2493.0490 | 2493.0330 |   2447.9940 |   2508.0580 |   2463.1100 |   2448.4340 |   2493.0300 |
|        Runtime unhalted [s]       |   2438.1816 | 2438.5607 | 2439.4085 | 2439.2883 | 2439.7877 | 2439.2522 | 2440.0752 | 2439.6117 | 2439.7267 | 2440.3094 |   2439.6772 |   2439.5886 |   2439.9783 |   2439.8780 |   2440.0532 |
|            Clock [MHz]            |   2394.3308 | 2393.9415 | 2394.3324 | 2394.3267 | 2394.3296 | 2394.3311 | 2394.1807 | 2394.3302 | 2394.3137 | 2394.3216 |   2394.3287 |   2394.3302 |   2394.3254 |   2393.9081 |   2394.3248 |
|                CPI                |      1.6296 |    1.6080 |    1.6029 |    1.5781 |    1.6002 |    1.6028 |    1.6335 |    1.5499 |    1.6213 |    1.5905 |      1.5867 |      1.6283 |      1.6104 |      1.5994 |      1.6382 |
|             Energy [J]            | 390967.2806 |         0 |         0 |         0 |         0 |         0 |         0 |         0 |         0 |         0 |           0 |           0 |           0 |           0 |           0 |
|             Power [W]             |    155.8875 |         0 |         0 |         0 |         0 |         0 |         0 |         0 |         0 |         0 |           0 |           0 |           0 |           0 |           0 |
|          Energy DRAM [J]          |  35680.5893 |         0 |         0 |         0 |         0 |         0 |         0 |         0 |         0 |         0 |           0 |           0 |           0 |           0 |           0 |
|           Power DRAM [W]          |     14.2267 |         0 |         0 |         0 |         0 |         0 |         0 |         0 |         0 |         0 |           0 |           0 |           0 |           0 |           0 |
|            DP [MFLOP/s]           |   1026.7587 | 1020.3800 | 1045.1062 | 1020.5514 | 1051.9331 | 1045.1134 | 1032.2308 | 1044.8056 | 1031.8786 | 1032.2962 |   1051.2887 |   1025.7036 |   1044.8370 |   1051.0998 |   1031.8865 |
|          AVX DP [MFLOP/s]         |     89.9325 |   89.3738 |   91.5091 |   89.3888 |   92.1375 |   91.5097 |   90.4118 |   91.5132 |   90.3509 |   90.4176 |     92.0811 |     89.8102 |     91.5160 |     92.0645 |     90.3516 |
|          Packed [MUOPS/s]         |     11.2416 |   11.1717 |   11.4386 |   11.1736 |   11.5172 |   11.4387 |   11.3015 |   11.4392 |   11.2939 |   11.3022 |     11.5101 |     11.2263 |     11.4395 |     11.5081 |     11.2939 |
|          Scalar [MUOPS/s]         |    936.8262 |  931.0062 |  953.5971 |  931.1626 |  959.7956 |  953.6037 |  941.8190 |  953.2924 |  941.5277 |  941.8787 |    959.2077 |    935.8933 |    953.3210 |    959.0353 |    941.5349 |
|  Memory read bandwidth [MBytes/s] |  52158.5169 |         0 |         0 |         0 |         0 |         0 |         0 |         0 |         0 |         0 |           0 |           0 |           0 |           0 |           0 |
|  Memory read data volume [GBytes] | 130814.0299 |         0 |         0 |         0 |         0 |         0 |         0 |         0 |         0 |         0 |           0 |           0 |           0 |           0 |           0 |
| Memory write bandwidth [MBytes/s] |  21545.4419 |         0 |         0 |         0 |         0 |         0 |         0 |         0 |         0 |         0 |           0 |           0 |           0 |           0 |           0 |
| Memory write data volume [GBytes] |  54036.1622 |         0 |         0 |         0 |         0 |         0 |         0 |         0 |         0 |         0 |           0 |           0 |           0 |           0 |           0 |
|    Memory bandwidth [MBytes/s]    |  73703.9588 |         0 |         0 |         0 |         0 |         0 |         0 |         0 |         0 |         0 |           0 |           0 |           0 |           0 |           0 |
|    Memory data volume [GBytes]    | 184850.1921 |         0 |         0 |         0 |         0 |         0 |         0 |         0 |         0 |         0 |           0 |           0 |           0 |           0 |           0 |
|       Operational intensity       |      0.0139 |         0 |         0 |         0 |         0 |         0 |         0 |         0 |         0 |         0 |           0 |           0 |           0 |           0 |           0 |
+-----------------------------------+-------------+-----------+-----------+-----------+-----------+-----------+-----------+-----------+-----------+-----------+-------------+-------------+-------------+-------------+-------------+

+----------------------------------------+-------------+-----------+-------------+------------+-----------+-----------+-----------+
|                 Metric                 |     Sum     |    Min    |     Max     |     Avg    |  %ile 25  |  %ile 50  |  %ile 75  |
+----------------------------------------+-------------+-----------+-------------+------------+-----------+-----------+-----------+
|        Runtime (RDTSC) [s] STAT        |  37232.0090 | 2447.9880 |   2523.6870 |  2482.1339 | 2462.9810 | 2493.0300 | 2493.1910 |
|        Runtime unhalted [s] STAT       |  36593.3773 | 2438.1816 |   2440.3094 |  2439.5585 | 2439.2883 | 2439.6772 | 2439.8780 |
|            Clock [MHz] STAT            |  35913.9555 | 2393.9081 |   2394.3324 |  2394.2637 | 2394.3137 | 2394.3267 | 2394.3302 |
|                CPI STAT                |     24.0798 |    1.5499 |      1.6382 |     1.6053 |    1.5905 |    1.6029 |    1.6213 |
|             Energy [J] STAT            | 390967.2806 |         0 | 390967.2806 | 26064.4854 |         0 |         0 |         0 |
|             Power [W] STAT             |    155.8875 |         0 |    155.8875 |    10.3925 |         0 |         0 |         0 |
|          Energy DRAM [J] STAT          |  35680.5893 |         0 |  35680.5893 |  2378.7060 |         0 |         0 |         0 |
|           Power DRAM [W] STAT          |     14.2267 |         0 |     14.2267 |     0.9484 |         0 |         0 |         0 |
|            DP [MFLOP/s] STAT           |  15555.8696 | 1020.3800 |   1051.9331 |  1037.0580 | 1026.7587 | 1032.2962 | 1045.1062 |
|          AVX DP [MFLOP/s] STAT         |   1362.3683 |   89.3738 |     92.1375 |    90.8246 |   89.9325 |   90.4176 |   91.5132 |
|          Packed [MUOPS/s] STAT         |    170.2961 |   11.1717 |     11.5172 |    11.3531 |   11.2416 |   11.3022 |   11.4392 |
|          Scalar [MUOPS/s] STAT         |  14193.5014 |  931.0062 |    959.7956 |   946.2334 |  936.8262 |  941.8787 |  953.5971 |
|  Memory read bandwidth [MBytes/s] STAT |  52158.5169 |         0 |  52158.5169 |  3477.2345 |         0 |         0 |         0 |
|  Memory read data volume [GBytes] STAT | 130814.0299 |         0 | 130814.0299 |  8720.9353 |         0 |         0 |         0 |
| Memory write bandwidth [MBytes/s] STAT |  21545.4419 |         0 |  21545.4419 |  1436.3628 |         0 |         0 |         0 |
| Memory write data volume [GBytes] STAT |  54036.1622 |         0 |  54036.1622 |  3602.4108 |         0 |         0 |         0 |
|    Memory bandwidth [MBytes/s] STAT    |  73703.9588 |         0 |  73703.9588 |  4913.5973 |         0 |         0 |         0 |
|    Memory data volume [GBytes] STAT    | 184850.1921 |         0 | 184850.1921 | 12323.3461 |         0 |         0 |         0 |
|       Operational intensity STAT       |      0.0139 |         0 |      0.0139 |     0.0009 |         0 |         0 |         0 |
+----------------------------------------+-------------+-----------+-------------+------------+-----------+-----------+-----------+

