WARN: Cannot extract OpenMP vendor from executable or commandline, assuming no OpenMP
Successfully initialised 25 MPI ranks.
Opening tea.out as log file.

Timestep 1
Error: 			5.444659e-11

Timestep 2
Error: 			3.489730e-12

Timestep 3
Error: 			2.490882e-13

Timestep 4
Error: 			1.518600e-14

Timestep 5
Error: 			9.881540e-16

Checking results...
Expected 9.200337173020409e+01
Actual   9.200337173010196e+01
This run [32mPASSED[0m (Difference is within 0.00000000%)
Group: 1
+------------------------------------------+---------+----------------+----------------+----------------+----------------+----------------+----------------+----------------+----------------+----------------+----------------+----------------+----------------+----------------+----------------+----------------+----------------+----------------+----------------+----------------+----------------+----------------+----------------+----------------+----------------+----------------+
|                   Event                  | Counter |    f0485:0:0   |    f0485:1:1   |    f0485:2:2   |    f0485:3:3   |    f0485:4:4   |    f0485:5:5   |    f0485:6:6   |    f0485:7:7   |    f0485:8:8   |    f0485:9:9   |   f0485:10:10  |   f0485:11:11  |   f0485:12:12  |   f0485:13:13  |   f0485:14:14  |   f0485:15:15  |   f0485:16:16  |   f0485:17:17  |   f0485:18:18  |   f0485:19:19  |   f0485:20:20  |   f0485:21:21  |   f0485:22:22  |   f0485:23:23  |   f0485:24:24  |
+------------------------------------------+---------+----------------+----------------+----------------+----------------+----------------+----------------+----------------+----------------+----------------+----------------+----------------+----------------+----------------+----------------+----------------+----------------+----------------+----------------+----------------+----------------+----------------+----------------+----------------+----------------+----------------+
|             INSTR_RETIRED_ANY            |  FIXC0  |  2146928645657 |  2157654619598 |  2150558604738 |  2189637583716 |  2170036636442 |  2171308151783 |  2206390031681 |  2168727027074 |  2166082932795 |  2216751538798 |  2150166141278 |  2160337068268 |  2181505563043 |  2171840080952 |  2152579549722 |  2168519123189 |  2185598373075 |  2148638992614 |  4078596158686 |  4076013723556 |  4015349730828 |  4029949035261 |  4044399795272 |  4040530461789 |  2489341957774 |
|           CPU_CLK_UNHALTED_CORE          |  FIXC1  |  4159314455241 |  4158229075094 |  4162254749651 |  4161681814778 |  4159545818461 |  4162242076220 |  4161182130932 |  4161406285927 |  4162283034547 |  4161879180067 |  4162149109283 |  4158745235553 |  4159226510444 |  4162104650151 |  4159539777664 |  4160087278641 |  4156968694936 |  4159297042659 |  4169064916794 |  4169051323786 |  4168935343644 |  4168900461400 |  4169206587534 |  4169121076420 |  4169175451154 |
|           CPU_CLK_UNHALTED_REF           |  FIXC2  |  4159315604832 |  4158230481024 |  4162255481568 |  4161683153760 |  4159546538496 |  4162241733696 |  4161183412032 |  4161409051776 |  4162285416480 |  4161879719616 |  4162150717920 |  4158746869152 |  4159227925728 |  4162104034752 |  4159539983520 |  4160087830656 |  4156970670720 |  4159298577600 |  4169056140480 |  4169043180384 |  4168928049312 |  4168885569696 |  4169193910368 |  4169112634560 |  4169166359328 |
|               TOPDOWN_SLOTS              |  FIXC3  | 20796572276205 | 20791145375470 | 20811273748255 | 20808409073890 | 20797729092305 | 20811210381100 | 20805910654660 | 20807031429635 | 20811415172735 | 20809395900335 | 20810745546415 | 20793726177765 | 20796132552220 | 20810523250755 | 20797698888320 | 20800436393205 | 20784843474680 | 20796485213295 | 20845324583970 | 20845256618930 | 20844676718220 | 20844502307000 | 20846032937670 | 20845605382100 | 20845877255770 |
|              PWR_PKG_ENERGY              |   PWR0  |    324778.4199 |              0 |              0 |              0 |              0 |              0 |              0 |              0 |              0 |              0 |              0 |              0 |              0 |              0 |              0 |              0 |              0 |              0 |              0 |              0 |              0 |              0 |              0 |              0 |              0 |
|              PWR_DRAM_ENERGY             |   PWR3  |     31398.8499 |              0 |              0 |              0 |              0 |              0 |              0 |              0 |              0 |              0 |              0 |              0 |              0 |              0 |              0 |              0 |              0 |              0 |              0 |              0 |              0 |              0 |              0 |              0 |              0 |
| FP_ARITH_INST_RETIRED_128B_PACKED_DOUBLE |   PMC0  |              0 |              0 |              0 |              0 |              0 |              0 |              0 |              0 |              0 |              0 |              0 |              0 |              0 |              0 |              0 |              0 |              0 |              0 |              0 |              0 |              0 |              0 |              0 |              0 |              0 |
|    FP_ARITH_INST_RETIRED_SCALAR_DOUBLE   |   PMC1  |  1410086431036 |  1410085180661 |  1409224836468 |  1409224831174 |  1409224819117 |  1410085155923 |  1410085173325 |  1409224815258 |  1409224828134 |  1409224818060 |  1409224825104 |  1409224810441 |  1408365010860 |  1408364983571 |  1408364989968 |  1409224812626 |  1409224797325 |  1408364979998 |  1408364973203 |  1408364971040 |  1409224787203 |  1409224784512 |  1408364980350 |  1408364966694 |  1408364952930 |
| FP_ARITH_INST_RETIRED_256B_PACKED_DOUBLE |   PMC2  |              0 |              0 |              0 |              0 |              0 |              0 |              0 |              0 |              0 |              0 |              0 |              0 |              0 |              0 |              0 |              0 |              0 |              0 |              0 |              0 |              0 |              0 |              0 |              0 |              0 |
| FP_ARITH_INST_RETIRED_512B_PACKED_DOUBLE |   PMC3  |    16949322842 |    16949322838 |    16928735713 |    16928735713 |    16928735713 |    16949322838 |    16949322838 |    16928735713 |    16928735713 |    16928735713 |    16938969041 |    16938969041 |    16918381916 |    16918381916 |    16918381916 |    16938969041 |    16938969041 |    16918381916 |    16918381916 |    16918381916 |    16938969041 |    16938969041 |    16918381916 |    16918381916 |    16918381916 |
|               CAS_COUNT_RD               | MBOX0C0 |   361886297666 |              0 |              0 |              0 |              0 |              0 |              0 |              0 |              0 |              0 |              0 |              0 |              0 |              0 |              0 |              0 |              0 |              0 |              0 |              0 |              0 |              0 |              0 |              0 |              0 |
|               CAS_COUNT_WR               | MBOX0C1 |   152522293521 |              0 |              0 |              0 |              0 |              0 |              0 |              0 |              0 |              0 |              0 |              0 |              0 |              0 |              0 |              0 |              0 |              0 |              0 |              0 |              0 |              0 |              0 |              0 |              0 |
|               CAS_COUNT_RD               | MBOX1C0 |   362030095321 |              0 |              0 |              0 |              0 |              0 |              0 |              0 |              0 |              0 |              0 |              0 |              0 |              0 |              0 |              0 |              0 |              0 |              0 |              0 |              0 |              0 |              0 |              0 |              0 |
|               CAS_COUNT_WR               | MBOX1C1 |   152520379358 |              0 |              0 |              0 |              0 |              0 |              0 |              0 |              0 |              0 |              0 |              0 |              0 |              0 |              0 |              0 |              0 |              0 |              0 |              0 |              0 |              0 |              0 |              0 |              0 |
|               CAS_COUNT_RD               | MBOX2C0 |   361839940965 |              0 |              0 |              0 |              0 |              0 |              0 |              0 |              0 |              0 |              0 |              0 |              0 |              0 |              0 |              0 |              0 |              0 |              0 |              0 |              0 |              0 |              0 |              0 |              0 |
|               CAS_COUNT_WR               | MBOX2C1 |   152526597644 |              0 |              0 |              0 |              0 |              0 |              0 |              0 |              0 |              0 |              0 |              0 |              0 |              0 |              0 |              0 |              0 |              0 |              0 |              0 |              0 |              0 |              0 |              0 |              0 |
|               CAS_COUNT_RD               | MBOX3C0 |   361892791224 |              0 |              0 |              0 |              0 |              0 |              0 |              0 |              0 |              0 |              0 |              0 |              0 |              0 |              0 |              0 |              0 |              0 |              0 |              0 |              0 |              0 |              0 |              0 |              0 |
|               CAS_COUNT_WR               | MBOX3C1 |   152508250872 |              0 |              0 |              0 |              0 |              0 |              0 |              0 |              0 |              0 |              0 |              0 |              0 |              0 |              0 |              0 |              0 |              0 |              0 |              0 |              0 |              0 |              0 |              0 |              0 |
|               CAS_COUNT_RD               | MBOX4C0 |   137184729147 |              0 |              0 |              0 |              0 |              0 |              0 |              0 |              0 |              0 |              0 |              0 |              0 |              0 |              0 |              0 |              0 |              0 |              0 |              0 |              0 |              0 |              0 |              0 |              0 |
|               CAS_COUNT_WR               | MBOX4C1 |    58519174192 |              0 |              0 |              0 |              0 |              0 |              0 |              0 |              0 |              0 |              0 |              0 |              0 |              0 |              0 |              0 |              0 |              0 |              0 |              0 |              0 |              0 |              0 |              0 |              0 |
|               CAS_COUNT_RD               | MBOX5C0 |   137175308437 |              0 |              0 |              0 |              0 |              0 |              0 |              0 |              0 |              0 |              0 |              0 |              0 |              0 |              0 |              0 |              0 |              0 |              0 |              0 |              0 |              0 |              0 |              0 |              0 |
|               CAS_COUNT_WR               | MBOX5C1 |    58519384924 |              0 |              0 |              0 |              0 |              0 |              0 |              0 |              0 |              0 |              0 |              0 |              0 |              0 |              0 |              0 |              0 |              0 |              0 |              0 |              0 |              0 |              0 |              0 |              0 |
|               CAS_COUNT_RD               | MBOX6C0 |   137213960036 |              0 |              0 |              0 |              0 |              0 |              0 |              0 |              0 |              0 |              0 |              0 |              0 |              0 |              0 |              0 |              0 |              0 |              0 |              0 |              0 |              0 |              0 |              0 |              0 |
|               CAS_COUNT_WR               | MBOX6C1 |    58519650880 |              0 |              0 |              0 |              0 |              0 |              0 |              0 |              0 |              0 |              0 |              0 |              0 |              0 |              0 |              0 |              0 |              0 |              0 |              0 |              0 |              0 |              0 |              0 |              0 |
|               CAS_COUNT_RD               | MBOX7C0 |   137204943737 |              0 |              0 |              0 |              0 |              0 |              0 |              0 |              0 |              0 |              0 |              0 |              0 |              0 |              0 |              0 |              0 |              0 |              0 |              0 |              0 |              0 |              0 |              0 |              0 |
|               CAS_COUNT_WR               | MBOX7C1 |    58519861421 |              0 |              0 |              0 |              0 |              0 |              0 |              0 |              0 |              0 |              0 |              0 |              0 |              0 |              0 |              0 |              0 |              0 |              0 |              0 |              0 |              0 |              0 |              0 |              0 |
+------------------------------------------+---------+----------------+----------------+----------------+----------------+----------------+----------------+----------------+----------------+----------------+----------------+----------------+----------------+----------------+----------------+----------------+----------------+----------------+----------------+----------------+----------------+----------------+----------------+----------------+----------------+----------------+

+-----------------------------------------------+---------+-----------------+----------------+----------------+--------------+
|                     Event                     | Counter |       Sum       |       Min      |       Max      |      Avg     |
+-----------------------------------------------+---------+-----------------+----------------+----------------+--------------+
|             INSTR_RETIRED_ANY STAT            |  FIXC0  |  65837441527589 |  2146928645657 |  4078596158686 | 2.633498e+12 |
|           CPU_CLK_UNHALTED_CORE STAT          |  FIXC1  | 104071592080981 |  4156968694936 |  4169206587534 | 4.162864e+12 |
|           CPU_CLK_UNHALTED_REF STAT           |  FIXC2  | 104071543047456 |  4156970670720 |  4169193910368 | 4.162862e+12 |
|               TOPDOWN_SLOTS STAT              |  FIXC3  | 520357960404905 | 20784843474680 | 20846032937670 |      nil     |
|              PWR_PKG_ENERGY STAT              |   PWR0  |     324778.4199 |              0 |    324778.4199 |   12991.1368 |
|              PWR_DRAM_ENERGY STAT             |   PWR3  |      31398.8499 |              0 |     31398.8499 |    1255.9540 |
| FP_ARITH_INST_RETIRED_128B_PACKED_DOUBLE STAT |   PMC0  |               0 |              0 |              0 |            0 |
|    FP_ARITH_INST_RETIRED_SCALAR_DOUBLE STAT   |   PMC1  |  35226324514981 |  1408364952930 |  1410086431036 | 1.409053e+12 |
| FP_ARITH_INST_RETIRED_256B_PACKED_DOUBLE STAT |   PMC2  |               0 |              0 |              0 |            0 |
| FP_ARITH_INST_RETIRED_512B_PACKED_DOUBLE STAT |   PMC3  |    423268957124 |    16918381916 |    16949322842 | 1.693076e+10 |
|               CAS_COUNT_RD STAT               | MBOX0C0 |    361886297666 |              0 |   361886297666 | 1.447545e+10 |
|               CAS_COUNT_WR STAT               | MBOX0C1 |    152522293521 |              0 |   152522293521 | 6.100892e+09 |
|               CAS_COUNT_RD STAT               | MBOX1C0 |    362030095321 |              0 |   362030095321 | 1.448120e+10 |
|               CAS_COUNT_WR STAT               | MBOX1C1 |    152520379358 |              0 |   152520379358 | 6.100815e+09 |
|               CAS_COUNT_RD STAT               | MBOX2C0 |    361839940965 |              0 |   361839940965 | 1.447360e+10 |
|               CAS_COUNT_WR STAT               | MBOX2C1 |    152526597644 |              0 |   152526597644 | 6.101064e+09 |
|               CAS_COUNT_RD STAT               | MBOX3C0 |    361892791224 |              0 |   361892791224 | 1.447571e+10 |
|               CAS_COUNT_WR STAT               | MBOX3C1 |    152508250872 |              0 |   152508250872 | 6.100330e+09 |
|               CAS_COUNT_RD STAT               | MBOX4C0 |    137184729147 |              0 |   137184729147 | 5.487389e+09 |
|               CAS_COUNT_WR STAT               | MBOX4C1 |     58519174192 |              0 |    58519174192 | 2.340767e+09 |
|               CAS_COUNT_RD STAT               | MBOX5C0 |    137175308437 |              0 |   137175308437 | 5.487012e+09 |
|               CAS_COUNT_WR STAT               | MBOX5C1 |     58519384924 |              0 |    58519384924 | 2.340775e+09 |
|               CAS_COUNT_RD STAT               | MBOX6C0 |    137213960036 |              0 |   137213960036 | 5.488558e+09 |
|               CAS_COUNT_WR STAT               | MBOX6C1 |     58519650880 |              0 |    58519650880 | 2.340786e+09 |
|               CAS_COUNT_RD STAT               | MBOX7C0 |    137204943737 |              0 |   137204943737 | 5.488198e+09 |
|               CAS_COUNT_WR STAT               | MBOX7C1 |     58519861421 |              0 |    58519861421 | 2.340794e+09 |
+-----------------------------------------------+---------+-----------------+----------------+----------------+--------------+

+-----------------------------------+-------------+-----------+-----------+-----------+-----------+-----------+-----------+-----------+-----------+-----------+-------------+-------------+-------------+-------------+-------------+-------------+-------------+-------------+-------------+-------------+-------------+-------------+-------------+-------------+-------------+
|               Metric              |  f0485:0:0  | f0485:1:1 | f0485:2:2 | f0485:3:3 | f0485:4:4 | f0485:5:5 | f0485:6:6 | f0485:7:7 | f0485:8:8 | f0485:9:9 | f0485:10:10 | f0485:11:11 | f0485:12:12 | f0485:13:13 | f0485:14:14 | f0485:15:15 | f0485:16:16 | f0485:17:17 | f0485:18:18 | f0485:19:19 | f0485:20:20 | f0485:21:21 | f0485:22:22 | f0485:23:23 | f0485:24:24 |
+-----------------------------------+-------------+-----------+-----------+-----------+-----------+-----------+-----------+-----------+-----------+-----------+-------------+-------------+-------------+-------------+-------------+-------------+-------------+-------------+-------------+-------------+-------------+-------------+-------------+-------------+-------------+
|        Runtime (RDTSC) [s]        |   1745.8540 | 1746.0220 | 1746.0380 | 1745.8100 | 1745.7700 | 1745.8760 | 1745.7690 | 1746.1680 | 1745.9920 | 1745.8660 |   1745.8490 |   1745.8850 |   1745.9040 |   1745.9910 |   1745.8130 |   1745.7430 |   1745.8910 |   1745.7710 |   1745.7700 |   1745.7500 |   1745.8880 |   1745.9410 |   1745.7420 |   1745.8670 |   1745.8590 |
|        Runtime unhalted [s]       |   1737.1507 | 1736.8576 | 1738.5540 | 1738.1417 | 1737.2506 | 1738.3985 | 1737.9355 | 1738.4339 | 1738.6235 | 1738.2211 |   1738.3342 |   1736.9110 |   1737.1288 |   1738.5576 |   1737.2455 |   1737.4756 |   1736.1745 |   1737.1454 |   1741.2260 |   1741.2202 |   1741.1782 |   1741.3491 |   1741.2828 |   1741.2443 |   1741.2687 |
|            Clock [MHz]            |   2394.3307 | 2394.1097 | 2394.0896 | 2394.3274 | 2394.3265 | 2394.2970 | 2394.3242 | 2393.7657 | 2394.0091 | 2394.3322 |   2394.3310 |   2394.3331 |   2394.3101 |   2393.9991 |   2394.3303 |   2394.3282 |   2394.3254 |   2394.3278 |   2394.3324 |   2394.3321 |   2394.3228 |   2394.0722 |   2394.3378 |   2394.3392 |   2394.3373 |
|                CPI                |      1.9373 |    1.9272 |    1.9354 |    1.9006 |    1.9168 |    1.9169 |    1.8860 |    1.9188 |    1.9216 |    1.8775 |      1.9357 |      1.9250 |      1.9066 |      1.9164 |      1.9324 |      1.9184 |      1.9020 |      1.9358 |      1.0222 |      1.0228 |      1.0382 |      1.0345 |      1.0309 |      1.0318 |      1.6748 |
|             Energy [J]            | 324778.4199 |         0 |         0 |         0 |         0 |         0 |         0 |         0 |         0 |         0 |           0 |           0 |           0 |           0 |           0 |           0 |           0 |           0 |           0 |           0 |           0 |           0 |           0 |           0 |           0 |
|             Power [W]             |    186.0284 |         0 |         0 |         0 |         0 |         0 |         0 |         0 |         0 |         0 |           0 |           0 |           0 |           0 |           0 |           0 |           0 |           0 |           0 |           0 |           0 |           0 |           0 |           0 |           0 |
|          Energy DRAM [J]          |  31398.8499 |         0 |         0 |         0 |         0 |         0 |         0 |         0 |         0 |         0 |           0 |           0 |           0 |           0 |           0 |           0 |           0 |           0 |           0 |           0 |           0 |           0 |           0 |           0 |           0 |
|           Power DRAM [W]          |     17.9848 |         0 |         0 |         0 |         0 |         0 |         0 |         0 |         0 |         0 |           0 |           0 |           0 |           0 |           0 |           0 |           0 |           0 |           0 |           0 |           0 |           0 |           0 |           0 |           0 |
|            DP [MFLOP/s]           |    885.3438 |  885.2579 |  884.6627 |  884.7783 |  884.7985 |  885.3319 |  885.3862 |  884.5968 |  884.6860 |  884.7499 |    884.8054 |    884.7871 |    884.1907 |    884.1466 |    884.2368 |    884.8591 |    884.7841 |    884.2580 |    884.2585 |    884.2687 |    884.7856 |    884.7587 |    884.2727 |    884.2094 |    884.2134 |
|          AVX DP [MFLOP/s]         |     77.6666 |   77.6591 |   77.5641 |   77.5742 |   77.5760 |   77.6656 |   77.6704 |   77.5583 |   77.5662 |   77.5718 |     77.6194 |     77.6178 |     77.5226 |     77.5188 |     77.5267 |     77.6241 |     77.6175 |     77.5285 |     77.5286 |     77.5295 |     77.6177 |     77.6153 |     77.5298 |     77.5243 |     77.5246 |
|          Packed [MUOPS/s]         |      9.7083 |    9.7074 |    9.6955 |    9.6968 |    9.6970 |    9.7082 |    9.7088 |    9.6948 |    9.6958 |    9.6965 |      9.7024 |      9.7022 |      9.6903 |      9.6898 |      9.6908 |      9.7030 |      9.7022 |      9.6911 |      9.6911 |      9.6912 |      9.7022 |      9.7019 |      9.6912 |      9.6905 |      9.6906 |
|          Scalar [MUOPS/s]         |    807.6772 |  807.5987 |  807.0986 |  807.2040 |  807.2225 |  807.6663 |  807.7158 |  807.0385 |  807.1199 |  807.1781 |    807.1860 |    807.1693 |    806.6681 |    806.6279 |    806.7101 |    807.2350 |    807.1665 |    806.7295 |    806.7300 |    806.7392 |    807.1679 |    807.1434 |    806.7429 |    806.6851 |    806.6888 |
|  Memory read bandwidth [MBytes/s] |  73185.6136 |         0 |         0 |         0 |         0 |         0 |         0 |         0 |         0 |         0 |           0 |           0 |           0 |           0 |           0 |           0 |           0 |           0 |           0 |           0 |           0 |           0 |           0 |           0 |           0 |
|  Memory read data volume [GBytes] | 127771.3963 |         0 |         0 |         0 |         0 |         0 |         0 |         0 |         0 |         0 |           0 |           0 |           0 |           0 |           0 |           0 |           0 |           0 |           0 |           0 |           0 |           0 |           0 |           0 |           0 |
| Memory write bandwidth [MBytes/s] |  30945.2898 |         0 |         0 |         0 |         0 |         0 |         0 |         0 |         0 |         0 |           0 |           0 |           0 |           0 |           0 |           0 |           0 |           0 |           0 |           0 |           0 |           0 |           0 |           0 |           0 |
| Memory write data volume [GBytes] |  54025.9579 |         0 |         0 |         0 |         0 |         0 |         0 |         0 |         0 |         0 |           0 |           0 |           0 |           0 |           0 |           0 |           0 |           0 |           0 |           0 |           0 |           0 |           0 |           0 |           0 |
|    Memory bandwidth [MBytes/s]    | 104130.9034 |         0 |         0 |         0 |         0 |         0 |         0 |         0 |         0 |         0 |           0 |           0 |           0 |           0 |           0 |           0 |           0 |           0 |           0 |           0 |           0 |           0 |           0 |           0 |           0 |
|    Memory data volume [GBytes]    | 181797.3542 |         0 |         0 |         0 |         0 |         0 |         0 |         0 |         0 |         0 |           0 |           0 |           0 |           0 |           0 |           0 |           0 |           0 |           0 |           0 |           0 |           0 |           0 |           0 |           0 |
|       Operational intensity       |      0.0085 |         0 |         0 |         0 |         0 |         0 |         0 |         0 |         0 |         0 |           0 |           0 |           0 |           0 |           0 |           0 |           0 |           0 |           0 |           0 |           0 |           0 |           0 |           0 |           0 |
+-----------------------------------+-------------+-----------+-----------+-----------+-----------+-----------+-----------+-----------+-----------+-----------+-------------+-------------+-------------+-------------+-------------+-------------+-------------+-------------+-------------+-------------+-------------+-------------+-------------+-------------+-------------+

+----------------------------------------+-------------+-----------+-------------+------------+-----------+-----------+-----------+
|                 Metric                 |     Sum     |    Min    |     Max     |     Avg    |  %ile 25  |  %ile 50  |  %ile 75  |
+----------------------------------------+-------------+-----------+-------------+------------+-----------+-----------+-----------+
|        Runtime (RDTSC) [s] STAT        |  43646.8290 | 1745.7420 |   1746.1680 |  1745.8732 | 1745.7700 | 1745.8660 | 1745.9040 |
|        Runtime unhalted [s] STAT       |  43467.3090 | 1736.1745 |   1741.3491 |  1738.6924 | 1737.1507 | 1738.3342 | 1741.1782 |
|            Clock [MHz] STAT            |  59856.2709 | 2393.7657 |   2394.3392 |  2394.2508 | 2394.1097 | 2394.3274 | 2394.3321 |
|                CPI STAT                |     42.3656 |    1.0222 |      1.9373 |     1.6946 |    1.0382 |    1.9164 |    1.9250 |
|             Energy [J] STAT            | 324778.4199 |         0 | 324778.4199 | 12991.1368 |         0 |         0 |         0 |
|             Power [W] STAT             |    186.0284 |         0 |    186.0284 |     7.4411 |         0 |         0 |         0 |
|          Energy DRAM [J] STAT          |  31398.8499 |         0 |  31398.8499 |  1255.9540 |         0 |         0 |         0 |
|           Power DRAM [W] STAT          |     17.9848 |         0 |     17.9848 |     0.7194 |         0 |         0 |         0 |
|            DP [MFLOP/s] STAT           |  22116.4268 |  884.1466 |    885.3862 |   884.6571 |  884.2580 |  884.7499 |  884.7985 |
|          AVX DP [MFLOP/s] STAT         |   1939.5175 |   77.5188 |     77.6704 |    77.5807 |   77.5285 |   77.5718 |   77.6178 |
|          Packed [MUOPS/s] STAT         |    242.4396 |    9.6898 |      9.7088 |     9.6976 |    9.6911 |    9.6965 |    9.7022 |
|          Scalar [MUOPS/s] STAT         |  20176.9093 |  806.6279 |    807.7158 |   807.0764 |  806.7295 |  807.1434 |  807.2040 |
|  Memory read bandwidth [MBytes/s] STAT |  73185.6136 |         0 |  73185.6136 |  2927.4245 |         0 |         0 |         0 |
|  Memory read data volume [GBytes] STAT | 127771.3963 |         0 | 127771.3963 |  5110.8559 |         0 |         0 |         0 |
| Memory write bandwidth [MBytes/s] STAT |  30945.2898 |         0 |  30945.2898 |  1237.8116 |         0 |         0 |         0 |
| Memory write data volume [GBytes] STAT |  54025.9579 |         0 |  54025.9579 |  2161.0383 |         0 |         0 |         0 |
|    Memory bandwidth [MBytes/s] STAT    | 104130.9034 |         0 | 104130.9034 |  4165.2361 |         0 |         0 |         0 |
|    Memory data volume [GBytes] STAT    | 181797.3542 |         0 | 181797.3542 |  7271.8942 |         0 |         0 |         0 |
|       Operational intensity STAT       |      0.0085 |         0 |      0.0085 |     0.0003 |         0 |         0 |         0 |
+----------------------------------------+-------------+-----------+-------------+------------+-----------+-----------+-----------+

