WARN: Cannot extract OpenMP vendor from executable or commandline, assuming no OpenMP
Successfully initialised 19 MPI ranks.
Opening tea.out as log file.

Timestep 1
Error: 			5.444659e-11

Timestep 2
Error: 			3.489730e-12

Timestep 3
Error: 			2.490437e-13

Timestep 4
Error: 			1.518613e-14

Timestep 5
Error: 			9.874688e-16

Checking results...
Expected 9.200337173020409e+01
Actual   9.200337173017142e+01
This run [32mPASSED[0m (Difference is within 0.00000000%)
Group: 1
+------------------------------------------+---------+----------------+----------------+----------------+----------------+----------------+----------------+----------------+----------------+----------------+----------------+----------------+----------------+----------------+----------------+----------------+----------------+----------------+----------------+----------------+
|                   Event                  | Counter |    f0485:0:0   |    f0485:1:1   |    f0485:2:2   |    f0485:3:3   |    f0485:4:4   |    f0485:5:5   |    f0485:6:6   |    f0485:7:7   |    f0485:8:8   |    f0485:9:9   |   f0485:10:10  |   f0485:11:11  |   f0485:12:12  |   f0485:13:13  |   f0485:14:14  |   f0485:15:15  |   f0485:16:16  |   f0485:17:17  |   f0485:18:18  |
+------------------------------------------+---------+----------------+----------------+----------------+----------------+----------------+----------------+----------------+----------------+----------------+----------------+----------------+----------------+----------------+----------------+----------------+----------------+----------------+----------------+----------------+
|             INSTR_RETIRED_ANY            |  FIXC0  |  2833587531190 |  2821186181411 |  2880657691659 |  2824401635715 |  2905789764497 |  2829966266177 |  2819283265494 |  2812273611177 |  2840398330849 |  2866491850391 |  2815436759803 |  2891777442070 |  2845099497514 |  2823208446430 |  2814989130085 |  2883910117734 |  2843404710112 |  2806217680408 |  6567605904030 |
|           CPU_CLK_UNHALTED_CORE          |  FIXC1  |  5536772713078 |  5534330893453 |  5539282753016 |  5539297704729 |  5538341935436 |  5538481979487 |  5538956036881 |  5538152172255 |  5538172832533 |  5538173073695 |  5538852837986 |  5537223592439 |  5537594268132 |  5538963103365 |  5536243648493 |  5536994635899 |  5534573704009 |  5535939336603 |  5551119696652 |
|           CPU_CLK_UNHALTED_REF           |  FIXC2  |  5536774675488 |  5534331229536 |  5539284123456 |  5539299254208 |  5538341160384 |  5538484531968 |  5538957890880 |  5538153473184 |  5538174923040 |  5538174133536 |  5538856269600 |  5537224434720 |  5537594518080 |  5538962788512 |  5536244199648 |  5536995477408 |  5534576159616 |  5535940171008 |  5551096020672 |
|               TOPDOWN_SLOTS              |  FIXC3  | 27683863565390 | 27671654467265 | 27696413765080 | 27696488523645 | 27691709677180 | 27692409897435 | 27694780184405 | 27690760861275 | 27690864162665 | 27690865368475 | 27694264189930 | 27686117962195 | 27687971340660 | 27694815516825 | 27681218242465 | 27684973179495 | 27672868520045 | 27679696683015 | 27755598483260 |
|              PWR_PKG_ENERGY              |   PWR0  |    383170.0742 |              0 |              0 |              0 |              0 |              0 |              0 |              0 |              0 |              0 |              0 |              0 |              0 |              0 |              0 |              0 |              0 |              0 |              0 |
|              PWR_DRAM_ENERGY             |   PWR3  |     35149.8797 |              0 |              0 |              0 |              0 |              0 |              0 |              0 |              0 |              0 |              0 |              0 |              0 |              0 |              0 |              0 |              0 |              0 |              0 |
| FP_ARITH_INST_RETIRED_128B_PACKED_DOUBLE |   PMC0  |              0 |              0 |              0 |              0 |              0 |              0 |              0 |              0 |              0 |              0 |              0 |              0 |              0 |              0 |              0 |              0 |              0 |              0 |              0 |
|    FP_ARITH_INST_RETIRED_SCALAR_DOUBLE   |   PMC1  |  1857638503252 |  1857638373775 |  1857637970198 |  1853337882699 |  1853337876637 |  1853337870673 |  1853337867766 |  1853337866562 |  1853337868259 |  1853337866210 |  1853337859504 |  1853337857100 |  1853337848232 |  1853337866669 |  1853337858340 |  1853337863531 |  1853337858005 |  1853337853385 |  1853337857061 |
| FP_ARITH_INST_RETIRED_256B_PACKED_DOUBLE |   PMC2  |              0 |              0 |              0 |              0 |              0 |              0 |              0 |              0 |              0 |              0 |              0 |              0 |              0 |              0 |              0 |              0 |              0 |              0 |              0 |
| FP_ARITH_INST_RETIRED_512B_PACKED_DOUBLE |   PMC3  |    22244908925 |    22244908925 |    22244908925 |    22193441529 |    22193441529 |    22193441529 |    22193441529 |    22193441529 |    22193441529 |    22193441529 |    22193441529 |    22193441529 |    22193441529 |    22193441529 |    22193441529 |    22193441529 |    22193441529 |    22193441529 |    22193441529 |
|               CAS_COUNT_RD               | MBOX0C0 |   479111223601 |              0 |              0 |              0 |              0 |              0 |              0 |              0 |              0 |              0 |              0 |              0 |              0 |              0 |              0 |              0 |              0 |              0 |              0 |
|               CAS_COUNT_WR               | MBOX0C1 |   200961255908 |              0 |              0 |              0 |              0 |              0 |              0 |              0 |              0 |              0 |              0 |              0 |              0 |              0 |              0 |              0 |              0 |              0 |              0 |
|               CAS_COUNT_RD               | MBOX1C0 |   479208390576 |              0 |              0 |              0 |              0 |              0 |              0 |              0 |              0 |              0 |              0 |              0 |              0 |              0 |              0 |              0 |              0 |              0 |              0 |
|               CAS_COUNT_WR               | MBOX1C1 |   200944263942 |              0 |              0 |              0 |              0 |              0 |              0 |              0 |              0 |              0 |              0 |              0 |              0 |              0 |              0 |              0 |              0 |              0 |              0 |
|               CAS_COUNT_RD               | MBOX2C0 |   479024593057 |              0 |              0 |              0 |              0 |              0 |              0 |              0 |              0 |              0 |              0 |              0 |              0 |              0 |              0 |              0 |              0 |              0 |              0 |
|               CAS_COUNT_WR               | MBOX2C1 |   200948484098 |              0 |              0 |              0 |              0 |              0 |              0 |              0 |              0 |              0 |              0 |              0 |              0 |              0 |              0 |              0 |              0 |              0 |              0 |
|               CAS_COUNT_RD               | MBOX3C0 |   479051307374 |              0 |              0 |              0 |              0 |              0 |              0 |              0 |              0 |              0 |              0 |              0 |              0 |              0 |              0 |              0 |              0 |              0 |              0 |
|               CAS_COUNT_WR               | MBOX3C1 |   200920870623 |              0 |              0 |              0 |              0 |              0 |              0 |              0 |              0 |              0 |              0 |              0 |              0 |              0 |              0 |              0 |              0 |              0 |              0 |
|               CAS_COUNT_RD               | MBOX4C0 |    21394569902 |              0 |              0 |              0 |              0 |              0 |              0 |              0 |              0 |              0 |              0 |              0 |              0 |              0 |              0 |              0 |              0 |              0 |              0 |
|               CAS_COUNT_WR               | MBOX4C1 |     9396829676 |              0 |              0 |              0 |              0 |              0 |              0 |              0 |              0 |              0 |              0 |              0 |              0 |              0 |              0 |              0 |              0 |              0 |              0 |
|               CAS_COUNT_RD               | MBOX5C0 |    21393458750 |              0 |              0 |              0 |              0 |              0 |              0 |              0 |              0 |              0 |              0 |              0 |              0 |              0 |              0 |              0 |              0 |              0 |              0 |
|               CAS_COUNT_WR               | MBOX5C1 |     9396226904 |              0 |              0 |              0 |              0 |              0 |              0 |              0 |              0 |              0 |              0 |              0 |              0 |              0 |              0 |              0 |              0 |              0 |              0 |
|               CAS_COUNT_RD               | MBOX6C0 |    21406139189 |              0 |              0 |              0 |              0 |              0 |              0 |              0 |              0 |              0 |              0 |              0 |              0 |              0 |              0 |              0 |              0 |              0 |              0 |
|               CAS_COUNT_WR               | MBOX6C1 |     9400685333 |              0 |              0 |              0 |              0 |              0 |              0 |              0 |              0 |              0 |              0 |              0 |              0 |              0 |              0 |              0 |              0 |              0 |              0 |
|               CAS_COUNT_RD               | MBOX7C0 |    21411123133 |              0 |              0 |              0 |              0 |              0 |              0 |              0 |              0 |              0 |              0 |              0 |              0 |              0 |              0 |              0 |              0 |              0 |              0 |
|               CAS_COUNT_WR               | MBOX7C1 |     9403693907 |              0 |              0 |              0 |              0 |              0 |              0 |              0 |              0 |              0 |              0 |              0 |              0 |              0 |              0 |              0 |              0 |              0 |              0 |
+------------------------------------------+---------+----------------+----------------+----------------+----------------+----------------+----------------+----------------+----------------+----------------+----------------+----------------+----------------+----------------+----------------+----------------+----------------+----------------+----------------+----------------+

+-----------------------------------------------+---------+-----------------+----------------+----------------+--------------+
|                     Event                     | Counter |       Sum       |       Min      |       Max      |      Avg     |
+-----------------------------------------------+---------+-----------------+----------------+----------------+--------------+
|             INSTR_RETIRED_ANY STAT            |  FIXC0  |  57725685816746 |  2806217680408 |  6567605904030 | 3.038194e+12 |
|           CPU_CLK_UNHALTED_CORE STAT          |  FIXC1  | 105227466918141 |  5534330893453 |  5551119696652 | 5.538288e+12 |
|           CPU_CLK_UNHALTED_REF STAT           |  FIXC2  | 105227465434944 |  5534331229536 |  5551096020672 | 5.538288e+12 |
|               TOPDOWN_SLOTS STAT              |  FIXC3  | 526137334590705 | 27671654467265 | 27755598483260 |      nil     |
|              PWR_PKG_ENERGY STAT              |   PWR0  |     383170.0742 |              0 |    383170.0742 |   20166.8460 |
|              PWR_DRAM_ENERGY STAT             |   PWR3  |      35149.8797 |              0 |     35149.8797 |    1849.9937 |
| FP_ARITH_INST_RETIRED_128B_PACKED_DOUBLE STAT |   PMC0  |               0 |              0 |              0 |            0 |
|    FP_ARITH_INST_RETIRED_SCALAR_DOUBLE STAT   |   PMC1  |  35226320667858 |  1853337848232 |  1857638503252 | 1.854017e+12 |
| FP_ARITH_INST_RETIRED_256B_PACKED_DOUBLE STAT |   PMC2  |               0 |              0 |              0 |            0 |
| FP_ARITH_INST_RETIRED_512B_PACKED_DOUBLE STAT |   PMC3  |    421829791239 |    22193441529 |    22244908925 | 2.220157e+10 |
|               CAS_COUNT_RD STAT               | MBOX0C0 |    479111223601 |              0 |   479111223601 | 2.521638e+10 |
|               CAS_COUNT_WR STAT               | MBOX0C1 |    200961255908 |              0 |   200961255908 | 1.057691e+10 |
|               CAS_COUNT_RD STAT               | MBOX1C0 |    479208390576 |              0 |   479208390576 | 2.522149e+10 |
|               CAS_COUNT_WR STAT               | MBOX1C1 |    200944263942 |              0 |   200944263942 | 1.057601e+10 |
|               CAS_COUNT_RD STAT               | MBOX2C0 |    479024593057 |              0 |   479024593057 | 2.521182e+10 |
|               CAS_COUNT_WR STAT               | MBOX2C1 |    200948484098 |              0 |   200948484098 | 1.057624e+10 |
|               CAS_COUNT_RD STAT               | MBOX3C0 |    479051307374 |              0 |   479051307374 | 2.521323e+10 |
|               CAS_COUNT_WR STAT               | MBOX3C1 |    200920870623 |              0 |   200920870623 | 1.057478e+10 |
|               CAS_COUNT_RD STAT               | MBOX4C0 |     21394569902 |              0 |    21394569902 | 1.126030e+09 |
|               CAS_COUNT_WR STAT               | MBOX4C1 |      9396829676 |              0 |     9396829676 | 4.945700e+08 |
|               CAS_COUNT_RD STAT               | MBOX5C0 |     21393458750 |              0 |    21393458750 | 1.125972e+09 |
|               CAS_COUNT_WR STAT               | MBOX5C1 |      9396226904 |              0 |     9396226904 | 4.945383e+08 |
|               CAS_COUNT_RD STAT               | MBOX6C0 |     21406139189 |              0 |    21406139189 | 1.126639e+09 |
|               CAS_COUNT_WR STAT               | MBOX6C1 |      9400685333 |              0 |     9400685333 | 4.947729e+08 |
|               CAS_COUNT_RD STAT               | MBOX7C0 |     21411123133 |              0 |    21411123133 | 1.126901e+09 |
|               CAS_COUNT_WR STAT               | MBOX7C1 |      9403693907 |              0 |     9403693907 | 4.949313e+08 |
+-----------------------------------------------+---------+-----------------+----------------+----------------+--------------+

+-----------------------------------+-------------+-----------+-----------+-----------+-----------+-----------+-----------+-----------+-----------+-----------+-------------+-------------+-------------+-------------+-------------+-------------+-------------+-------------+-------------+
|               Metric              |  f0485:0:0  | f0485:1:1 | f0485:2:2 | f0485:3:3 | f0485:4:4 | f0485:5:5 | f0485:6:6 | f0485:7:7 | f0485:8:8 | f0485:9:9 | f0485:10:10 | f0485:11:11 | f0485:12:12 | f0485:13:13 | f0485:14:14 | f0485:15:15 | f0485:16:16 | f0485:17:17 | f0485:18:18 |
+-----------------------------------+-------------+-----------+-----------+-----------+-----------+-----------+-----------+-----------+-----------+-----------+-------------+-------------+-------------+-------------+-------------+-------------+-------------+-------------+-------------+
|        Runtime (RDTSC) [s]        |   2324.1020 | 2323.7100 | 2323.6980 | 2323.6850 | 2323.7110 | 2323.9000 | 2323.6900 | 2323.9110 | 2323.6740 | 2323.6810 |   2323.6670 |   2324.0370 |   2323.6790 |   2323.7090 |   2323.6800 |   2323.6970 |   2323.6740 |   2323.8590 |   2323.6750 |
|        Runtime unhalted [s]       |   2312.9082 | 2311.4343 | 2313.5017 | 2313.5095 | 2313.1076 | 2313.3832 | 2313.3881 | 2313.2805 | 2313.0363 | 2313.0418 |   2313.3190 |   2312.9783 |   2312.7971 |   2313.3655 |   2312.2295 |   2312.5511 |   2311.5353 |   2312.2715 |   2318.4550 |
|            Clock [MHz]            |   2393.8567 | 2394.3274 | 2394.3277 | 2394.3261 | 2394.3299 | 2394.1038 | 2394.3039 | 2394.0680 | 2394.3294 | 2394.3243 |   2394.3302 |   2393.9796 |   2394.3276 |   2394.3313 |   2394.3312 |   2394.3228 |   2394.3270 |   2394.1559 |   2394.3287 |
|                CPI                |      1.9540 |    1.9617 |    1.9229 |    1.9612 |    1.9060 |    1.9571 |    1.9647 |    1.9693 |    1.9498 |    1.9320 |      1.9673 |      1.9148 |      1.9464 |      1.9619 |      1.9667 |      1.9200 |      1.9465 |      1.9727 |      0.8452 |
|             Energy [J]            | 383170.0742 |         0 |         0 |         0 |         0 |         0 |         0 |         0 |         0 |         0 |           0 |           0 |           0 |           0 |           0 |           0 |           0 |           0 |           0 |
|             Power [W]             |    164.8680 |         0 |         0 |         0 |         0 |         0 |         0 |         0 |         0 |         0 |           0 |           0 |           0 |           0 |           0 |           0 |           0 |           0 |           0 |
|          Energy DRAM [J]          |  35149.8797 |         0 |         0 |         0 |         0 |         0 |         0 |         0 |         0 |         0 |           0 |           0 |           0 |           0 |           0 |           0 |           0 |           0 |           0 |
|           Power DRAM [W]          |     15.1241 |         0 |         0 |         0 |         0 |         0 |         0 |         0 |         0 |         0 |           0 |           0 |           0 |           0 |           0 |           0 |           0 |           0 |           0 |
|            DP [MFLOP/s]           |    875.8642 |  876.0119 |  876.0163 |  873.9934 |  873.9836 |  873.9126 |  873.9915 |  873.9084 |  873.9976 |  873.9949 |    874.0002 |    873.8610 |    873.9957 |    873.9844 |    873.9953 |    873.9889 |    873.9976 |    873.9280 |    873.9972 |
|          AVX DP [MFLOP/s]         |     76.5712 |   76.5841 |   76.5845 |   76.4077 |   76.4069 |   76.4007 |   76.4076 |   76.4003 |   76.4081 |   76.4079 |     76.4083 |     76.3962 |     76.4079 |     76.4070 |     76.4079 |     76.4074 |     76.4081 |     76.4020 |     76.4081 |
|          Packed [MUOPS/s]         |      9.5714 |    9.5730 |    9.5731 |    9.5510 |    9.5509 |    9.5501 |    9.5509 |    9.5500 |    9.5510 |    9.5510 |      9.5510 |      9.5495 |      9.5510 |      9.5509 |      9.5510 |      9.5509 |      9.5510 |      9.5503 |      9.5510 |
|          Scalar [MUOPS/s]         |    799.2930 |  799.4278 |  799.4318 |  797.5857 |  797.5768 |  797.5119 |  797.5840 |  797.5081 |  797.5895 |  797.5870 |    797.5918 |    797.4649 |    797.5877 |    797.5774 |    797.5874 |    797.5816 |    797.5894 |    797.5259 |    797.5891 |
|  Memory read bandwidth [MBytes/s] |  55130.1327 |         0 |         0 |         0 |         0 |         0 |         0 |         0 |         0 |         0 |           0 |           0 |           0 |           0 |           0 |           0 |           0 |           0 |           0 |
|  Memory read data volume [GBytes] | 128128.0516 |         0 |         0 |         0 |         0 |         0 |         0 |         0 |         0 |         0 |           0 |           0 |           0 |           0 |           0 |           0 |           0 |           0 |           0 |
| Memory write bandwidth [MBytes/s] |  23169.3049 |         0 |         0 |         0 |         0 |         0 |         0 |         0 |         0 |         0 |           0 |           0 |           0 |           0 |           0 |           0 |           0 |           0 |           0 |
| Memory write data volume [GBytes] |  53847.8279 |         0 |         0 |         0 |         0 |         0 |         0 |         0 |         0 |         0 |           0 |           0 |           0 |           0 |           0 |           0 |           0 |           0 |           0 |
|    Memory bandwidth [MBytes/s]    |  78299.4376 |         0 |         0 |         0 |         0 |         0 |         0 |         0 |         0 |         0 |           0 |           0 |           0 |           0 |           0 |           0 |           0 |           0 |           0 |
|    Memory data volume [GBytes]    | 181975.8794 |         0 |         0 |         0 |         0 |         0 |         0 |         0 |         0 |         0 |           0 |           0 |           0 |           0 |           0 |           0 |           0 |           0 |           0 |
|       Operational intensity       |      0.0112 |         0 |         0 |         0 |         0 |         0 |         0 |         0 |         0 |         0 |           0 |           0 |           0 |           0 |           0 |           0 |           0 |           0 |           0 |
+-----------------------------------+-------------+-----------+-----------+-----------+-----------+-----------+-----------+-----------+-----------+-----------+-------------+-------------+-------------+-------------+-------------+-------------+-------------+-------------+-------------+

+----------------------------------------+-------------+-----------+-------------+------------+-----------+-----------+-----------+
|                 Metric                 |     Sum     |    Min    |     Max     |     Avg    |  %ile 25  |  %ile 50  |  %ile 75  |
+----------------------------------------+-------------+-----------+-------------+------------+-----------+-----------+-----------+
|        Runtime (RDTSC) [s] STAT        |  44151.4390 | 2323.6670 |   2324.1020 |  2323.7599 | 2323.6790 | 2323.6970 | 2323.7110 |
|        Runtime unhalted [s] STAT       |  43950.0935 | 2311.4343 |   2318.4550 |  2313.1628 | 2312.5511 | 2313.0418 | 2313.3655 |
|            Clock [MHz] STAT            |  45490.7315 | 2393.8567 |   2394.3313 |  2394.2490 | 2394.1559 | 2394.3270 | 2394.3287 |
|                CPI STAT                |     35.9202 |    0.8452 |      1.9727 |     1.8905 |    1.9229 |    1.9540 |    1.9619 |
|             Energy [J] STAT            | 383170.0742 |         0 | 383170.0742 | 20166.8460 |         0 |         0 |         0 |
|             Power [W] STAT             |    164.8680 |         0 |    164.8680 |     8.6773 |         0 |         0 |         0 |
|          Energy DRAM [J] STAT          |  35149.8797 |         0 |  35149.8797 |  1849.9937 |         0 |         0 |         0 |
|           Power DRAM [W] STAT          |     15.1241 |         0 |     15.1241 |     0.7960 |         0 |         0 |         0 |
|            DP [MFLOP/s] STAT           |  16611.4227 |  873.8610 |    876.0163 |   874.2854 |  873.9836 |  873.9949 |  873.9976 |
|          AVX DP [MFLOP/s] STAT         |   1452.2319 |   76.3962 |     76.5845 |    76.4333 |   76.4069 |   76.4079 |   76.4081 |
|          Packed [MUOPS/s] STAT         |    181.5290 |    9.5495 |      9.5731 |     9.5542 |    9.5509 |    9.5510 |    9.5510 |
|          Scalar [MUOPS/s] STAT         |  15159.1908 |  797.4649 |    799.4318 |   797.8521 |  797.5768 |  797.5870 |  797.5894 |
|  Memory read bandwidth [MBytes/s] STAT |  55130.1327 |         0 |  55130.1327 |  2901.5859 |         0 |         0 |         0 |
|  Memory read data volume [GBytes] STAT | 128128.0516 |         0 | 128128.0516 |  6743.5817 |         0 |         0 |         0 |
| Memory write bandwidth [MBytes/s] STAT |  23169.3049 |         0 |  23169.3049 |  1219.4371 |         0 |         0 |         0 |
| Memory write data volume [GBytes] STAT |  53847.8279 |         0 |  53847.8279 |  2834.0962 |         0 |         0 |         0 |
|    Memory bandwidth [MBytes/s] STAT    |  78299.4376 |         0 |  78299.4376 |  4121.0230 |         0 |         0 |         0 |
|    Memory data volume [GBytes] STAT    | 181975.8794 |         0 | 181975.8794 |  9577.6779 |         0 |         0 |         0 |
|       Operational intensity STAT       |      0.0112 |         0 |      0.0112 |     0.0006 |         0 |         0 |         0 |
+----------------------------------------+-------------+-----------+-------------+------------+-----------+-----------+-----------+

