WARN: Cannot extract OpenMP vendor from executable or commandline, assuming no OpenMP
Successfully initialised 17 MPI ranks.
Opening tea.out as log file.

Timestep 1
Error: 			5.444659e-11

Timestep 2
Error: 			3.489730e-12

Timestep 3
Error: 			2.490701e-13

Timestep 4
Error: 			1.518388e-14

Timestep 5
Error: 			9.871545e-16

Checking results...
Expected 9.200337173020409e+01
Actual   9.200337173016173e+01
This run [32mPASSED[0m (Difference is within 0.00000000%)
Group: 1
+------------------------------------------+---------+----------------+----------------+----------------+----------------+----------------+----------------+----------------+----------------+----------------+----------------+----------------+----------------+----------------+----------------+----------------+----------------+----------------+
|                   Event                  | Counter |    f0485:0:0   |    f0485:1:1   |    f0485:2:2   |    f0485:3:3   |    f0485:4:4   |    f0485:5:5   |    f0485:6:6   |    f0485:7:7   |    f0485:8:8   |    f0485:9:9   |   f0485:10:10  |   f0485:11:11  |   f0485:12:12  |   f0485:13:13  |   f0485:14:14  |   f0485:15:15  |   f0485:16:16  |
+------------------------------------------+---------+----------------+----------------+----------------+----------------+----------------+----------------+----------------+----------------+----------------+----------------+----------------+----------------+----------------+----------------+----------------+----------------+----------------+
|             INSTR_RETIRED_ANY            |  FIXC0  |  3222344360181 |  3145640909212 |  3155289366579 |  3145124167077 |  3237001909603 |  3273388920600 |  3143116779039 |  3200436974151 |  3290504838527 |  3146087493273 |  3140571167365 |  3176515637080 |  3143992901819 |  3159323634645 |  3143623499674 |  3254784997279 |  3138907258372 |
|           CPU_CLK_UNHALTED_CORE          |  FIXC1  |  5825067569881 |  5823919737192 |  5826968774766 |  5827055039526 |  5828838930001 |  5827377103921 |  5826465318811 |  5827468135532 |  5828458818189 |  5828760817338 |  5827057291966 |  5828172702197 |  5827070524806 |  5827548101572 |  5827313399263 |  5827765634325 |  5826152158590 |
|           CPU_CLK_UNHALTED_REF           |  FIXC2  |  5825069717760 |  5823922861248 |  5826968973600 |  5827055801088 |  5828839157952 |  5827376255520 |  5826465336384 |  5827469575776 |  5828458801248 |  5828760133632 |  5827056508608 |  5828173442304 |  5827071986304 |  5827549543584 |  5827314281472 |  5827764787680 |  5826149673408 |
|               TOPDOWN_SLOTS              |  FIXC3  | 29125337849405 | 29119598685960 | 29134843873830 | 29135275197630 | 29144194650005 | 29136885519605 | 29132326594055 | 29137340677660 | 29142294090945 | 29143804086690 | 29135286459830 | 29140863510985 | 29135352624030 | 29137740507860 | 29136566996315 | 29138828171625 | 29130760792950 |
|              PWR_PKG_ENERGY              |   PWR0  |    390805.0599 |              0 |              0 |              0 |              0 |              0 |              0 |              0 |              0 |              0 |              0 |              0 |              0 |              0 |              0 |              0 |              0 |
|              PWR_DRAM_ENERGY             |   PWR3  |     35624.7632 |              0 |              0 |              0 |              0 |              0 |              0 |              0 |              0 |              0 |              0 |              0 |              0 |              0 |              0 |              0 |              0 |
| FP_ARITH_INST_RETIRED_128B_PACKED_DOUBLE |   PMC0  |              0 |              0 |              0 |              0 |              0 |              0 |              0 |              0 |              0 |              0 |              0 |              0 |              0 |              0 |              0 |              0 |              0 |
|    FP_ARITH_INST_RETIRED_SCALAR_DOUBLE   |   PMC1  |  2072643154532 |  2072642329450 |  2072642327042 |  2072642331320 |  2072642326332 |  2072642332924 |  2072642326575 |  2072642325871 |  2072642315999 |  2072642315711 |  2072642316368 |  2072642310025 |  2072642309642 |  2072642307031 |  2072642308631 |  2068342221498 |  2068342223717 |
| FP_ARITH_INST_RETIRED_256B_PACKED_DOUBLE |   PMC2  |              0 |              0 |              0 |              0 |              0 |              0 |              0 |              0 |              0 |              0 |              0 |              0 |              0 |              0 |              0 |              0 |              0 |
| FP_ARITH_INST_RETIRED_512B_PACKED_DOUBLE |   PMC3  |    24819532649 |    24819532649 |    24819532649 |    24819532649 |    24819532649 |    24819532649 |    24819532649 |    24819532649 |    24819532649 |    24819532649 |    24819532649 |    24819532649 |    24819532649 |    24819532649 |    24819532649 |    24768065255 |    24768065255 |
|               CAS_COUNT_RD               | MBOX0C0 |   507703074813 |              0 |              0 |              0 |              0 |              0 |              0 |              0 |              0 |              0 |              0 |              0 |              0 |              0 |              0 |              0 |              0 |
|               CAS_COUNT_WR               | MBOX0C1 |   211807838965 |              0 |              0 |              0 |              0 |              0 |              0 |              0 |              0 |              0 |              0 |              0 |              0 |              0 |              0 |              0 |              0 |
|               CAS_COUNT_RD               | MBOX1C0 |   507833043948 |              0 |              0 |              0 |              0 |              0 |              0 |              0 |              0 |              0 |              0 |              0 |              0 |              0 |              0 |              0 |              0 |
|               CAS_COUNT_WR               | MBOX1C1 |   211803888278 |              0 |              0 |              0 |              0 |              0 |              0 |              0 |              0 |              0 |              0 |              0 |              0 |              0 |              0 |              0 |              0 |
|               CAS_COUNT_RD               | MBOX2C0 |   507590765709 |              0 |              0 |              0 |              0 |              0 |              0 |              0 |              0 |              0 |              0 |              0 |              0 |              0 |              0 |              0 |              0 |
|               CAS_COUNT_WR               | MBOX2C1 |   211804257253 |              0 |              0 |              0 |              0 |              0 |              0 |              0 |              0 |              0 |              0 |              0 |              0 |              0 |              0 |              0 |              0 |
|               CAS_COUNT_RD               | MBOX3C0 |   507650892059 |              0 |              0 |              0 |              0 |              0 |              0 |              0 |              0 |              0 |              0 |              0 |              0 |              0 |              0 |              0 |              0 |
|               CAS_COUNT_WR               | MBOX3C1 |   211786256394 |              0 |              0 |              0 |              0 |              0 |              0 |              0 |              0 |              0 |              0 |              0 |              0 |              0 |              0 |              0 |              0 |
|               CAS_COUNT_RD               | MBOX4C0 |        8662616 |              0 |              0 |              0 |              0 |              0 |              0 |              0 |              0 |              0 |              0 |              0 |              0 |              0 |              0 |              0 |              0 |
|               CAS_COUNT_WR               | MBOX4C1 |        8805802 |              0 |              0 |              0 |              0 |              0 |              0 |              0 |              0 |              0 |              0 |              0 |              0 |              0 |              0 |              0 |              0 |
|               CAS_COUNT_RD               | MBOX5C0 |        8528631 |              0 |              0 |              0 |              0 |              0 |              0 |              0 |              0 |              0 |              0 |              0 |              0 |              0 |              0 |              0 |              0 |
|               CAS_COUNT_WR               | MBOX5C1 |        8654952 |              0 |              0 |              0 |              0 |              0 |              0 |              0 |              0 |              0 |              0 |              0 |              0 |              0 |              0 |              0 |              0 |
|               CAS_COUNT_RD               | MBOX6C0 |        8822523 |              0 |              0 |              0 |              0 |              0 |              0 |              0 |              0 |              0 |              0 |              0 |              0 |              0 |              0 |              0 |              0 |
|               CAS_COUNT_WR               | MBOX6C1 |        9003715 |              0 |              0 |              0 |              0 |              0 |              0 |              0 |              0 |              0 |              0 |              0 |              0 |              0 |              0 |              0 |              0 |
|               CAS_COUNT_RD               | MBOX7C0 |        8714515 |              0 |              0 |              0 |              0 |              0 |              0 |              0 |              0 |              0 |              0 |              0 |              0 |              0 |              0 |              0 |              0 |
|               CAS_COUNT_WR               | MBOX7C1 |        8946539 |              0 |              0 |              0 |              0 |              0 |              0 |              0 |              0 |              0 |              0 |              0 |              0 |              0 |              0 |              0 |              0 |
+------------------------------------------+---------+----------------+----------------+----------------+----------------+----------------+----------------+----------------+----------------+----------------+----------------+----------------+----------------+----------------+----------------+----------------+----------------+----------------+

+-----------------------------------------------+---------+-----------------+----------------+----------------+--------------+
|                     Event                     | Counter |       Sum       |       Min      |       Max      |      Avg     |
+-----------------------------------------------+---------+-----------------+----------------+----------------+--------------+
|             INSTR_RETIRED_ANY STAT            |  FIXC0  |  54116654814476 |  3138907258372 |  3290504838527 | 3.183333e+12 |
|           CPU_CLK_UNHALTED_CORE STAT          |  FIXC1  |  99061460057876 |  5823919737192 |  5828838930001 | 5.827145e+12 |
|           CPU_CLK_UNHALTED_REF STAT           |  FIXC2  |  99061466837568 |  5823922861248 |  5828839157952 | 5.827145e+12 |
|               TOPDOWN_SLOTS STAT              |  FIXC3  | 495307300289380 | 29119598685960 | 29144194650005 |      nil     |
|              PWR_PKG_ENERGY STAT              |   PWR0  |     390805.0599 |              0 |    390805.0599 |   22988.5329 |
|              PWR_DRAM_ENERGY STAT             |   PWR3  |      35624.7632 |              0 |     35624.7632 |    2095.5743 |
| FP_ARITH_INST_RETIRED_128B_PACKED_DOUBLE STAT |   PMC0  |               0 |              0 |              0 |            0 |
|    FP_ARITH_INST_RETIRED_SCALAR_DOUBLE STAT   |   PMC1  |  35226320082668 |  2068342221498 |  2072643154532 | 2.072136e+12 |
| FP_ARITH_INST_RETIRED_256B_PACKED_DOUBLE STAT |   PMC2  |               0 |              0 |              0 |            0 |
| FP_ARITH_INST_RETIRED_512B_PACKED_DOUBLE STAT |   PMC3  |    421829120245 |    24768065255 |    24819532649 | 2.481348e+10 |
|               CAS_COUNT_RD STAT               | MBOX0C0 |    507703074813 |              0 |   507703074813 | 2.986489e+10 |
|               CAS_COUNT_WR STAT               | MBOX0C1 |    211807838965 |              0 |   211807838965 |  12459284645 |
|               CAS_COUNT_RD STAT               | MBOX1C0 |    507833043948 |              0 |   507833043948 | 2.987253e+10 |
|               CAS_COUNT_WR STAT               | MBOX1C1 |    211803888278 |              0 |   211803888278 | 1.245905e+10 |
|               CAS_COUNT_RD STAT               | MBOX2C0 |    507590765709 |              0 |   507590765709 | 2.985828e+10 |
|               CAS_COUNT_WR STAT               | MBOX2C1 |    211804257253 |              0 |   211804257253 | 1.245907e+10 |
|               CAS_COUNT_RD STAT               | MBOX3C0 |    507650892059 |              0 |   507650892059 | 2.986182e+10 |
|               CAS_COUNT_WR STAT               | MBOX3C1 |    211786256394 |              0 |   211786256394 |  12458015082 |
|               CAS_COUNT_RD STAT               | MBOX4C0 |         8662616 |              0 |        8662616 |  509565.6471 |
|               CAS_COUNT_WR STAT               | MBOX4C1 |         8805802 |              0 |        8805802 |  517988.3529 |
|               CAS_COUNT_RD STAT               | MBOX5C0 |         8528631 |              0 |        8528631 |  501684.1765 |
|               CAS_COUNT_WR STAT               | MBOX5C1 |         8654952 |              0 |        8654952 |  509114.8235 |
|               CAS_COUNT_RD STAT               | MBOX6C0 |         8822523 |              0 |        8822523 |  518971.9412 |
|               CAS_COUNT_WR STAT               | MBOX6C1 |         9003715 |              0 |        9003715 |  529630.2941 |
|               CAS_COUNT_RD STAT               | MBOX7C0 |         8714515 |              0 |        8714515 |  512618.5294 |
|               CAS_COUNT_WR STAT               | MBOX7C1 |         8946539 |              0 |        8946539 |       526267 |
+-----------------------------------------------+---------+-----------------+----------------+----------------+--------------+

+-----------------------------------+-------------+-----------+-----------+-----------+-----------+-----------+-----------+-----------+-----------+-----------+-------------+-------------+-------------+-------------+-------------+-------------+-------------+
|               Metric              |  f0485:0:0  | f0485:1:1 | f0485:2:2 | f0485:3:3 | f0485:4:4 | f0485:5:5 | f0485:6:6 | f0485:7:7 | f0485:8:8 | f0485:9:9 | f0485:10:10 | f0485:11:11 | f0485:12:12 | f0485:13:13 | f0485:14:14 | f0485:15:15 | f0485:16:16 |
+-----------------------------------+-------------+-----------+-----------+-----------+-----------+-----------+-----------+-----------+-----------+-----------+-------------+-------------+-------------+-------------+-------------+-------------+-------------+
|        Runtime (RDTSC) [s]        |   2443.1580 | 2443.2590 | 2443.9610 | 2443.2160 | 2443.1850 | 2443.1830 | 2443.1860 | 2443.2240 | 2443.2150 | 2443.3630 |   2443.1870 |   2443.2250 |   2443.2040 |   2443.1910 |   2443.1850 |   2443.2530 |   2443.1960 |
|        Runtime unhalted [s]       |   2432.8567 | 2432.4056 | 2434.4294 | 2433.6943 | 2434.4408 | 2433.8225 | 2433.4459 | 2433.8611 | 2434.2751 | 2434.5663 |   2433.6970 |   2434.1660 |   2433.6966 |   2433.8931 |   2433.7971 |   2434.0066 |   2433.3127 |
|            Clock [MHz]            |   2394.3315 | 2394.3032 | 2393.5665 | 2394.3246 | 2394.3234 | 2394.3316 | 2394.3270 | 2394.3301 | 2394.3304 | 2394.1683 |   2394.3236 |   2394.3198 |   2394.3284 |   2394.3314 |   2394.3297 |   2394.3100 |   2394.3304 |
|                CPI                |      1.8077 |    1.8514 |    1.8467 |    1.8527 |    1.8007 |    1.7802 |    1.8537 |    1.8208 |    1.7713 |    1.8527 |      1.8554 |      1.8348 |      1.8534 |      1.8446 |      1.8537 |      1.7905 |      1.8561 |
|             Energy [J]            | 390805.0599 |         0 |         0 |         0 |         0 |         0 |         0 |         0 |         0 |         0 |           0 |           0 |           0 |           0 |           0 |           0 |           0 |
|             Power [W]             |    159.9590 |         0 |         0 |         0 |         0 |         0 |         0 |         0 |         0 |         0 |           0 |           0 |           0 |           0 |           0 |           0 |           0 |
|          Energy DRAM [J]          |  35624.7632 |         0 |         0 |         0 |         0 |         0 |         0 |         0 |         0 |         0 |           0 |           0 |           0 |           0 |           0 |           0 |           0 |
|           Power DRAM [W]          |     14.5814 |         0 |         0 |         0 |         0 |         0 |         0 |         0 |         0 |         0 |           0 |           0 |           0 |           0 |           0 |           0 |           0 |
|            DP [MFLOP/s]           |    929.6163 |  929.5775 |  929.3105 |  929.5939 |  929.6057 |  929.6064 |  929.6053 |  929.5908 |  929.5942 |  929.5379 |    929.6049 |    929.5904 |    929.5984 |    929.6034 |    929.6056 |    927.6513 |    927.6729 |
|          AVX DP [MFLOP/s]         |     81.2703 |   81.2670 |   81.2436 |   81.2684 |   81.2694 |   81.2695 |   81.2694 |   81.2681 |   81.2684 |   81.2635 |     81.2694 |     81.2681 |     81.2688 |     81.2692 |     81.2694 |     81.0987 |     81.1005 |
|          Packed [MUOPS/s]         |     10.1588 |   10.1584 |   10.1555 |   10.1586 |   10.1587 |   10.1587 |   10.1587 |   10.1585 |   10.1586 |   10.1579 |     10.1587 |     10.1585 |     10.1586 |     10.1587 |     10.1587 |     10.1373 |     10.1376 |
|          Scalar [MUOPS/s]         |    848.3459 |  848.3105 |  848.0669 |  848.3255 |  848.3362 |  848.3369 |  848.3359 |  848.3227 |  848.3258 |  848.2744 |    848.3355 |    848.3223 |    848.3296 |    848.3341 |    848.3362 |    846.5526 |    846.5724 |
|  Memory read bandwidth [MBytes/s] |  53198.3606 |         0 |         0 |         0 |         0 |         0 |         0 |         0 |         0 |         0 |           0 |           0 |           0 |           0 |           0 |           0 |           0 |
|  Memory read data volume [GBytes] | 129972.0003 |         0 |         0 |         0 |         0 |         0 |         0 |         0 |         0 |         0 |           0 |           0 |           0 |           0 |           0 |           0 |           0 |
| Memory write bandwidth [MBytes/s] |  22193.9022 |         0 |         0 |         0 |         0 |         0 |         0 |         0 |         0 |         0 |           0 |           0 |           0 |           0 |           0 |           0 |           0 |
| Memory write data volume [GBytes] |  54223.2097 |         0 |         0 |         0 |         0 |         0 |         0 |         0 |         0 |         0 |           0 |           0 |           0 |           0 |           0 |           0 |           0 |
|    Memory bandwidth [MBytes/s]    |  75392.2628 |         0 |         0 |         0 |         0 |         0 |         0 |         0 |         0 |         0 |           0 |           0 |           0 |           0 |           0 |           0 |           0 |
|    Memory data volume [GBytes]    | 184195.2100 |         0 |         0 |         0 |         0 |         0 |         0 |         0 |         0 |         0 |           0 |           0 |           0 |           0 |           0 |           0 |           0 |
|       Operational intensity       |      0.0123 |         0 |         0 |         0 |         0 |         0 |         0 |         0 |         0 |         0 |           0 |           0 |           0 |           0 |           0 |           0 |           0 |
+-----------------------------------+-------------+-----------+-----------+-----------+-----------+-----------+-----------+-----------+-----------+-----------+-------------+-------------+-------------+-------------+-------------+-------------+-------------+

+----------------------------------------+-------------+-----------+-------------+------------+-----------+-----------+-----------+
|                 Metric                 |     Sum     |    Min    |     Max     |     Avg    |  %ile 25  |  %ile 50  |  %ile 75  |
+----------------------------------------+-------------+-----------+-------------+------------+-----------+-----------+-----------+
|        Runtime (RDTSC) [s] STAT        |  41535.3910 | 2443.1580 |   2443.9610 |  2443.2583 | 2443.1850 | 2443.2040 | 2443.2250 |
|        Runtime unhalted [s] STAT       |  41374.3668 | 2432.4056 |   2434.5663 |  2433.7863 | 2433.4459 | 2433.8225 | 2434.1660 |
|            Clock [MHz] STAT            |  40702.6099 | 2393.5665 |   2394.3316 |  2394.2712 | 2394.3100 | 2394.3270 | 2394.3304 |
|                CPI STAT                |     31.1264 |    1.7713 |      1.8561 |     1.8310 |    1.8007 |    1.8467 |    1.8534 |
|             Energy [J] STAT            | 390805.0599 |         0 | 390805.0599 | 22988.5329 |         0 |         0 |         0 |
|             Power [W] STAT             |    159.9590 |         0 |    159.9590 |     9.4094 |         0 |         0 |         0 |
|          Energy DRAM [J] STAT          |  35624.7632 |         0 |  35624.7632 |  2095.5743 |         0 |         0 |         0 |
|           Power DRAM [W] STAT          |     14.5814 |         0 |     14.5814 |     0.8577 |         0 |         0 |         0 |
|            DP [MFLOP/s] STAT           |  15798.9654 |  927.6513 |    929.6163 |   929.3509 |  929.5379 |  929.5942 |  929.6053 |
|          AVX DP [MFLOP/s] STAT         |   1381.2017 |   81.0987 |     81.2703 |    81.2472 |   81.2635 |   81.2684 |   81.2694 |
|          Packed [MUOPS/s] STAT         |    172.6505 |   10.1373 |     10.1588 |    10.1559 |   10.1579 |   10.1586 |   10.1587 |
|          Scalar [MUOPS/s] STAT         |  14417.7634 |  846.5526 |    848.3459 |   848.1037 |  848.2744 |  848.3258 |  848.3359 |
|  Memory read bandwidth [MBytes/s] STAT |  53198.3606 |         0 |  53198.3606 |  3129.3153 |         0 |         0 |         0 |
|  Memory read data volume [GBytes] STAT | 129972.0003 |         0 | 129972.0003 |  7645.4118 |         0 |         0 |         0 |
| Memory write bandwidth [MBytes/s] STAT |  22193.9022 |         0 |  22193.9022 |  1305.5237 |         0 |         0 |         0 |
| Memory write data volume [GBytes] STAT |  54223.2097 |         0 |  54223.2097 |  3189.6006 |         0 |         0 |         0 |
|    Memory bandwidth [MBytes/s] STAT    |  75392.2628 |         0 |  75392.2628 |  4434.8390 |         0 |         0 |         0 |
|    Memory data volume [GBytes] STAT    | 184195.2100 |         0 | 184195.2100 | 10835.0124 |         0 |         0 |         0 |
|       Operational intensity STAT       |      0.0123 |         0 |      0.0123 |     0.0007 |         0 |         0 |         0 |
+----------------------------------------+-------------+-----------+-------------+------------+-----------+-----------+-----------+

