WARN: Cannot extract OpenMP vendor from executable or commandline, assuming no OpenMP
Successfully initialised 16 MPI ranks.
Opening tea.out as log file.

Timestep 1
Error: 			5.444659e-11

Timestep 2
Error: 			3.489730e-12

Timestep 3
Error: 			2.490417e-13

Timestep 4
Error: 			1.518109e-14

Timestep 5
Error: 			9.889992e-16

Checking results...
Expected 9.200337173020409e+01
Actual   9.200337173018585e+01
This run [32mPASSED[0m (Difference is within 0.00000000%)
Group: 1
+------------------------------------------+---------+----------------+----------------+----------------+----------------+----------------+----------------+----------------+----------------+----------------+----------------+----------------+----------------+----------------+----------------+----------------+----------------+
|                   Event                  | Counter |    f0485:0:0   |    f0485:1:1   |    f0485:2:2   |    f0485:3:3   |    f0485:4:4   |    f0485:5:5   |    f0485:6:6   |    f0485:7:7   |    f0485:8:8   |    f0485:9:9   |   f0485:10:10  |   f0485:11:11  |   f0485:12:12  |   f0485:13:13  |   f0485:14:14  |   f0485:15:15  |
+------------------------------------------+---------+----------------+----------------+----------------+----------------+----------------+----------------+----------------+----------------+----------------+----------------+----------------+----------------+----------------+----------------+----------------+----------------+
|             INSTR_RETIRED_ANY            |  FIXC0  |  3350848027554 |  3361756901860 |  3353770815439 |  3431529495238 |  3368225367347 |  3392148569926 |  3404687410356 |  3386255087771 |  3368716585001 |  3397848826670 |  3385816021850 |  3483445384206 |  3371761673282 |  3364166802551 |  3366074092187 |  3395891013716 |
|           CPU_CLK_UNHALTED_CORE          |  FIXC1  |  5870573463880 |  5870311767904 |  5872499120487 |  5871201785884 |  5873932757519 |  5873551786388 |  5874439218041 |  5872497329248 |  5873930719237 |  5873575066845 |  5874160562256 |  5873829440968 |  5874000696131 |  5873246150972 |  5874252824017 |  5872906404197 |
|           CPU_CLK_UNHALTED_REF           |  FIXC2  |  5870572499616 |  5870311725120 |  5872500406656 |  5871201836448 |  5873932484064 |  5873553678528 |  5874440434752 |  5872497407136 |  5873933534688 |  5873575030752 |  5874163497504 |  5873829780288 |  5874001035840 |  5873244335232 |  5874252666336 |  5872906512480 |
|               TOPDOWN_SLOTS              |  FIXC3  | 29352867319400 | 29351558839520 | 29362495602435 | 29356008929420 | 29369663787595 | 29367758931940 | 29372196090205 | 29362486646240 | 29369653596185 | 29367875334225 | 29370802811280 | 29369147204840 | 29370003480655 | 29366230754860 | 29371264120085 | 29364532020985 |
|              PWR_PKG_ENERGY              |   PWR0  |    390318.6740 |              0 |              0 |              0 |              0 |              0 |              0 |              0 |              0 |              0 |              0 |              0 |              0 |              0 |              0 |              0 |
|              PWR_DRAM_ENERGY             |   PWR3  |     35612.0117 |              0 |              0 |              0 |              0 |              0 |              0 |              0 |              0 |              0 |              0 |              0 |              0 |              0 |              0 |              0 |
| FP_ARITH_INST_RETIRED_128B_PACKED_DOUBLE |   PMC0  |              0 |              0 |              0 |              0 |              0 |              0 |              0 |              0 |              0 |              0 |              0 |              0 |              0 |              0 |              0 |              0 |
|    FP_ARITH_INST_RETIRED_SCALAR_DOUBLE   |   PMC1  |  2201645549885 |  2201645279266 |  2201645038026 |  2201645023032 |  2201645015370 |  2201645027777 |  2201645013869 |  2201645022924 |  2201645009585 |  2201645015225 |  2201645002205 |  2201645010538 |  2201645001728 |  2201645004802 |  2201645007401 |  2201645002867 |
| FP_ARITH_INST_RETIRED_256B_PACKED_DOUBLE |   PMC2  |              0 |              0 |              0 |              0 |              0 |              0 |              0 |              0 |              0 |              0 |              0 |              0 |              0 |              0 |              0 |              0 |
| FP_ARITH_INST_RETIRED_512B_PACKED_DOUBLE |   PMC3  |    26402910405 |    26402910405 |    26402910405 |    26402910405 |    26402910405 |    26402910405 |    26402910405 |    26402910405 |    26402910405 |    26402910405 |    26402910405 |    26402910405 |    26402910405 |    26402910405 |    26402910405 |    26402910405 |
|               CAS_COUNT_RD               | MBOX0C0 |   510438839509 |              0 |              0 |              0 |              0 |              0 |              0 |              0 |              0 |              0 |              0 |              0 |              0 |              0 |              0 |              0 |
|               CAS_COUNT_WR               | MBOX0C1 |   211202402768 |              0 |              0 |              0 |              0 |              0 |              0 |              0 |              0 |              0 |              0 |              0 |              0 |              0 |              0 |              0 |
|               CAS_COUNT_RD               | MBOX1C0 |   510531781222 |              0 |              0 |              0 |              0 |              0 |              0 |              0 |              0 |              0 |              0 |              0 |              0 |              0 |              0 |              0 |
|               CAS_COUNT_WR               | MBOX1C1 |   211188539859 |              0 |              0 |              0 |              0 |              0 |              0 |              0 |              0 |              0 |              0 |              0 |              0 |              0 |              0 |              0 |
|               CAS_COUNT_RD               | MBOX2C0 |   510286282064 |              0 |              0 |              0 |              0 |              0 |              0 |              0 |              0 |              0 |              0 |              0 |              0 |              0 |              0 |              0 |
|               CAS_COUNT_WR               | MBOX2C1 |   211183654781 |              0 |              0 |              0 |              0 |              0 |              0 |              0 |              0 |              0 |              0 |              0 |              0 |              0 |              0 |              0 |
|               CAS_COUNT_RD               | MBOX3C0 |   510290309005 |              0 |              0 |              0 |              0 |              0 |              0 |              0 |              0 |              0 |              0 |              0 |              0 |              0 |              0 |              0 |
|               CAS_COUNT_WR               | MBOX3C1 |   211172749723 |              0 |              0 |              0 |              0 |              0 |              0 |              0 |              0 |              0 |              0 |              0 |              0 |              0 |              0 |              0 |
|               CAS_COUNT_RD               | MBOX4C0 |        8800932 |              0 |              0 |              0 |              0 |              0 |              0 |              0 |              0 |              0 |              0 |              0 |              0 |              0 |              0 |              0 |
|               CAS_COUNT_WR               | MBOX4C1 |        8834095 |              0 |              0 |              0 |              0 |              0 |              0 |              0 |              0 |              0 |              0 |              0 |              0 |              0 |              0 |              0 |
|               CAS_COUNT_RD               | MBOX5C0 |        8718030 |              0 |              0 |              0 |              0 |              0 |              0 |              0 |              0 |              0 |              0 |              0 |              0 |              0 |              0 |              0 |
|               CAS_COUNT_WR               | MBOX5C1 |        8732798 |              0 |              0 |              0 |              0 |              0 |              0 |              0 |              0 |              0 |              0 |              0 |              0 |              0 |              0 |              0 |
|               CAS_COUNT_RD               | MBOX6C0 |        9072940 |              0 |              0 |              0 |              0 |              0 |              0 |              0 |              0 |              0 |              0 |              0 |              0 |              0 |              0 |              0 |
|               CAS_COUNT_WR               | MBOX6C1 |        9009716 |              0 |              0 |              0 |              0 |              0 |              0 |              0 |              0 |              0 |              0 |              0 |              0 |              0 |              0 |              0 |
|               CAS_COUNT_RD               | MBOX7C0 |        8890230 |              0 |              0 |              0 |              0 |              0 |              0 |              0 |              0 |              0 |              0 |              0 |              0 |              0 |              0 |              0 |
|               CAS_COUNT_WR               | MBOX7C1 |        8944561 |              0 |              0 |              0 |              0 |              0 |              0 |              0 |              0 |              0 |              0 |              0 |              0 |              0 |              0 |              0 |
+------------------------------------------+---------+----------------+----------------+----------------+----------------+----------------+----------------+----------------+----------------+----------------+----------------+----------------+----------------+----------------+----------------+----------------+----------------+

+-----------------------------------------------+---------+-----------------+----------------+----------------+---------------+
|                     Event                     | Counter |       Sum       |       Min      |       Max      |      Avg      |
+-----------------------------------------------+---------+-----------------+----------------+----------------+---------------+
|             INSTR_RETIRED_ANY STAT            |  FIXC0  |  54182942074954 |  3350848027554 |  3483445384206 |  3.386434e+12 |
|           CPU_CLK_UNHALTED_CORE STAT          |  FIXC1  |  93968909093974 |  5870311767904 |  5874439218041 |  5.873057e+12 |
|           CPU_CLK_UNHALTED_REF STAT           |  FIXC2  |  93968916865440 |  5870311725120 |  5874440434752 | 5873057304090 |
|               TOPDOWN_SLOTS STAT              |  FIXC3  | 469844545469870 | 29351558839520 | 29372196090205 |      nil      |
|              PWR_PKG_ENERGY STAT              |   PWR0  |     390318.6740 |              0 |    390318.6740 |    24394.9171 |
|              PWR_DRAM_ENERGY STAT             |   PWR3  |      35612.0117 |              0 |     35612.0117 |     2225.7507 |
| FP_ARITH_INST_RETIRED_128B_PACKED_DOUBLE STAT |   PMC0  |               0 |              0 |              0 |             0 |
|    FP_ARITH_INST_RETIRED_SCALAR_DOUBLE STAT   |   PMC1  |  35226321024500 |  2201645001728 |  2201645549885 |  2.201645e+12 |
| FP_ARITH_INST_RETIRED_256B_PACKED_DOUBLE STAT |   PMC2  |               0 |              0 |              0 |             0 |
| FP_ARITH_INST_RETIRED_512B_PACKED_DOUBLE STAT |   PMC3  |    422446566480 |    26402910405 |    26402910405 |   26402910405 |
|               CAS_COUNT_RD STAT               | MBOX0C0 |    510438839509 |              0 |   510438839509 |  3.190243e+10 |
|               CAS_COUNT_WR STAT               | MBOX0C1 |    211202402768 |              0 |   211202402768 |   13200150173 |
|               CAS_COUNT_RD STAT               | MBOX1C0 |    510531781222 |              0 |   510531781222 |  3.190824e+10 |
|               CAS_COUNT_WR STAT               | MBOX1C1 |    211188539859 |              0 |   211188539859 |  1.319928e+10 |
|               CAS_COUNT_RD STAT               | MBOX2C0 |    510286282064 |              0 |   510286282064 |   31892892629 |
|               CAS_COUNT_WR STAT               | MBOX2C1 |    211183654781 |              0 |   211183654781 |  1.319898e+10 |
|               CAS_COUNT_RD STAT               | MBOX3C0 |    510290309005 |              0 |   510290309005 |  3.189314e+10 |
|               CAS_COUNT_WR STAT               | MBOX3C1 |    211172749723 |              0 |   211172749723 |  1.319830e+10 |
|               CAS_COUNT_RD STAT               | MBOX4C0 |         8800932 |              0 |        8800932 |   550058.2500 |
|               CAS_COUNT_WR STAT               | MBOX4C1 |         8834095 |              0 |        8834095 |   552130.9375 |
|               CAS_COUNT_RD STAT               | MBOX5C0 |         8718030 |              0 |        8718030 |   544876.8750 |
|               CAS_COUNT_WR STAT               | MBOX5C1 |         8732798 |              0 |        8732798 |   545799.8750 |
|               CAS_COUNT_RD STAT               | MBOX6C0 |         9072940 |              0 |        9072940 |   567058.7500 |
|               CAS_COUNT_WR STAT               | MBOX6C1 |         9009716 |              0 |        9009716 |   563107.2500 |
|               CAS_COUNT_RD STAT               | MBOX7C0 |         8890230 |              0 |        8890230 |   555639.3750 |
|               CAS_COUNT_WR STAT               | MBOX7C1 |         8944561 |              0 |        8944561 |   559035.0625 |
+-----------------------------------------------+---------+-----------------+----------------+----------------+---------------+

+-----------------------------------+-------------+-----------+-----------+-----------+-----------+-----------+-----------+-----------+-----------+-----------+-------------+-------------+-------------+-------------+-------------+-------------+
|               Metric              |  f0485:0:0  | f0485:1:1 | f0485:2:2 | f0485:3:3 | f0485:4:4 | f0485:5:5 | f0485:6:6 | f0485:7:7 | f0485:8:8 | f0485:9:9 | f0485:10:10 | f0485:11:11 | f0485:12:12 | f0485:13:13 | f0485:14:14 | f0485:15:15 |
+-----------------------------------+-------------+-----------+-----------+-----------+-----------+-----------+-----------+-----------+-----------+-----------+-------------+-------------+-------------+-------------+-------------+-------------+
|        Runtime (RDTSC) [s]        |   2461.9810 | 2461.7780 | 2461.7730 | 2461.7580 | 2461.7450 | 2461.7510 | 2461.7600 | 2461.7470 | 2461.7690 | 2461.7490 |   2461.7310 |   2461.7470 |   2461.8340 |   2461.7890 |   2461.9770 |   2461.7670 |
|        Runtime unhalted [s]       |   2452.1324 | 2451.7553 | 2452.6681 | 2452.1262 | 2453.2661 | 2453.1119 | 2453.4740 | 2452.6717 | 2453.2796 | 2453.1160 |   2453.3637 |   2453.2312 |   2453.3719 |   2452.9925 |   2453.6003 |   2452.8396 |
|            Clock [MHz]            |   2394.0691 | 2394.3302 | 2394.3304 | 2394.3310 | 2394.3318 | 2394.3262 | 2394.3347 | 2394.3267 | 2394.3165 | 2394.3324 |   2394.3281 |   2394.3235 |   2394.2560 |   2394.3196 |   2394.1360 |   2394.3295 |
|                CPI                |      1.7520 |    1.7462 |    1.7510 |    1.7110 |    1.7439 |    1.7315 |    1.7254 |    1.7342 |    1.7437 |    1.7286 |      1.7349 |      1.6862 |      1.7421 |      1.7458 |      1.7451 |      1.7294 |
|             Energy [J]            | 390318.6740 |         0 |         0 |         0 |         0 |         0 |         0 |         0 |         0 |         0 |           0 |           0 |           0 |           0 |           0 |           0 |
|             Power [W]             |    158.5385 |         0 |         0 |         0 |         0 |         0 |         0 |         0 |         0 |         0 |           0 |           0 |           0 |           0 |           0 |           0 |
|          Energy DRAM [J]          |  35612.0117 |         0 |         0 |         0 |         0 |         0 |         0 |         0 |         0 |         0 |           0 |           0 |           0 |           0 |           0 |           0 |
|           Power DRAM [W]          |     14.4648 |         0 |         0 |         0 |         0 |         0 |         0 |         0 |         0 |         0 |           0 |           0 |           0 |           0 |           0 |           0 |
|            DP [MFLOP/s]           |    980.0518 |  980.1325 |  980.1344 |  980.1403 |  980.1455 |  980.1431 |  980.1395 |  980.1447 |  980.1359 |  980.1439 |    980.1511 |    980.1447 |    980.1101 |    980.1280 |    980.0531 |    980.1367 |
|          AVX DP [MFLOP/s]         |     85.7940 |   85.8011 |   85.8013 |   85.8018 |   85.8023 |   85.8021 |   85.8017 |   85.8022 |   85.8014 |   85.8021 |     85.8027 |     85.8022 |     85.7992 |     85.8007 |     85.7942 |     85.8015 |
|          Packed [MUOPS/s]         |     10.7243 |   10.7251 |   10.7252 |   10.7252 |   10.7253 |   10.7253 |   10.7252 |   10.7253 |   10.7252 |   10.7253 |     10.7253 |     10.7253 |     10.7249 |     10.7251 |     10.7243 |     10.7252 |
|          Scalar [MUOPS/s]         |    894.2577 |  894.3314 |  894.3331 |  894.3385 |  894.3432 |  894.3411 |  894.3378 |  894.3425 |  894.3345 |  894.3418 |    894.3483 |    894.3425 |    894.3109 |    894.3273 |    894.2590 |    894.3352 |
|  Memory read bandwidth [MBytes/s] |  53071.6088 |         0 |         0 |         0 |         0 |         0 |         0 |         0 |         0 |         0 |           0 |           0 |           0 |           0 |           0 |           0 |
|  Memory read data volume [GBytes] | 130661.2924 |         0 |         0 |         0 |         0 |         0 |         0 |         0 |         0 |         0 |           0 |           0 |           0 |           0 |           0 |           0 |
| Memory write bandwidth [MBytes/s] |  21960.4065 |         0 |         0 |         0 |         0 |         0 |         0 |         0 |         0 |         0 |           0 |           0 |           0 |           0 |           0 |           0 |
| Memory write data volume [GBytes] |  54066.1036 |         0 |         0 |         0 |         0 |         0 |         0 |         0 |         0 |         0 |           0 |           0 |           0 |           0 |           0 |           0 |
|    Memory bandwidth [MBytes/s]    |  75032.0153 |         0 |         0 |         0 |         0 |         0 |         0 |         0 |         0 |         0 |           0 |           0 |           0 |           0 |           0 |           0 |
|    Memory data volume [GBytes]    | 184727.3960 |         0 |         0 |         0 |         0 |         0 |         0 |         0 |         0 |         0 |           0 |           0 |           0 |           0 |           0 |           0 |
|       Operational intensity       |      0.0131 |         0 |         0 |         0 |         0 |         0 |         0 |         0 |         0 |         0 |           0 |           0 |           0 |           0 |           0 |           0 |
+-----------------------------------+-------------+-----------+-----------+-----------+-----------+-----------+-----------+-----------+-----------+-----------+-------------+-------------+-------------+-------------+-------------+-------------+

+----------------------------------------+-------------+-----------+-------------+------------+-----------+-----------+-----------+
|                 Metric                 |     Sum     |    Min    |     Max     |     Avg    |  %ile 25  |  %ile 50  |  %ile 75  |
+----------------------------------------+-------------+-----------+-------------+------------+-----------+-----------+-----------+
|        Runtime (RDTSC) [s] STAT        |  39388.6560 | 2461.7310 |   2461.9810 |  2461.7910 | 2461.7470 | 2461.7600 | 2461.7780 |
|        Runtime unhalted [s] STAT       |  39247.0005 | 2451.7553 |   2453.6003 |  2452.9375 | 2452.6681 | 2453.1119 | 2453.2796 |
|            Clock [MHz] STAT            |  38308.7217 | 2394.0691 |   2394.3347 |  2394.2951 | 2394.3165 | 2394.3267 | 2394.3304 |
|                CPI STAT                |     27.7510 |    1.6862 |      1.7520 |     1.7344 |    1.7286 |    1.7349 |    1.7451 |
|             Energy [J] STAT            | 390318.6740 |         0 | 390318.6740 | 24394.9171 |         0 |         0 |         0 |
|             Power [W] STAT             |    158.5385 |         0 |    158.5385 |     9.9087 |         0 |         0 |         0 |
|          Energy DRAM [J] STAT          |  35612.0117 |         0 |  35612.0117 |  2225.7507 |         0 |         0 |         0 |
|           Power DRAM [W] STAT          |     14.4648 |         0 |     14.4648 |     0.9041 |         0 |         0 |         0 |
|            DP [MFLOP/s] STAT           |  15682.0353 |  980.0518 |    980.1511 |   980.1272 |  980.1280 |  980.1367 |  980.1439 |
|          AVX DP [MFLOP/s] STAT         |   1372.8105 |   85.7940 |     85.8027 |    85.8007 |   85.8007 |   85.8015 |   85.8021 |
|          Packed [MUOPS/s] STAT         |    171.6015 |   10.7243 |     10.7253 |    10.7251 |   10.7251 |   10.7252 |   10.7253 |
|          Scalar [MUOPS/s] STAT         |  14309.2248 |  894.2577 |    894.3483 |   894.3265 |  894.3273 |  894.3352 |  894.3418 |
|  Memory read bandwidth [MBytes/s] STAT |  53071.6088 |         0 |  53071.6088 |  3316.9756 |         0 |         0 |         0 |
|  Memory read data volume [GBytes] STAT | 130661.2924 |         0 | 130661.2924 |  8166.3308 |         0 |         0 |         0 |
| Memory write bandwidth [MBytes/s] STAT |  21960.4065 |         0 |  21960.4065 |  1372.5254 |         0 |         0 |         0 |
| Memory write data volume [GBytes] STAT |  54066.1036 |         0 |  54066.1036 |  3379.1315 |         0 |         0 |         0 |
|    Memory bandwidth [MBytes/s] STAT    |  75032.0153 |         0 |  75032.0153 |  4689.5010 |         0 |         0 |         0 |
|    Memory data volume [GBytes] STAT    | 184727.3960 |         0 | 184727.3960 | 11545.4623 |         0 |         0 |         0 |
|       Operational intensity STAT       |      0.0131 |         0 |      0.0131 |     0.0008 |         0 |         0 |         0 |
+----------------------------------------+-------------+-----------+-------------+------------+-----------+-----------+-----------+

