WARN: Cannot extract OpenMP vendor from executable or commandline, assuming no OpenMP
Successfully initialised 23 MPI ranks.
Opening tea.out as log file.

Timestep 1
Error: 			5.444659e-11

Timestep 2
Error: 			3.489730e-12

Timestep 3
Error: 			2.490851e-13

Timestep 4
Error: 			1.518374e-14

Timestep 5
Error: 			9.880293e-16

Checking results...
Expected 9.200337173020409e+01
Actual   9.200337173014151e+01
This run [32mPASSED[0m (Difference is within 0.00000000%)
Group: 1
+------------------------------------------+---------+----------------+----------------+----------------+----------------+----------------+----------------+----------------+----------------+----------------+----------------+----------------+----------------+----------------+----------------+----------------+----------------+----------------+----------------+----------------+----------------+----------------+----------------+----------------+
|                   Event                  | Counter |    f0485:0:0   |    f0485:1:1   |    f0485:2:2   |    f0485:3:3   |    f0485:4:4   |    f0485:5:5   |    f0485:6:6   |    f0485:7:7   |    f0485:8:8   |    f0485:9:9   |   f0485:10:10  |   f0485:11:11  |   f0485:12:12  |   f0485:13:13  |   f0485:14:14  |   f0485:15:15  |   f0485:16:16  |   f0485:17:17  |   f0485:18:18  |   f0485:19:19  |   f0485:20:20  |   f0485:21:21  |   f0485:22:22  |
+------------------------------------------+---------+----------------+----------------+----------------+----------------+----------------+----------------+----------------+----------------+----------------+----------------+----------------+----------------+----------------+----------------+----------------+----------------+----------------+----------------+----------------+----------------+----------------+----------------+----------------+
|             INSTR_RETIRED_ANY            |  FIXC0  |  2329816083443 |  2387274230585 |  2351491803865 |  2336311720105 |  2344691864251 |  2321222610275 |  2366382523698 |  2329643019174 |  2343553278562 |  2322670377748 |  2320564127350 |  2390986457921 |  2330104723237 |  2339487851063 |  2325448952373 |  2331438225785 |  2340233766001 |  2320653408267 |  4695699258397 |  2722681534822 |  2716814602908 |  2753636384597 |  2712693009788 |
|           CPU_CLK_UNHALTED_CORE          |  FIXC1  |  4529545862825 |  4529251383577 |  4534888051388 |  4533621590532 |  4534683456808 |  4533269939337 |  4535297938899 |  4532317990806 |  4532504664116 |  4534299693040 |  4534469853906 |  4534689776554 |  4532026431040 |  4534748839101 |  4532540005299 |  4533626548733 |  4536129612343 |  4536356118610 |  4544264008198 |  4543766703820 |  4543856338387 |  4543728254408 |  4543947742914 |
|           CPU_CLK_UNHALTED_REF           |  FIXC2  |  4529550488928 |  4529255643360 |  4534890247200 |  4533624480768 |  4534685092896 |  4533271159008 |  4535300479296 |  4532321459616 |  4532508484608 |  4534302233376 |  4534472136096 |  4534693033056 |  4532029984128 |  4534750951392 |  4532543289120 |  4533628463712 |  4536133470336 |  4536359770560 |  4544256847200 |  4543756301760 |  4543847023680 |  4543705448448 |  4543937891040 |
|               TOPDOWN_SLOTS              |  FIXC3  | 22647729314125 | 22646256917885 | 22674440256940 | 22668107952660 | 22673417284040 | 22666349696685 | 22676489694495 | 22661589954030 | 22662523320580 | 22671498465200 | 22672349269530 | 22673448882770 | 22660132155200 | 22673744195505 | 22662700026495 | 22668132743665 | 22680648061715 | 22681780593050 | 22721320040990 | 22718833519100 | 22719281691935 | 22718641272040 | 22719738714570 |
|              PWR_PKG_ENERGY              |   PWR0  |    339675.4238 |              0 |              0 |              0 |              0 |              0 |              0 |              0 |              0 |              0 |              0 |              0 |              0 |              0 |              0 |              0 |              0 |              0 |              0 |              0 |              0 |              0 |              0 |
|              PWR_DRAM_ENERGY             |   PWR3  |     32713.8726 |              0 |              0 |              0 |              0 |              0 |              0 |              0 |              0 |              0 |              0 |              0 |              0 |              0 |              0 |              0 |              0 |              0 |              0 |              0 |              0 |              0 |              0 |
| FP_ARITH_INST_RETIRED_128B_PACKED_DOUBLE |   PMC0  |              0 |              0 |              0 |              0 |              0 |              0 |              0 |              0 |              0 |              0 |              0 |              0 |              0 |              0 |              0 |              0 |              0 |              0 |              0 |              0 |              0 |              0 |              0 |
|    FP_ARITH_INST_RETIRED_SCALAR_DOUBLE   |   PMC1  |  1535132278403 |  1535131750245 |  1535131443430 |  1535131436941 |  1530831335863 |  1530831336822 |  1530831341332 |  1530831347678 |  1530831339576 |  1530831353915 |  1530831353653 |  1530831326733 |  1530831328487 |  1530831330831 |  1530831318160 |  1530831318667 |  1530831319104 |  1530831327293 |  1530831321726 |  1530831325762 |  1530831322161 |  1530831322852 |  1530831313475 |
| FP_ARITH_INST_RETIRED_256B_PACKED_DOUBLE |   PMC2  |              0 |              0 |              0 |              0 |              0 |              0 |              0 |              0 |              0 |              0 |              0 |              0 |              0 |              0 |              0 |              0 |              0 |              0 |              0 |              0 |              0 |              0 |              0 |
| FP_ARITH_INST_RETIRED_512B_PACKED_DOUBLE |   PMC3  |    18382998417 |    18382998417 |    18382998417 |    18382998417 |    18331480863 |    18331480863 |    18331480863 |    18331480863 |    18331480863 |    18331480863 |    18331480863 |    18331480863 |    18331480863 |    18331480863 |    18331480863 |    18331480863 |    18331480863 |    18331480863 |    18331480863 |    18331480863 |    18331480863 |    18331480863 |    18331480863 |
|               CAS_COUNT_RD               | MBOX0C0 |   394318882848 |              0 |              0 |              0 |              0 |              0 |              0 |              0 |              0 |              0 |              0 |              0 |              0 |              0 |              0 |              0 |              0 |              0 |              0 |              0 |              0 |              0 |              0 |
|               CAS_COUNT_WR               | MBOX0C1 |   166332793341 |              0 |              0 |              0 |              0 |              0 |              0 |              0 |              0 |              0 |              0 |              0 |              0 |              0 |              0 |              0 |              0 |              0 |              0 |              0 |              0 |              0 |              0 |
|               CAS_COUNT_RD               | MBOX1C0 |   394490855335 |              0 |              0 |              0 |              0 |              0 |              0 |              0 |              0 |              0 |              0 |              0 |              0 |              0 |              0 |              0 |              0 |              0 |              0 |              0 |              0 |              0 |              0 |
|               CAS_COUNT_WR               | MBOX1C1 |   166346771225 |              0 |              0 |              0 |              0 |              0 |              0 |              0 |              0 |              0 |              0 |              0 |              0 |              0 |              0 |              0 |              0 |              0 |              0 |              0 |              0 |              0 |              0 |
|               CAS_COUNT_RD               | MBOX2C0 |   394252290254 |              0 |              0 |              0 |              0 |              0 |              0 |              0 |              0 |              0 |              0 |              0 |              0 |              0 |              0 |              0 |              0 |              0 |              0 |              0 |              0 |              0 |              0 |
|               CAS_COUNT_WR               | MBOX2C1 |   166346954143 |              0 |              0 |              0 |              0 |              0 |              0 |              0 |              0 |              0 |              0 |              0 |              0 |              0 |              0 |              0 |              0 |              0 |              0 |              0 |              0 |              0 |              0 |
|               CAS_COUNT_RD               | MBOX3C0 |   394286939296 |              0 |              0 |              0 |              0 |              0 |              0 |              0 |              0 |              0 |              0 |              0 |              0 |              0 |              0 |              0 |              0 |              0 |              0 |              0 |              0 |              0 |              0 |
|               CAS_COUNT_WR               | MBOX3C1 |   166312393167 |              0 |              0 |              0 |              0 |              0 |              0 |              0 |              0 |              0 |              0 |              0 |              0 |              0 |              0 |              0 |              0 |              0 |              0 |              0 |              0 |              0 |              0 |
|               CAS_COUNT_RD               | MBOX4C0 |   105272834061 |              0 |              0 |              0 |              0 |              0 |              0 |              0 |              0 |              0 |              0 |              0 |              0 |              0 |              0 |              0 |              0 |              0 |              0 |              0 |              0 |              0 |              0 |
|               CAS_COUNT_WR               | MBOX4C1 |    45256043626 |              0 |              0 |              0 |              0 |              0 |              0 |              0 |              0 |              0 |              0 |              0 |              0 |              0 |              0 |              0 |              0 |              0 |              0 |              0 |              0 |              0 |              0 |
|               CAS_COUNT_RD               | MBOX5C0 |   105262780912 |              0 |              0 |              0 |              0 |              0 |              0 |              0 |              0 |              0 |              0 |              0 |              0 |              0 |              0 |              0 |              0 |              0 |              0 |              0 |              0 |              0 |              0 |
|               CAS_COUNT_WR               | MBOX5C1 |    45252833941 |              0 |              0 |              0 |              0 |              0 |              0 |              0 |              0 |              0 |              0 |              0 |              0 |              0 |              0 |              0 |              0 |              0 |              0 |              0 |              0 |              0 |              0 |
|               CAS_COUNT_RD               | MBOX6C0 |   105292385754 |              0 |              0 |              0 |              0 |              0 |              0 |              0 |              0 |              0 |              0 |              0 |              0 |              0 |              0 |              0 |              0 |              0 |              0 |              0 |              0 |              0 |              0 |
|               CAS_COUNT_WR               | MBOX6C1 |    45253614152 |              0 |              0 |              0 |              0 |              0 |              0 |              0 |              0 |              0 |              0 |              0 |              0 |              0 |              0 |              0 |              0 |              0 |              0 |              0 |              0 |              0 |              0 |
|               CAS_COUNT_RD               | MBOX7C0 |   105295803977 |              0 |              0 |              0 |              0 |              0 |              0 |              0 |              0 |              0 |              0 |              0 |              0 |              0 |              0 |              0 |              0 |              0 |              0 |              0 |              0 |              0 |              0 |
|               CAS_COUNT_WR               | MBOX7C1 |    45257223257 |              0 |              0 |              0 |              0 |              0 |              0 |              0 |              0 |              0 |              0 |              0 |              0 |              0 |              0 |              0 |              0 |              0 |              0 |              0 |              0 |              0 |              0 |
+------------------------------------------+---------+----------------+----------------+----------------+----------------+----------------+----------------+----------------+----------------+----------------+----------------+----------------+----------------+----------------+----------------+----------------+----------------+----------------+----------------+----------------+----------------+----------------+----------------+----------------+

+-----------------------------------------------+---------+-----------------+----------------+----------------+--------------+
|                     Event                     | Counter |       Sum       |       Min      |       Max      |      Avg     |
+-----------------------------------------------+---------+-----------------+----------------+----------------+--------------+
|             INSTR_RETIRED_ANY STAT            |  FIXC0  |  57733499814215 |  2320564127350 |  4695699258397 | 2.510152e+12 |
|           CPU_CLK_UNHALTED_CORE STAT          |  FIXC1  | 104323830804641 |  4529251383577 |  4544264008198 | 4.535819e+12 |
|           CPU_CLK_UNHALTED_REF STAT           |  FIXC2  | 104323824379584 |  4529255643360 |  4544256847200 | 4.535818e+12 |
|               TOPDOWN_SLOTS STAT              |  FIXC3  | 521619154023205 | 22646256917885 | 22721320040990 |      nil     |
|              PWR_PKG_ENERGY STAT              |   PWR0  |     339675.4238 |              0 |    339675.4238 |   14768.4967 |
|              PWR_DRAM_ENERGY STAT             |   PWR3  |      32713.8726 |              0 |     32713.8726 |    1422.3423 |
| FP_ARITH_INST_RETIRED_128B_PACKED_DOUBLE STAT |   PMC0  |               0 |              0 |              0 |            0 |
|    FP_ARITH_INST_RETIRED_SCALAR_DOUBLE STAT   |   PMC1  |  35226322193109 |  1530831313475 |  1535132278403 | 1.531579e+12 |
| FP_ARITH_INST_RETIRED_256B_PACKED_DOUBLE STAT |   PMC2  |               0 |              0 |              0 |            0 |
| FP_ARITH_INST_RETIRED_512B_PACKED_DOUBLE STAT |   PMC3  |    421830130065 |    18331480863 |    18382998417 | 1.834044e+10 |
|               CAS_COUNT_RD STAT               | MBOX0C0 |    394318882848 |              0 |   394318882848 | 1.714430e+10 |
|               CAS_COUNT_WR STAT               | MBOX0C1 |    166332793341 |              0 |   166332793341 | 7.231861e+09 |
|               CAS_COUNT_RD STAT               | MBOX1C0 |    394490855335 |              0 |   394490855335 | 1.715178e+10 |
|               CAS_COUNT_WR STAT               | MBOX1C1 |    166346771225 |              0 |   166346771225 | 7.232468e+09 |
|               CAS_COUNT_RD STAT               | MBOX2C0 |    394252290254 |              0 |   394252290254 | 1.714140e+10 |
|               CAS_COUNT_WR STAT               | MBOX2C1 |    166346954143 |              0 |   166346954143 | 7.232476e+09 |
|               CAS_COUNT_RD STAT               | MBOX3C0 |    394286939296 |              0 |   394286939296 | 1.714291e+10 |
|               CAS_COUNT_WR STAT               | MBOX3C1 |    166312393167 |              0 |   166312393167 | 7.230974e+09 |
|               CAS_COUNT_RD STAT               | MBOX4C0 |    105272834061 |              0 |   105272834061 | 4.577080e+09 |
|               CAS_COUNT_WR STAT               | MBOX4C1 |     45256043626 |              0 |    45256043626 | 1.967654e+09 |
|               CAS_COUNT_RD STAT               | MBOX5C0 |    105262780912 |              0 |   105262780912 | 4.576643e+09 |
|               CAS_COUNT_WR STAT               | MBOX5C1 |     45252833941 |              0 |    45252833941 | 1.967515e+09 |
|               CAS_COUNT_RD STAT               | MBOX6C0 |    105292385754 |              0 |   105292385754 | 4.577930e+09 |
|               CAS_COUNT_WR STAT               | MBOX6C1 |     45253614152 |              0 |    45253614152 | 1.967548e+09 |
|               CAS_COUNT_RD STAT               | MBOX7C0 |    105295803977 |              0 |   105295803977 | 4.578078e+09 |
|               CAS_COUNT_WR STAT               | MBOX7C1 |     45257223257 |              0 |    45257223257 |   1967705359 |
+-----------------------------------------------+---------+-----------------+----------------+----------------+--------------+

+-----------------------------------+-------------+-----------+-----------+-----------+-----------+-----------+-----------+-----------+-----------+-----------+-------------+-------------+-------------+-------------+-------------+-------------+-------------+-------------+-------------+-------------+-------------+-------------+-------------+
|               Metric              |  f0485:0:0  | f0485:1:1 | f0485:2:2 | f0485:3:3 | f0485:4:4 | f0485:5:5 | f0485:6:6 | f0485:7:7 | f0485:8:8 | f0485:9:9 | f0485:10:10 | f0485:11:11 | f0485:12:12 | f0485:13:13 | f0485:14:14 | f0485:15:15 | f0485:16:16 | f0485:17:17 | f0485:18:18 | f0485:19:19 | f0485:20:20 | f0485:21:21 | f0485:22:22 |
+-----------------------------------+-------------+-----------+-----------+-----------+-----------+-----------+-----------+-----------+-----------+-----------+-------------+-------------+-------------+-------------+-------------+-------------+-------------+-------------+-------------+-------------+-------------+-------------+-------------+
|        Runtime (RDTSC) [s]        |   1902.7100 | 1902.6170 | 1902.6100 | 1902.7840 | 1902.6800 | 1902.7890 | 1902.7270 | 1902.6510 | 1902.8870 | 1902.6320 |   1902.6160 |   1902.7900 |   1902.6230 |   1902.6980 |   1902.6990 |   1902.6190 |   1902.6080 |   1902.8070 |   1902.7200 |   1902.7680 |   1902.7620 |   1902.6100 |   1902.7110 |
|        Runtime unhalted [s]       |   1891.7827 | 1891.6557 | 1894.0121 | 1893.5472 | 1893.9287 | 1893.3837 | 1894.1862 | 1892.9545 | 1893.2209 | 1893.7697 |   1893.8352 |   1893.9743 |   1892.8191 |   1893.9516 |   1893.0946 |   1893.4845 |   1894.5345 |   1894.7109 |   1897.9277 |   1897.7744 |   1897.9001 |   1897.7034 |   1897.7947 |
|            Clock [MHz]            |   2394.3242 | 2394.3295 | 2394.3278 | 2394.2465 | 2394.3255 | 2394.2683 | 2394.3240 | 2394.3072 | 2394.0687 | 2394.3235 |   2394.3306 |   2394.2703 |   2394.3243 |   2394.3309 |   2394.2473 |   2394.3288 |   2394.3221 |   2394.2188 |   2394.3331 |   2394.2663 |   2394.1542 |   2394.3421 |   2394.3357 |
|                CPI                |      1.9442 |    1.8972 |    1.9285 |    1.9405 |    1.9340 |    1.9530 |    1.9166 |    1.9455 |    1.9340 |    1.9522 |      1.9540 |      1.8966 |      1.9450 |      1.9384 |      1.9491 |      1.9446 |      1.9383 |      1.9548 |      0.9678 |      1.6689 |      1.6725 |      1.6501 |      1.6751 |
|             Energy [J]            | 339675.4238 |         0 |         0 |         0 |         0 |         0 |         0 |         0 |         0 |         0 |           0 |           0 |           0 |           0 |           0 |           0 |           0 |           0 |           0 |           0 |           0 |           0 |           0 |
|             Power [W]             |    178.5219 |         0 |         0 |         0 |         0 |         0 |         0 |         0 |         0 |         0 |           0 |           0 |           0 |           0 |           0 |           0 |           0 |           0 |           0 |           0 |           0 |           0 |           0 |
|          Energy DRAM [J]          |  32713.8726 |         0 |         0 |         0 |         0 |         0 |         0 |         0 |         0 |         0 |           0 |           0 |           0 |           0 |           0 |           0 |           0 |           0 |           0 |           0 |           0 |           0 |           0 |
|           Power DRAM [W]          |     17.1933 |         0 |         0 |         0 |         0 |         0 |         0 |         0 |         0 |         0 |           0 |           0 |           0 |           0 |           0 |           0 |           0 |           0 |           0 |           0 |           0 |           0 |           0 |
|            DP [MFLOP/s]           |    884.1054 |  884.1484 |  884.1515 |  884.0706 |  881.6423 |  881.5918 |  881.6205 |  881.6558 |  881.5464 |  881.6646 |    881.6720 |    881.5913 |    881.6687 |    881.6340 |    881.6335 |    881.6706 |    881.6757 |    881.5835 |    881.6238 |    881.6015 |    881.6043 |    881.6747 |    881.6279 |
|          AVX DP [MFLOP/s]         |     77.2919 |   77.2956 |   77.2959 |   77.2889 |   77.0765 |   77.0720 |   77.0746 |   77.0776 |   77.0681 |   77.0784 |     77.0791 |     77.0720 |     77.0788 |     77.0757 |     77.0757 |     77.0789 |     77.0794 |     77.0713 |     77.0748 |     77.0729 |     77.0731 |     77.0793 |     77.0752 |
|          Packed [MUOPS/s]         |      9.6615 |    9.6620 |    9.6620 |    9.6611 |    9.6346 |    9.6340 |    9.6343 |    9.6347 |    9.6335 |    9.6348 |      9.6349 |      9.6340 |      9.6348 |      9.6345 |      9.6345 |      9.6349 |      9.6349 |      9.6339 |      9.6344 |      9.6341 |      9.6341 |      9.6349 |      9.6344 |
|          Scalar [MUOPS/s]         |    806.8136 |  806.8527 |  806.8556 |  806.7818 |  804.5658 |  804.5198 |  804.5460 |  804.5781 |  804.4783 |  804.5861 |    804.5929 |    804.5193 |    804.5899 |    804.5582 |    804.5578 |    804.5916 |    804.5963 |    804.5121 |    804.5489 |    804.5286 |    804.5312 |    804.5954 |    804.5527 |
|  Memory read bandwidth [MBytes/s] |  67221.0991 |         0 |         0 |         0 |         0 |         0 |         0 |         0 |         0 |         0 |           0 |           0 |           0 |           0 |           0 |           0 |           0 |           0 |           0 |           0 |           0 |           0 |           0 |
|  Memory read data volume [GBytes] | 127902.2574 |         0 |         0 |         0 |         0 |         0 |         0 |         0 |         0 |         0 |           0 |           0 |           0 |           0 |           0 |           0 |           0 |           0 |           0 |           0 |           0 |           0 |           0 |
| Memory write bandwidth [MBytes/s] |  28468.3174 |         0 |         0 |         0 |         0 |         0 |         0 |         0 |         0 |         0 |           0 |           0 |           0 |           0 |           0 |           0 |           0 |           0 |           0 |           0 |           0 |           0 |           0 |
| Memory write data volume [GBytes] |  54166.9521 |         0 |         0 |         0 |         0 |         0 |         0 |         0 |         0 |         0 |           0 |           0 |           0 |           0 |           0 |           0 |           0 |           0 |           0 |           0 |           0 |           0 |           0 |
|    Memory bandwidth [MBytes/s]    |  95689.4164 |         0 |         0 |         0 |         0 |         0 |         0 |         0 |         0 |         0 |           0 |           0 |           0 |           0 |           0 |           0 |           0 |           0 |           0 |           0 |           0 |           0 |           0 |
|    Memory data volume [GBytes]    | 182069.2096 |         0 |         0 |         0 |         0 |         0 |         0 |         0 |         0 |         0 |           0 |           0 |           0 |           0 |           0 |           0 |           0 |           0 |           0 |           0 |           0 |           0 |           0 |
|       Operational intensity       |      0.0092 |         0 |         0 |         0 |         0 |         0 |         0 |         0 |         0 |         0 |           0 |           0 |           0 |           0 |           0 |           0 |           0 |           0 |           0 |           0 |           0 |           0 |           0 |
+-----------------------------------+-------------+-----------+-----------+-----------+-----------+-----------+-----------+-----------+-----------+-----------+-------------+-------------+-------------+-------------+-------------+-------------+-------------+-------------+-------------+-------------+-------------+-------------+-------------+

+----------------------------------------+-------------+-----------+-------------+------------+-----------+-----------+-----------+
|                 Metric                 |     Sum     |    Min    |     Max     |     Avg    |  %ile 25  |  %ile 50  |  %ile 75  |
+----------------------------------------+-------------+-----------+-------------+------------+-----------+-----------+-----------+
|        Runtime (RDTSC) [s] STAT        |  43762.1180 | 1902.6080 |   1902.8870 |  1902.7008 | 1902.6190 | 1902.6990 | 1902.7620 |
|        Runtime unhalted [s] STAT       |  43571.9464 | 1891.6557 |   1897.9277 |  1894.4325 | 1893.2209 | 1893.9287 | 1894.5345 |
|            Clock [MHz] STAT            |  55068.6497 | 2394.0687 |   2394.3421 |  2394.2891 | 2394.2663 | 2394.3240 | 2394.3288 |
|                CPI STAT                |     42.5009 |    0.9678 |      1.9548 |     1.8479 |    1.8966 |    1.9383 |    1.9450 |
|             Energy [J] STAT            | 339675.4238 |         0 | 339675.4238 | 14768.4967 |         0 |         0 |         0 |
|             Power [W] STAT             |    178.5219 |         0 |    178.5219 |     7.7618 |         0 |         0 |         0 |
|          Energy DRAM [J] STAT          |  32713.8726 |         0 |  32713.8726 |  1422.3423 |         0 |         0 |         0 |
|           Power DRAM [W] STAT          |     17.1933 |         0 |     17.1933 |     0.7475 |         0 |         0 |         0 |
|            DP [MFLOP/s] STAT           |  20287.4588 |  881.5464 |    884.1515 |   882.0634 |  881.6043 |  881.6423 |  881.6720 |
|          AVX DP [MFLOP/s] STAT         |   1773.6057 |   77.0681 |     77.2959 |    77.1133 |   77.0731 |   77.0765 |   77.0791 |
|          Packed [MUOPS/s] STAT         |    221.7008 |    9.6335 |      9.6620 |     9.6392 |    9.6341 |    9.6346 |    9.6349 |
|          Scalar [MUOPS/s] STAT         |  18513.8527 |  804.4783 |    806.8556 |   804.9501 |  804.5312 |  804.5658 |  804.5929 |
|  Memory read bandwidth [MBytes/s] STAT |  67221.0991 |         0 |  67221.0991 |  2922.6565 |         0 |         0 |         0 |
|  Memory read data volume [GBytes] STAT | 127902.2574 |         0 | 127902.2574 |  5560.9677 |         0 |         0 |         0 |
| Memory write bandwidth [MBytes/s] STAT |  28468.3174 |         0 |  28468.3174 |  1237.7529 |         0 |         0 |         0 |
| Memory write data volume [GBytes] STAT |  54166.9521 |         0 |  54166.9521 |  2355.0849 |         0 |         0 |         0 |
|    Memory bandwidth [MBytes/s] STAT    |  95689.4164 |         0 |  95689.4164 |  4160.4094 |         0 |         0 |         0 |
|    Memory data volume [GBytes] STAT    | 182069.2096 |         0 | 182069.2096 |  7916.0526 |         0 |         0 |         0 |
|       Operational intensity STAT       |      0.0092 |         0 |      0.0092 |     0.0004 |         0 |         0 |         0 |
+----------------------------------------+-------------+-----------+-------------+------------+-----------+-----------+-----------+

