WARN: Cannot extract OpenMP vendor from executable or commandline, assuming no OpenMP
Successfully initialised 27 MPI ranks.
Opening tea.out as log file.

Timestep 1
Error: 			5.444659e-11

Timestep 2
Error: 			3.489730e-12

Timestep 3
Error: 			2.490550e-13

Timestep 4
Error: 			1.518031e-14

Timestep 5
Error: 			9.884067e-16

Checking results...
Expected 9.200337173020409e+01
Actual   9.200337173011964e+01
This run [32mPASSED[0m (Difference is within 0.00000000%)
Group: 1
+------------------------------------------+---------+----------------+----------------+----------------+----------------+----------------+----------------+----------------+----------------+----------------+----------------+----------------+----------------+----------------+----------------+----------------+----------------+----------------+----------------+----------------+----------------+----------------+----------------+----------------+----------------+----------------+----------------+----------------+
|                   Event                  | Counter |    f0485:0:0   |    f0485:1:1   |    f0485:2:2   |    f0485:3:3   |    f0485:4:4   |    f0485:5:5   |    f0485:6:6   |    f0485:7:7   |    f0485:8:8   |    f0485:9:9   |   f0485:10:10  |   f0485:11:11  |   f0485:12:12  |   f0485:13:13  |   f0485:14:14  |   f0485:15:15  |   f0485:16:16  |   f0485:17:17  |   f0485:18:18  |   f0485:19:19  |   f0485:20:20  |   f0485:21:21  |   f0485:22:22  |   f0485:23:23  |   f0485:24:24  |   f0485:25:25  |   f0485:26:26  |
+------------------------------------------+---------+----------------+----------------+----------------+----------------+----------------+----------------+----------------+----------------+----------------+----------------+----------------+----------------+----------------+----------------+----------------+----------------+----------------+----------------+----------------+----------------+----------------+----------------+----------------+----------------+----------------+----------------+----------------+
|             INSTR_RETIRED_ANY            |  FIXC0  |  2037630070381 |  1985435222984 |  2040845242910 |  1999786882295 |  2060151802820 |  1996658082725 |  1992761716074 |  2003430654946 |  1995687791883 |  2002826221416 |  1995745673928 |  2014077425798 |  1993662518960 |  2029405662364 |  2016720317355 |  1999905928241 |  1999790300418 |  1982784800385 |  3493079260234 |  3497822970812 |  3511008324105 |  2245959385568 |  2307024289366 |  2252633170137 |  2286791250225 |  2250706859272 |  2278612499418 |
|           CPU_CLK_UNHALTED_CORE          |  FIXC1  |  3835437029578 |  3837564648967 |  3840676187571 |  3840772620126 |  3841052463540 |  3840688650348 |  3840492529892 |  3841135958831 |  3840368423443 |  3841335657890 |  3839792715881 |  3840917027683 |  3839379717562 |  3840310369851 |  3839154171246 |  3838063466787 |  3839307683627 |  3839245814543 |  3846581419815 |  3846400011672 |  3846494672678 |  3846263716790 |  3846399160356 |  3846340309687 |  3846413053503 |  3846282553983 |  3846445823930 |
|           CPU_CLK_UNHALTED_REF           |  FIXC2  |  3835440918816 |  3837567126048 |  3840677948544 |  3840774949728 |  3841054307328 |  3840689874624 |  3840495635520 |  3841139595936 |  3840371899104 |  3841335857472 |  3839796634464 |  3840919831968 |  3839381323680 |  3840311664000 |  3839156086464 |  3838066049664 |  3839311280928 |  3839248782240 |  3846573853728 |  3846388084512 |  3846490265472 |  3846258115968 |  3846393797568 |  3846334045248 |  3846407690400 |  3846273249120 |  3846436251360 |
|               TOPDOWN_SLOTS              |  FIXC3  | 19177185147890 | 19187823244835 | 19203380937855 | 19203863100630 | 19205262317700 | 19203443251740 | 19202462649460 | 19205679794155 | 19201842117215 | 19206678289450 | 19198963579405 | 19204585138415 | 19196898587810 | 19201551849255 | 19195770856230 | 19190317333935 | 19196538418135 | 19196229072715 | 19232907099075 | 19232000058360 | 19232473363390 | 19231318583950 | 19231995801780 | 19231701548435 | 19232065267515 | 19231412769915 | 19232229119650 |
|              PWR_PKG_ENERGY              |   PWR0  |    309127.2713 |              0 |              0 |              0 |              0 |              0 |              0 |              0 |              0 |              0 |              0 |              0 |              0 |              0 |              0 |              0 |              0 |              0 |              0 |              0 |              0 |              0 |              0 |              0 |              0 |              0 |              0 |
|              PWR_DRAM_ENERGY             |   PWR3  |     30420.2537 |              0 |              0 |              0 |              0 |              0 |              0 |              0 |              0 |              0 |              0 |              0 |              0 |              0 |              0 |              0 |              0 |              0 |              0 |              0 |              0 |              0 |              0 |              0 |              0 |              0 |              0 |
| FP_ARITH_INST_RETIRED_128B_PACKED_DOUBLE |   PMC0  |              0 |              0 |              0 |              0 |              0 |              0 |              0 |              0 |              0 |              0 |              0 |              0 |              0 |              0 |              0 |              0 |              0 |              0 |              0 |              0 |              0 |              0 |              0 |              0 |              0 |              0 |              0 |
|    FP_ARITH_INST_RETIRED_SCALAR_DOUBLE   |   PMC1  |  1305954274545 |  1305952941217 |  1305474737579 |  1305952907868 |  1305952934211 |  1305474734240 |  1304519405190 |  1304519387780 |  1304041714865 |  1304519389461 |  1304519390323 |  1304041715030 |  1304519380653 |  1304519366196 |  1304041700302 |  1304519402848 |  1304519391190 |  1304041731273 |  1304519408313 |  1304519391947 |  1304041707498 |  1304519392659 |  1304519407807 |  1304041685088 |  1304519384373 |  1304519394975 |  1304041724188 |
| FP_ARITH_INST_RETIRED_256B_PACKED_DOUBLE |   PMC2  |              0 |              0 |              0 |              0 |              0 |              0 |              0 |              0 |              0 |              0 |              0 |              0 |              0 |              0 |              0 |              0 |              0 |              0 |              0 |              0 |              0 |              0 |              0 |              0 |              0 |              0 |              0 |
| FP_ARITH_INST_RETIRED_512B_PACKED_DOUBLE |   PMC3  |    15670970107 |    15670970105 |    15659521653 |    15670970105 |    15670970105 |    15659521653 |    15653780808 |    15653780808 |    15642332362 |    15653780808 |    15653780808 |    15642332362 |    15653780808 |    15653780808 |    15642332362 |    15653780808 |    15653780808 |    15642332362 |    15653780808 |    15653780808 |    15642332362 |    15653780808 |    15653780808 |    15642332362 |    15653780808 |    15653780808 |    15642332362 |
|               CAS_COUNT_RD               | MBOX0C0 |   334524069055 |              0 |              0 |              0 |              0 |              0 |              0 |              0 |              0 |              0 |              0 |              0 |              0 |              0 |              0 |              0 |              0 |              0 |              0 |              0 |              0 |              0 |              0 |              0 |              0 |              0 |              0 |
|               CAS_COUNT_WR               | MBOX0C1 |   141088732220 |              0 |              0 |              0 |              0 |              0 |              0 |              0 |              0 |              0 |              0 |              0 |              0 |              0 |              0 |              0 |              0 |              0 |              0 |              0 |              0 |              0 |              0 |              0 |              0 |              0 |              0 |
|               CAS_COUNT_RD               | MBOX1C0 |   334669040941 |              0 |              0 |              0 |              0 |              0 |              0 |              0 |              0 |              0 |              0 |              0 |              0 |              0 |              0 |              0 |              0 |              0 |              0 |              0 |              0 |              0 |              0 |              0 |              0 |              0 |              0 |
|               CAS_COUNT_WR               | MBOX1C1 |   141091953667 |              0 |              0 |              0 |              0 |              0 |              0 |              0 |              0 |              0 |              0 |              0 |              0 |              0 |              0 |              0 |              0 |              0 |              0 |              0 |              0 |              0 |              0 |              0 |              0 |              0 |              0 |
|               CAS_COUNT_RD               | MBOX2C0 |   334471855941 |              0 |              0 |              0 |              0 |              0 |              0 |              0 |              0 |              0 |              0 |              0 |              0 |              0 |              0 |              0 |              0 |              0 |              0 |              0 |              0 |              0 |              0 |              0 |              0 |              0 |              0 |
|               CAS_COUNT_WR               | MBOX2C1 |   141092391010 |              0 |              0 |              0 |              0 |              0 |              0 |              0 |              0 |              0 |              0 |              0 |              0 |              0 |              0 |              0 |              0 |              0 |              0 |              0 |              0 |              0 |              0 |              0 |              0 |              0 |              0 |
|               CAS_COUNT_RD               | MBOX3C0 |   334549184637 |              0 |              0 |              0 |              0 |              0 |              0 |              0 |              0 |              0 |              0 |              0 |              0 |              0 |              0 |              0 |              0 |              0 |              0 |              0 |              0 |              0 |              0 |              0 |              0 |              0 |              0 |
|               CAS_COUNT_WR               | MBOX3C1 |   141079675957 |              0 |              0 |              0 |              0 |              0 |              0 |              0 |              0 |              0 |              0 |              0 |              0 |              0 |              0 |              0 |              0 |              0 |              0 |              0 |              0 |              0 |              0 |              0 |              0 |              0 |              0 |
|               CAS_COUNT_RD               | MBOX4C0 |   162465737846 |              0 |              0 |              0 |              0 |              0 |              0 |              0 |              0 |              0 |              0 |              0 |              0 |              0 |              0 |              0 |              0 |              0 |              0 |              0 |              0 |              0 |              0 |              0 |              0 |              0 |              0 |
|               CAS_COUNT_WR               | MBOX4C1 |    69848414450 |              0 |              0 |              0 |              0 |              0 |              0 |              0 |              0 |              0 |              0 |              0 |              0 |              0 |              0 |              0 |              0 |              0 |              0 |              0 |              0 |              0 |              0 |              0 |              0 |              0 |              0 |
|               CAS_COUNT_RD               | MBOX5C0 |   162441040961 |              0 |              0 |              0 |              0 |              0 |              0 |              0 |              0 |              0 |              0 |              0 |              0 |              0 |              0 |              0 |              0 |              0 |              0 |              0 |              0 |              0 |              0 |              0 |              0 |              0 |              0 |
|               CAS_COUNT_WR               | MBOX5C1 |    69845435063 |              0 |              0 |              0 |              0 |              0 |              0 |              0 |              0 |              0 |              0 |              0 |              0 |              0 |              0 |              0 |              0 |              0 |              0 |              0 |              0 |              0 |              0 |              0 |              0 |              0 |              0 |
|               CAS_COUNT_RD               | MBOX6C0 |   162583310973 |              0 |              0 |              0 |              0 |              0 |              0 |              0 |              0 |              0 |              0 |              0 |              0 |              0 |              0 |              0 |              0 |              0 |              0 |              0 |              0 |              0 |              0 |              0 |              0 |              0 |              0 |
|               CAS_COUNT_WR               | MBOX6C1 |    69849879247 |              0 |              0 |              0 |              0 |              0 |              0 |              0 |              0 |              0 |              0 |              0 |              0 |              0 |              0 |              0 |              0 |              0 |              0 |              0 |              0 |              0 |              0 |              0 |              0 |              0 |              0 |
|               CAS_COUNT_RD               | MBOX7C0 |   162553450581 |              0 |              0 |              0 |              0 |              0 |              0 |              0 |              0 |              0 |              0 |              0 |              0 |              0 |              0 |              0 |              0 |              0 |              0 |              0 |              0 |              0 |              0 |              0 |              0 |              0 |              0 |
|               CAS_COUNT_WR               | MBOX7C1 |    69846700107 |              0 |              0 |              0 |              0 |              0 |              0 |              0 |              0 |              0 |              0 |              0 |              0 |              0 |              0 |              0 |              0 |              0 |              0 |              0 |              0 |              0 |              0 |              0 |              0 |              0 |              0 |
+------------------------------------------+---------+----------------+----------------+----------------+----------------+----------------+----------------+----------------+----------------+----------------+----------------+----------------+----------------+----------------+----------------+----------------+----------------+----------------+----------------+----------------+----------------+----------------+----------------+----------------+----------------+----------------+----------------+----------------+

+-----------------------------------------------+---------+-----------------+----------------+----------------+--------------+
|                     Event                     | Counter |       Sum       |       Min      |       Max      |      Avg     |
+-----------------------------------------------+---------+-----------------+----------------+----------------+--------------+
|             INSTR_RETIRED_ANY STAT            |  FIXC0  |  60270944325020 |  1982784800385 |  3511008324105 |      nil     |
|           CPU_CLK_UNHALTED_CORE STAT          |  FIXC1  | 103733315859780 |  3835437029578 |  3846581419815 | 3.841975e+12 |
|           CPU_CLK_UNHALTED_REF STAT           |  FIXC2  | 103733295119904 |  3835440918816 |  3846573853728 | 3.841974e+12 |
|               TOPDOWN_SLOTS STAT              |  FIXC3  | 518666579298900 | 19177185147890 | 19232907099075 |      nil     |
|              PWR_PKG_ENERGY STAT              |   PWR0  |     309127.2713 |              0 |    309127.2713 |   11449.1582 |
|              PWR_DRAM_ENERGY STAT             |   PWR3  |      30420.2537 |              0 |     30420.2537 |    1126.6761 |
| FP_ARITH_INST_RETIRED_128B_PACKED_DOUBLE STAT |   PMC0  |               0 |              0 |              0 |            0 |
|    FP_ARITH_INST_RETIRED_SCALAR_DOUBLE STAT   |   PMC1  |  35226326001619 |  1304041685088 |  1305954274545 | 1.304679e+12 |
| FP_ARITH_INST_RETIRED_256B_PACKED_DOUBLE STAT |   PMC2  |               0 |              0 |              0 |            0 |
| FP_ARITH_INST_RETIRED_512B_PACKED_DOUBLE STAT |   PMC3  |    422652181574 |    15642332362 |    15670970107 | 1.565378e+10 |
|               CAS_COUNT_RD STAT               | MBOX0C0 |    334524069055 |              0 |   334524069055 | 1.238978e+10 |
|               CAS_COUNT_WR STAT               | MBOX0C1 |    141088732220 |              0 |   141088732220 | 5.225509e+09 |
|               CAS_COUNT_RD STAT               | MBOX1C0 |    334669040941 |              0 |   334669040941 | 1.239515e+10 |
|               CAS_COUNT_WR STAT               | MBOX1C1 |    141091953667 |              0 |   141091953667 | 5.225628e+09 |
|               CAS_COUNT_RD STAT               | MBOX2C0 |    334471855941 |              0 |   334471855941 | 1.238785e+10 |
|               CAS_COUNT_WR STAT               | MBOX2C1 |    141092391010 |              0 |   141092391010 | 5.225644e+09 |
|               CAS_COUNT_RD STAT               | MBOX3C0 |    334549184637 |              0 |   334549184637 | 1.239071e+10 |
|               CAS_COUNT_WR STAT               | MBOX3C1 |    141079675957 |              0 |   141079675957 | 5.225173e+09 |
|               CAS_COUNT_RD STAT               | MBOX4C0 |    162465737846 |              0 |   162465737846 | 6.017250e+09 |
|               CAS_COUNT_WR STAT               | MBOX4C1 |     69848414450 |              0 |    69848414450 | 2.586978e+09 |
|               CAS_COUNT_RD STAT               | MBOX5C0 |    162441040961 |              0 |   162441040961 | 6.016335e+09 |
|               CAS_COUNT_WR STAT               | MBOX5C1 |     69845435063 |              0 |    69845435063 | 2.586868e+09 |
|               CAS_COUNT_RD STAT               | MBOX6C0 |    162583310973 |              0 |   162583310973 | 6.021604e+09 |
|               CAS_COUNT_WR STAT               | MBOX6C1 |     69849879247 |              0 |    69849879247 | 2.587033e+09 |
|               CAS_COUNT_RD STAT               | MBOX7C0 |    162553450581 |              0 |   162553450581 | 6.020498e+09 |
|               CAS_COUNT_WR STAT               | MBOX7C1 |     69846700107 |              0 |    69846700107 | 2.586915e+09 |
+-----------------------------------------------+---------+-----------------+----------------+----------------+--------------+

+-----------------------------------+-------------+-----------+-----------+-----------+-----------+-----------+-----------+-----------+-----------+-----------+-------------+-------------+-------------+-------------+-------------+-------------+-------------+-------------+-------------+-------------+-------------+-------------+-------------+-------------+-------------+-------------+-------------+
|               Metric              |  f0485:0:0  | f0485:1:1 | f0485:2:2 | f0485:3:3 | f0485:4:4 | f0485:5:5 | f0485:6:6 | f0485:7:7 | f0485:8:8 | f0485:9:9 | f0485:10:10 | f0485:11:11 | f0485:12:12 | f0485:13:13 | f0485:14:14 | f0485:15:15 | f0485:16:16 | f0485:17:17 | f0485:18:18 | f0485:19:19 | f0485:20:20 | f0485:21:21 | f0485:22:22 | f0485:23:23 | f0485:24:24 | f0485:25:25 | f0485:26:26 |
+-----------------------------------+-------------+-----------+-----------+-----------+-----------+-----------+-----------+-----------+-----------+-----------+-------------+-------------+-------------+-------------+-------------+-------------+-------------+-------------+-------------+-------------+-------------+-------------+-------------+-------------+-------------+-------------+-------------+
|        Runtime (RDTSC) [s]        |   1611.3520 | 1611.0130 | 1610.9920 | 1611.1240 | 1611.0790 | 1611.1330 | 1610.9820 | 1611.1470 | 1611.0280 | 1611.1160 |   1611.0130 |   1610.9920 |   1610.9920 |   1610.9860 |   1610.9810 |   1611.3600 |   1611.1300 |   1611.1080 |   1611.1950 |   1610.9930 |   1610.9790 |   1611.1790 |   1611.0090 |   1611.1290 |   1611.0880 |   1611.1060 |   1611.1360 |
|        Runtime unhalted [s]       |   1602.2248 | 1602.7917 | 1604.0714 | 1604.1123 | 1604.2944 | 1604.0774 | 1603.9944 | 1604.2658 | 1603.9630 | 1604.3442 |   1603.7080 |   1604.1704 |   1603.5316 |   1603.9214 |   1603.4344 |   1603.2233 |   1603.4991 |   1603.4725 |   1606.6095 |   1606.4637 |   1606.5034 |   1606.4598 |   1606.4644 |   1606.4367 |   1606.4680 |   1606.4155 |   1606.4941 |
|            Clock [MHz]            |   2393.8172 | 2394.2987 | 2394.3289 | 2394.3275 | 2394.2305 | 2394.3280 | 2394.3284 | 2394.3242 | 2394.2977 | 2394.3338 |   2394.3191 |   2394.3305 |   2394.3265 |   2394.3249 |   2394.3308 |   2393.9653 |   2394.3288 |   2394.3304 |   2394.2278 |   2394.3348 |   2394.3298 |   2394.2518 |   2394.3291 |   2394.3344 |   2394.3324 |   2394.3319 |   2394.3165 |
|                CPI                |      1.8823 |    1.9329 |    1.8819 |    1.9206 |    1.8645 |    1.9236 |    1.9272 |    1.9173 |    1.9243 |    1.9180 |      1.9240 |      1.9070 |      1.9258 |      1.8923 |      1.9037 |      1.9191 |      1.9199 |      1.9363 |      1.1012 |      1.0997 |      1.0956 |      1.7125 |      1.6673 |      1.7075 |      1.6820 |      1.7089 |      1.6881 |
|             Energy [J]            | 309127.2713 |         0 |         0 |         0 |         0 |         0 |         0 |         0 |         0 |         0 |           0 |           0 |           0 |           0 |           0 |           0 |           0 |           0 |           0 |           0 |           0 |           0 |           0 |           0 |           0 |           0 |           0 |
|             Power [W]             |    191.8434 |         0 |         0 |         0 |         0 |         0 |         0 |         0 |         0 |         0 |           0 |           0 |           0 |           0 |           0 |           0 |           0 |           0 |           0 |           0 |           0 |           0 |           0 |           0 |           0 |           0 |           0 |
|          Energy DRAM [J]          |  30420.2537 |         0 |         0 |         0 |         0 |         0 |         0 |         0 |         0 |         0 |           0 |           0 |           0 |           0 |           0 |           0 |           0 |           0 |           0 |           0 |           0 |           0 |           0 |           0 |           0 |           0 |           0 |
|           Power DRAM [W]          |     18.8787 |         0 |         0 |         0 |         0 |         0 |         0 |         0 |         0 |         0 |           0 |           0 |           0 |           0 |           0 |           0 |           0 |           0 |           0 |           0 |           0 |           0 |           0 |           0 |           0 |           0 |           0 |
|            DP [MFLOP/s]           |    888.2740 |  888.4601 |  888.1179 |  888.3988 |  888.4237 |  888.0402 |  887.5019 |  887.4110 |  887.1232 |  887.4281 |    887.4849 |    887.1431 |    887.4964 |    887.4997 |    887.1491 |    887.2937 |    887.4204 |    887.0792 |    887.3846 |    887.4959 |    887.1502 |    887.3934 |    887.4871 |    887.0676 |    887.4435 |    887.4336 |    887.0638 |
|          AVX DP [MFLOP/s]         |     77.8028 |   77.8192 |   77.7634 |   77.8138 |   77.8160 |   77.7566 |   77.7353 |   77.7274 |   77.6763 |   77.7289 |     77.7339 |     77.6780 |     77.7349 |     77.7352 |     77.6785 |     77.7171 |     77.7282 |     77.6724 |     77.7251 |     77.7348 |     77.6786 |     77.7258 |     77.7340 |     77.6714 |     77.7302 |     77.7294 |     77.6711 |
|          Packed [MUOPS/s]         |      9.7254 |    9.7274 |    9.7204 |    9.7267 |    9.7270 |    9.7196 |    9.7169 |    9.7159 |    9.7095 |    9.7161 |      9.7167 |      9.7098 |      9.7169 |      9.7169 |      9.7098 |      9.7146 |      9.7160 |      9.7091 |      9.7156 |      9.7169 |      9.7098 |      9.7157 |      9.7168 |      9.7089 |      9.7163 |      9.7162 |      9.7089 |
|          Scalar [MUOPS/s]         |    810.4711 |  810.6408 |  810.3546 |  810.5850 |  810.6076 |  810.2837 |  809.7666 |  809.6837 |  809.4470 |  809.6992 |    809.7510 |    809.4650 |    809.7616 |    809.7646 |    809.4706 |    809.5766 |    809.6922 |    809.4068 |    809.6595 |    809.7611 |    809.4716 |    809.6676 |    809.7530 |    809.3962 |    809.7133 |    809.7043 |    809.3927 |
|  Memory read bandwidth [MBytes/s] |  78970.0154 |         0 |         0 |         0 |         0 |         0 |         0 |         0 |         0 |         0 |           0 |           0 |           0 |           0 |           0 |           0 |           0 |           0 |           0 |           0 |           0 |           0 |           0 |           0 |           0 |           0 |           0 |
|  Memory read data volume [GBytes] | 127248.4922 |         0 |         0 |         0 |         0 |         0 |         0 |         0 |         0 |         0 |           0 |           0 |           0 |           0 |           0 |           0 |           0 |           0 |           0 |           0 |           0 |           0 |           0 |           0 |           0 |           0 |           0 |
| Memory write bandwidth [MBytes/s] |  33511.9599 |         0 |         0 |         0 |         0 |         0 |         0 |         0 |         0 |         0 |           0 |           0 |           0 |           0 |           0 |           0 |           0 |           0 |           0 |           0 |           0 |           0 |           0 |           0 |           0 |           0 |           0 |
| Memory write data volume [GBytes] |  53999.5636 |         0 |         0 |         0 |         0 |         0 |         0 |         0 |         0 |         0 |           0 |           0 |           0 |           0 |           0 |           0 |           0 |           0 |           0 |           0 |           0 |           0 |           0 |           0 |           0 |           0 |           0 |
|    Memory bandwidth [MBytes/s]    | 112481.9753 |         0 |         0 |         0 |         0 |         0 |         0 |         0 |         0 |         0 |           0 |           0 |           0 |           0 |           0 |           0 |           0 |           0 |           0 |           0 |           0 |           0 |           0 |           0 |           0 |           0 |           0 |
|    Memory data volume [GBytes]    | 181248.0558 |         0 |         0 |         0 |         0 |         0 |         0 |         0 |         0 |         0 |           0 |           0 |           0 |           0 |           0 |           0 |           0 |           0 |           0 |           0 |           0 |           0 |           0 |           0 |           0 |           0 |           0 |
|       Operational intensity       |      0.0079 |         0 |         0 |         0 |         0 |         0 |         0 |         0 |         0 |         0 |           0 |           0 |           0 |           0 |           0 |           0 |           0 |           0 |           0 |           0 |           0 |           0 |           0 |           0 |           0 |           0 |           0 |
+-----------------------------------+-------------+-----------+-----------+-----------+-----------+-----------+-----------+-----------+-----------+-----------+-------------+-------------+-------------+-------------+-------------+-------------+-------------+-------------+-------------+-------------+-------------+-------------+-------------+-------------+-------------+-------------+-------------+

+----------------------------------------+-------------+-----------+-------------+------------+-----------+-----------+-----------+
|                 Metric                 |     Sum     |    Min    |     Max     |     Avg    |  %ile 25  |  %ile 50  |  %ile 75  |
+----------------------------------------+-------------+-----------+-------------+------------+-----------+-----------+-----------+
|        Runtime (RDTSC) [s] STAT        |  43499.3420 | 1610.9790 |   1611.3600 |  1611.0867 | 1610.9920 | 1611.0880 | 1611.1300 |
|        Runtime unhalted [s] STAT       |  43325.4152 | 1602.2248 |   1606.6095 |  1604.6450 | 1603.5316 | 1604.1123 | 1606.4367 |
|            Clock [MHz] STAT            |  64645.6597 | 2393.8172 |   2394.3348 |  2394.2837 | 2394.2987 | 2394.3280 | 2394.3304 |
|                CPI STAT                |     47.8835 |    1.0956 |      1.9363 |     1.7735 |    1.7075 |    1.9037 |    1.9206 |
|             Energy [J] STAT            | 309127.2713 |         0 | 309127.2713 | 11449.1582 |         0 |         0 |         0 |
|             Power [W] STAT             |    191.8434 |         0 |    191.8434 |     7.1053 |         0 |         0 |         0 |
|          Energy DRAM [J] STAT          |  30420.2537 |         0 |  30420.2537 |  1126.6761 |         0 |         0 |         0 |
|           Power DRAM [W] STAT          |     18.8787 |         0 |     18.8787 |     0.6992 |         0 |         0 |         0 |
|            DP [MFLOP/s] STAT           |  23963.6651 |  887.0638 |    888.4601 |   887.5432 |  887.1502 |  887.4336 |  887.4997 |
|          AVX DP [MFLOP/s] STAT         |   2098.7183 |   77.6711 |     77.8192 |    77.7303 |   77.6786 |   77.7294 |   77.7352 |
|          Packed [MUOPS/s] STAT         |    262.3398 |    9.7089 |      9.7274 |     9.7163 |    9.7098 |    9.7162 |    9.7169 |
|          Scalar [MUOPS/s] STAT         |  21864.9470 |  809.3927 |    810.6408 |   809.8129 |  809.4716 |  809.7043 |  809.7646 |
|  Memory read bandwidth [MBytes/s] STAT |  78970.0154 |         0 |  78970.0154 |  2924.8154 |         0 |         0 |         0 |
|  Memory read data volume [GBytes] STAT | 127248.4922 |         0 | 127248.4922 |  4712.9071 |         0 |         0 |         0 |
| Memory write bandwidth [MBytes/s] STAT |  33511.9599 |         0 |  33511.9599 |  1241.1837 |         0 |         0 |         0 |
| Memory write data volume [GBytes] STAT |  53999.5636 |         0 |  53999.5636 |  1999.9838 |         0 |         0 |         0 |
|    Memory bandwidth [MBytes/s] STAT    | 112481.9753 |         0 | 112481.9753 |  4165.9991 |         0 |         0 |         0 |
|    Memory data volume [GBytes] STAT    | 181248.0558 |         0 | 181248.0558 |  6712.8910 |         0 |         0 |         0 |
|       Operational intensity STAT       |      0.0079 |         0 |      0.0079 |     0.0003 |         0 |         0 |         0 |
+----------------------------------------+-------------+-----------+-------------+------------+-----------+-----------+-----------+

