WARN: Cannot extract OpenMP vendor from executable or commandline, assuming no OpenMP
Successfully initialised 29 MPI ranks.
Opening tea.out as log file.

Timestep 1
Error: 			5.444659e-11

Timestep 2
Error: 			3.489730e-12

Timestep 3
Error: 			2.491111e-13

Timestep 4
Error: 			1.518215e-14

Timestep 5
Error: 			9.888141e-16

Checking results...
Expected 9.200337173020409e+01
Actual   9.200337173012792e+01
This run [32mPASSED[0m (Difference is within 0.00000000%)
Group: 1
+------------------------------------------+---------+----------------+----------------+----------------+----------------+----------------+----------------+----------------+----------------+----------------+----------------+----------------+----------------+----------------+----------------+----------------+----------------+----------------+----------------+----------------+----------------+----------------+----------------+----------------+----------------+----------------+----------------+----------------+----------------+----------------+
|                   Event                  | Counter |    f0485:0:0   |    f0485:1:1   |    f0485:2:2   |    f0485:3:3   |    f0485:4:4   |    f0485:5:5   |    f0485:6:6   |    f0485:7:7   |    f0485:8:8   |    f0485:9:9   |   f0485:10:10  |   f0485:11:11  |   f0485:12:12  |   f0485:13:13  |   f0485:14:14  |   f0485:15:15  |   f0485:16:16  |   f0485:17:17  |   f0485:18:18  |   f0485:19:19  |   f0485:20:20  |   f0485:21:21  |   f0485:22:22  |   f0485:23:23  |   f0485:24:24  |   f0485:25:25  |   f0485:26:26  |   f0485:27:27  |   f0485:28:28  |
+------------------------------------------+---------+----------------+----------------+----------------+----------------+----------------+----------------+----------------+----------------+----------------+----------------+----------------+----------------+----------------+----------------+----------------+----------------+----------------+----------------+----------------+----------------+----------------+----------------+----------------+----------------+----------------+----------------+----------------+----------------+----------------+
|             INSTR_RETIRED_ANY            |  FIXC0  |  1846698202552 |  1899635697115 |  1871507048502 |  1846548404587 |  1893112128515 |  1887919673645 |  1848420608264 |  1882403551061 |  1853026713030 |  1851978188822 |  1846052838975 |  1849057803255 |  1962572776335 |  1862434065197 |  1899550839755 |  1843449828122 |  1868892826698 |  1857421727694 |  2989636408102 |  2078778927707 |  2054818107266 |  2047756595065 |  2072547439953 |  2048275896223 |  2044041547557 |  2038488779931 |  2069954273032 |  2045411492686 |  2044909927976 |
|           CPU_CLK_UNHALTED_CORE          |  FIXC1  |  3613020537779 |  3611278668597 |  3614113260145 |  3614014689593 |  3614667325830 |  3613817379051 |  3613611236988 |  3614544148220 |  3613785131447 |  3614410902169 |  3614742158714 |  3613814915798 |  3613931307942 |  3615122259696 |  3612912688073 |  3614472386662 |  3614954287940 |  3614174976619 |  3620076308057 |  3619740391119 |  3619785957502 |  3619750898342 |  3620073019450 |  3619743085104 |  3620000777657 |  3619780258333 |  3619820642561 |  3618625168535 |  3619874742975 |
|           CPU_CLK_UNHALTED_REF           |  FIXC2  |  3613020677184 |  3611279147712 |  3614113910400 |  3614015798112 |  3614667481248 |  3613818148704 |  3613612184544 |  3614544922272 |  3613787171328 |  3614412658080 |  3614743684896 |  3613816209888 |  3613931661216 |  3615122098464 |  3612912570912 |  3614473094208 |  3614956162176 |  3614176032960 |  3620069452896 |  3619730909088 |  3619777078944 |  3619741963776 |  3620065503264 |  3619737704256 |  3619994578368 |  3619772823168 |  3619813137120 |  3618614746848 |  3619866293472 |
|               TOPDOWN_SLOTS              |  FIXC3  | 18065102688895 | 18056393342985 | 18070566300725 | 18070073447965 | 18073336629150 | 18069086895255 | 18068056184940 | 18072720741100 | 18068925657235 | 18072054510845 | 18073710793570 | 18069074578990 | 18069656539710 | 18075611298480 | 18064563440365 | 18072361933310 | 18074771439700 | 18070874883095 | 18100381540285 | 18098701955595 | 18098929787510 | 18098754491710 | 18100365097250 | 18098715425520 | 18100003888285 | 18098901291665 | 18099103212805 | 18093125842675 | 18099373714875 |
|              PWR_PKG_ENERGY              |   PWR0  |    299907.3490 |              0 |              0 |              0 |              0 |              0 |              0 |              0 |              0 |              0 |              0 |              0 |              0 |              0 |              0 |              0 |              0 |              0 |              0 |              0 |              0 |              0 |              0 |              0 |              0 |              0 |              0 |              0 |              0 |
|              PWR_DRAM_ENERGY             |   PWR3  |     29847.8914 |              0 |              0 |              0 |              0 |              0 |              0 |              0 |              0 |              0 |              0 |              0 |              0 |              0 |              0 |              0 |              0 |              0 |              0 |              0 |              0 |              0 |              0 |              0 |              0 |              0 |              0 |              0 |              0 |
| FP_ARITH_INST_RETIRED_128B_PACKED_DOUBLE |   PMC0  |              0 |              0 |              0 |              0 |              0 |              0 |              0 |              0 |              0 |              0 |              0 |              0 |              0 |              0 |              0 |              0 |              0 |              0 |              0 |              0 |              0 |              0 |              0 |              0 |              0 |              0 |              0 |              0 |              0 |
|    FP_ARITH_INST_RETIRED_SCALAR_DOUBLE   |   PMC1  |  1216926502940 |  1216925062983 |  1216925053837 |  1216925048565 |  1216925047174 |  1216925030085 |  1216925064152 |  1216925063800 |  1216925035587 |  1216925060139 |  1216925044020 |  1216925046259 |  1216925037690 |  1216925044168 |  1212624945279 |  1212624952040 |  1212624936066 |  1212624955228 |  1212624932422 |  1212624938091 |  1212624930074 |  1212624911788 |  1212624911739 |  1212624918019 |  1212624910932 |  1212624902173 |  1212624872543 |  1212624850319 |  1212624866521 |
| FP_ARITH_INST_RETIRED_256B_PACKED_DOUBLE |   PMC2  |              0 |              0 |              0 |              0 |              0 |              0 |              0 |              0 |              0 |              0 |              0 |              0 |              0 |              0 |              0 |              0 |              0 |              0 |              0 |              0 |              0 |              0 |              0 |              0 |              0 |              0 |              0 |              0 |              0 |
| FP_ARITH_INST_RETIRED_512B_PACKED_DOUBLE |   PMC3  |    14572555305 |    14572555303 |    14572555303 |    14572555303 |    14572555303 |    14572555303 |    14572555303 |    14572555303 |    14572555303 |    14572555303 |    14572555303 |    14572555303 |    14572555303 |    14572555303 |    14521037751 |    14521037751 |    14521037751 |    14521037751 |    14521037751 |    14521037751 |    14521037751 |    14521037751 |    14521037751 |    14521037751 |    14521037751 |    14521037751 |    14521037751 |    14521037751 |    14521037751 |
|               CAS_COUNT_RD               | MBOX0C0 |   312687787136 |              0 |              0 |              0 |              0 |              0 |              0 |              0 |              0 |              0 |              0 |              0 |              0 |              0 |              0 |              0 |              0 |              0 |              0 |              0 |              0 |              0 |              0 |              0 |              0 |              0 |              0 |              0 |              0 |
|               CAS_COUNT_WR               | MBOX0C1 |   132375451670 |              0 |              0 |              0 |              0 |              0 |              0 |              0 |              0 |              0 |              0 |              0 |              0 |              0 |              0 |              0 |              0 |              0 |              0 |              0 |              0 |              0 |              0 |              0 |              0 |              0 |              0 |              0 |              0 |
|               CAS_COUNT_RD               | MBOX1C0 |   312765786127 |              0 |              0 |              0 |              0 |              0 |              0 |              0 |              0 |              0 |              0 |              0 |              0 |              0 |              0 |              0 |              0 |              0 |              0 |              0 |              0 |              0 |              0 |              0 |              0 |              0 |              0 |              0 |              0 |
|               CAS_COUNT_WR               | MBOX1C1 |   132372768088 |              0 |              0 |              0 |              0 |              0 |              0 |              0 |              0 |              0 |              0 |              0 |              0 |              0 |              0 |              0 |              0 |              0 |              0 |              0 |              0 |              0 |              0 |              0 |              0 |              0 |              0 |              0 |              0 |
|               CAS_COUNT_RD               | MBOX2C0 |   312620176891 |              0 |              0 |              0 |              0 |              0 |              0 |              0 |              0 |              0 |              0 |              0 |              0 |              0 |              0 |              0 |              0 |              0 |              0 |              0 |              0 |              0 |              0 |              0 |              0 |              0 |              0 |              0 |              0 |
|               CAS_COUNT_WR               | MBOX2C1 |   132372918299 |              0 |              0 |              0 |              0 |              0 |              0 |              0 |              0 |              0 |              0 |              0 |              0 |              0 |              0 |              0 |              0 |              0 |              0 |              0 |              0 |              0 |              0 |              0 |              0 |              0 |              0 |              0 |              0 |
|               CAS_COUNT_RD               | MBOX3C0 |   312640848557 |              0 |              0 |              0 |              0 |              0 |              0 |              0 |              0 |              0 |              0 |              0 |              0 |              0 |              0 |              0 |              0 |              0 |              0 |              0 |              0 |              0 |              0 |              0 |              0 |              0 |              0 |              0 |              0 |
|               CAS_COUNT_WR               | MBOX3C1 |   132362770045 |              0 |              0 |              0 |              0 |              0 |              0 |              0 |              0 |              0 |              0 |              0 |              0 |              0 |              0 |              0 |              0 |              0 |              0 |              0 |              0 |              0 |              0 |              0 |              0 |              0 |              0 |              0 |              0 |
|               CAS_COUNT_RD               | MBOX4C0 |   186172778856 |              0 |              0 |              0 |              0 |              0 |              0 |              0 |              0 |              0 |              0 |              0 |              0 |              0 |              0 |              0 |              0 |              0 |              0 |              0 |              0 |              0 |              0 |              0 |              0 |              0 |              0 |              0 |              0 |
|               CAS_COUNT_WR               | MBOX4C1 |    80167371100 |              0 |              0 |              0 |              0 |              0 |              0 |              0 |              0 |              0 |              0 |              0 |              0 |              0 |              0 |              0 |              0 |              0 |              0 |              0 |              0 |              0 |              0 |              0 |              0 |              0 |              0 |              0 |              0 |
|               CAS_COUNT_RD               | MBOX5C0 |   186162126615 |              0 |              0 |              0 |              0 |              0 |              0 |              0 |              0 |              0 |              0 |              0 |              0 |              0 |              0 |              0 |              0 |              0 |              0 |              0 |              0 |              0 |              0 |              0 |              0 |              0 |              0 |              0 |              0 |
|               CAS_COUNT_WR               | MBOX5C1 |    80160295593 |              0 |              0 |              0 |              0 |              0 |              0 |              0 |              0 |              0 |              0 |              0 |              0 |              0 |              0 |              0 |              0 |              0 |              0 |              0 |              0 |              0 |              0 |              0 |              0 |              0 |              0 |              0 |              0 |
|               CAS_COUNT_RD               | MBOX6C0 |   186260308182 |              0 |              0 |              0 |              0 |              0 |              0 |              0 |              0 |              0 |              0 |              0 |              0 |              0 |              0 |              0 |              0 |              0 |              0 |              0 |              0 |              0 |              0 |              0 |              0 |              0 |              0 |              0 |              0 |
|               CAS_COUNT_WR               | MBOX6C1 |    80166480913 |              0 |              0 |              0 |              0 |              0 |              0 |              0 |              0 |              0 |              0 |              0 |              0 |              0 |              0 |              0 |              0 |              0 |              0 |              0 |              0 |              0 |              0 |              0 |              0 |              0 |              0 |              0 |              0 |
|               CAS_COUNT_RD               | MBOX7C0 |   186223710795 |              0 |              0 |              0 |              0 |              0 |              0 |              0 |              0 |              0 |              0 |              0 |              0 |              0 |              0 |              0 |              0 |              0 |              0 |              0 |              0 |              0 |              0 |              0 |              0 |              0 |              0 |              0 |              0 |
|               CAS_COUNT_WR               | MBOX7C1 |    80163569733 |              0 |              0 |              0 |              0 |              0 |              0 |              0 |              0 |              0 |              0 |              0 |              0 |              0 |              0 |              0 |              0 |              0 |              0 |              0 |              0 |              0 |              0 |              0 |              0 |              0 |              0 |              0 |              0 |
+------------------------------------------+---------+----------------+----------------+----------------+----------------+----------------+----------------+----------------+----------------+----------------+----------------+----------------+----------------+----------------+----------------+----------------+----------------+----------------+----------------+----------------+----------------+----------------+----------------+----------------+----------------+----------------+----------------+----------------+----------------+----------------+

+-----------------------------------------------+---------+-----------------+----------------+----------------+--------------+
|                     Event                     | Counter |       Sum       |       Min      |       Max      |      Avg     |
+-----------------------------------------------+---------+-----------------+----------------+----------------+--------------+
|             INSTR_RETIRED_ANY STAT            |  FIXC0  |  57205302317622 |  1843449828122 |  2989636408102 | 1.972597e+12 |
|           CPU_CLK_UNHALTED_CORE STAT          |  FIXC1  | 104868659510898 |  3611278668597 |  3620076308057 | 3.616161e+12 |
|           CPU_CLK_UNHALTED_REF STAT           |  FIXC2  | 104868587805504 |  3611279147712 |  3620069452896 | 3.616158e+12 |
|               TOPDOWN_SLOTS STAT              |  FIXC3  | 524343297554490 | 18056393342985 | 18100381540285 |      nil     |
|              PWR_PKG_ENERGY STAT              |   PWR0  |     299907.3490 |              0 |    299907.3490 |   10341.6327 |
|              PWR_DRAM_ENERGY STAT             |   PWR3  |      29847.8914 |              0 |     29847.8914 |    1029.2376 |
| FP_ARITH_INST_RETIRED_128B_PACKED_DOUBLE STAT |   PMC0  |               0 |              0 |              0 |            0 |
|    FP_ARITH_INST_RETIRED_SCALAR_DOUBLE STAT   |   PMC1  |  35226325874633 |  1212624850319 |  1216926502940 | 1.214701e+12 |
| FP_ARITH_INST_RETIRED_256B_PACKED_DOUBLE STAT |   PMC2  |               0 |              0 |              0 |            0 |
| FP_ARITH_INST_RETIRED_512B_PACKED_DOUBLE STAT |   PMC3  |    421831340509 |    14521037751 |    14572555305 | 1.454591e+10 |
|               CAS_COUNT_RD STAT               | MBOX0C0 |    312687787136 |              0 |   312687787136 | 1.078234e+10 |
|               CAS_COUNT_WR STAT               | MBOX0C1 |    132375451670 |              0 |   132375451670 | 4.564671e+09 |
|               CAS_COUNT_RD STAT               | MBOX1C0 |    312765786127 |              0 |   312765786127 | 1.078503e+10 |
|               CAS_COUNT_WR STAT               | MBOX1C1 |    132372768088 |              0 |   132372768088 | 4.564578e+09 |
|               CAS_COUNT_RD STAT               | MBOX2C0 |    312620176891 |              0 |   312620176891 | 1.078001e+10 |
|               CAS_COUNT_WR STAT               | MBOX2C1 |    132372918299 |              0 |   132372918299 | 4.564583e+09 |
|               CAS_COUNT_RD STAT               | MBOX3C0 |    312640848557 |              0 |   312640848557 | 1.078072e+10 |
|               CAS_COUNT_WR STAT               | MBOX3C1 |    132362770045 |              0 |   132362770045 | 4.564233e+09 |
|               CAS_COUNT_RD STAT               | MBOX4C0 |    186172778856 |              0 |   186172778856 | 6.419751e+09 |
|               CAS_COUNT_WR STAT               | MBOX4C1 |     80167371100 |              0 |    80167371100 | 2.764392e+09 |
|               CAS_COUNT_RD STAT               | MBOX5C0 |    186162126615 |              0 |   186162126615 | 6.419384e+09 |
|               CAS_COUNT_WR STAT               | MBOX5C1 |     80160295593 |              0 |    80160295593 | 2.764148e+09 |
|               CAS_COUNT_RD STAT               | MBOX6C0 |    186260308182 |              0 |   186260308182 | 6.422769e+09 |
|               CAS_COUNT_WR STAT               | MBOX6C1 |     80166480913 |              0 |    80166480913 | 2.764361e+09 |
|               CAS_COUNT_RD STAT               | MBOX7C0 |    186223710795 |              0 |   186223710795 | 6.421507e+09 |
|               CAS_COUNT_WR STAT               | MBOX7C1 |     80163569733 |              0 |    80163569733 | 2.764261e+09 |
+-----------------------------------------------+---------+-----------------+----------------+----------------+--------------+

+-----------------------------------+-------------+-----------+-----------+-----------+-----------+-----------+-----------+-----------+-----------+-----------+-------------+-------------+-------------+-------------+-------------+-------------+-------------+-------------+-------------+-------------+-------------+-------------+-------------+-------------+-------------+-------------+-------------+-------------+-------------+
|               Metric              |  f0485:0:0  | f0485:1:1 | f0485:2:2 | f0485:3:3 | f0485:4:4 | f0485:5:5 | f0485:6:6 | f0485:7:7 | f0485:8:8 | f0485:9:9 | f0485:10:10 | f0485:11:11 | f0485:12:12 | f0485:13:13 | f0485:14:14 | f0485:15:15 | f0485:16:16 | f0485:17:17 | f0485:18:18 | f0485:19:19 | f0485:20:20 | f0485:21:21 | f0485:22:22 | f0485:23:23 | f0485:24:24 | f0485:25:25 | f0485:26:26 | f0485:27:27 | f0485:28:28 |
+-----------------------------------+-------------+-----------+-----------+-----------+-----------+-----------+-----------+-----------+-----------+-----------+-------------+-------------+-------------+-------------+-------------+-------------+-------------+-------------+-------------+-------------+-------------+-------------+-------------+-------------+-------------+-------------+-------------+-------------+-------------+
|        Runtime (RDTSC) [s]        |   1516.4260 | 1516.5610 | 1516.4190 | 1516.2640 | 1516.4690 | 1516.2870 | 1516.4920 | 1516.2470 | 1516.4340 | 1516.2560 |   1516.4710 |   1516.2450 |   1516.4720 |   1516.4710 |   1516.2620 |   1516.3730 |   1516.2530 |   1516.2860 |   1516.2850 |   1516.7850 |   1516.2580 |   1516.3710 |   1516.2670 |   1516.2820 |   1516.6410 |   1516.2550 |   1516.2530 |   1516.2620 |   1516.4040 |
|        Runtime unhalted [s]       |   1508.9900 | 1508.4118 | 1509.4586 | 1509.4056 | 1509.6916 | 1509.3235 | 1509.3457 | 1509.6285 | 1509.3133 | 1509.5698 |   1509.7193 |   1509.3244 |   1509.3680 |   1509.8813 |   1508.9496 |   1509.6924 |   1509.7976 |   1509.4861 |   1511.9376 |   1512.1879 |   1511.8187 |   1511.8015 |   1511.9350 |   1511.8091 |   1512.1400 |   1511.8128 |   1511.8305 |   1511.3425 |   1511.8551 |
|            Clock [MHz]            |   2394.3302 | 2394.0931 | 2394.3106 | 2394.3290 | 2394.3083 | 2394.3288 | 2394.1568 | 2394.3265 | 2394.3227 | 2394.3306 |   2394.3130 |   2394.3252 |   2394.3339 |   2394.3090 |   2394.3231 |   2394.1776 |   2394.3292 |   2394.3075 |   2394.3337 |   2393.7171 |   2394.3314 |   2394.3353 |   2394.3361 |   2394.3159 |   2393.9629 |   2394.3359 |   2394.3347 |   2394.3187 |   2394.3322 |
|                CPI                |      1.9565 |    1.9010 |    1.9311 |    1.9572 |    1.9094 |    1.9142 |    1.9550 |    1.9202 |    1.9502 |    1.9516 |      1.9581 |      1.9544 |      1.8414 |      1.9411 |      1.9020 |      1.9607 |      1.9343 |      1.9458 |      1.2109 |      1.7413 |      1.7616 |      1.7677 |      1.7467 |      1.7672 |      1.7710 |      1.7757 |      1.7487 |      1.7691 |      1.7702 |
|             Energy [J]            | 299907.3490 |         0 |         0 |         0 |         0 |         0 |         0 |         0 |         0 |         0 |           0 |           0 |           0 |           0 |           0 |           0 |           0 |           0 |           0 |           0 |           0 |           0 |           0 |           0 |           0 |           0 |           0 |           0 |           0 |
|             Power [W]             |    197.7725 |         0 |         0 |         0 |         0 |         0 |         0 |         0 |         0 |         0 |           0 |           0 |           0 |           0 |           0 |           0 |           0 |           0 |           0 |           0 |           0 |           0 |           0 |           0 |           0 |           0 |           0 |           0 |           0 |
|          Energy DRAM [J]          |  29847.8914 |         0 |         0 |         0 |         0 |         0 |         0 |         0 |         0 |         0 |           0 |           0 |           0 |           0 |           0 |           0 |           0 |           0 |           0 |           0 |           0 |           0 |           0 |           0 |           0 |           0 |           0 |           0 |           0 |
|           Power DRAM [W]          |     19.6831 |         0 |         0 |         0 |         0 |         0 |         0 |         0 |         0 |         0 |           0 |           0 |           0 |           0 |           0 |           0 |           0 |           0 |           0 |           0 |           0 |           0 |           0 |           0 |           0 |           0 |           0 |           0 |           0 |
|            DP [MFLOP/s]           |    879.3749 |  879.2957 |  879.3780 |  879.4679 |  879.3490 |  879.4545 |  879.3357 |  879.4778 |  879.3693 |  879.4725 |    879.3478 |    879.4789 |    879.3472 |    879.3478 |    876.3612 |    876.2971 |    876.3664 |    876.3474 |    876.3479 |    876.0591 |    876.3635 |    876.2982 |    876.3583 |    876.3497 |    876.1422 |    876.3653 |    876.3664 |    876.3612 |    876.2791 |
|          AVX DP [MFLOP/s]         |     76.8784 |   76.8716 |   76.8788 |   76.8866 |   76.8762 |   76.8855 |   76.8751 |   76.8875 |   76.8780 |   76.8870 |     76.8761 |     76.8876 |     76.8761 |     76.8761 |     76.6149 |     76.6093 |     76.6154 |     76.6137 |     76.6138 |     76.5885 |     76.6151 |     76.6094 |     76.6147 |     76.6139 |     76.5958 |     76.6153 |     76.6154 |     76.6149 |     76.6078 |
|          Packed [MUOPS/s]         |      9.6098 |    9.6089 |    9.6098 |    9.6108 |    9.6095 |    9.6107 |    9.6094 |    9.6109 |    9.6098 |    9.6109 |      9.6095 |      9.6110 |      9.6095 |      9.6095 |      9.5769 |      9.5762 |      9.5769 |      9.5767 |      9.5767 |      9.5736 |      9.5769 |      9.5762 |      9.5768 |      9.5767 |      9.5745 |      9.5769 |      9.5769 |      9.5769 |      9.5760 |
|          Scalar [MUOPS/s]         |    802.4965 |  802.4241 |  802.4992 |  802.5812 |  802.4727 |  802.5691 |  802.4606 |  802.5903 |  802.4913 |  802.5855 |    802.4717 |    802.5913 |    802.4712 |    802.4717 |    799.7463 |    799.6878 |    799.7511 |    799.7337 |    799.7342 |    799.4705 |    799.7484 |    799.6888 |    799.7437 |    799.7357 |    799.5464 |    799.7500 |    799.7510 |    799.7463 |    799.6714 |
|  Memory read bandwidth [MBytes/s] |  84220.4931 |         0 |         0 |         0 |         0 |         0 |         0 |         0 |         0 |         0 |           0 |           0 |           0 |           0 |           0 |           0 |           0 |           0 |           0 |           0 |           0 |           0 |           0 |           0 |           0 |           0 |           0 |           0 |           0 |
|  Memory read data volume [GBytes] | 127714.1455 |         0 |         0 |         0 |         0 |         0 |         0 |         0 |         0 |         0 |           0 |           0 |           0 |           0 |           0 |           0 |           0 |           0 |           0 |           0 |           0 |           0 |           0 |           0 |           0 |           0 |           0 |           0 |           0 |
| Memory write bandwidth [MBytes/s] |  35879.8016 |         0 |         0 |         0 |         0 |         0 |         0 |         0 |         0 |         0 |           0 |           0 |           0 |           0 |           0 |           0 |           0 |           0 |           0 |           0 |           0 |           0 |           0 |           0 |           0 |           0 |           0 |           0 |           0 |
| Memory write data volume [GBytes] |  54409.0640 |         0 |         0 |         0 |         0 |         0 |         0 |         0 |         0 |         0 |           0 |           0 |           0 |           0 |           0 |           0 |           0 |           0 |           0 |           0 |           0 |           0 |           0 |           0 |           0 |           0 |           0 |           0 |           0 |
|    Memory bandwidth [MBytes/s]    | 120100.2947 |         0 |         0 |         0 |         0 |         0 |         0 |         0 |         0 |         0 |           0 |           0 |           0 |           0 |           0 |           0 |           0 |           0 |           0 |           0 |           0 |           0 |           0 |           0 |           0 |           0 |           0 |           0 |           0 |
|    Memory data volume [GBytes]    | 182123.2095 |         0 |         0 |         0 |         0 |         0 |         0 |         0 |         0 |         0 |           0 |           0 |           0 |           0 |           0 |           0 |           0 |           0 |           0 |           0 |           0 |           0 |           0 |           0 |           0 |           0 |           0 |           0 |           0 |
|       Operational intensity       |      0.0073 |         0 |         0 |         0 |         0 |         0 |         0 |         0 |         0 |         0 |           0 |           0 |           0 |           0 |           0 |           0 |           0 |           0 |           0 |           0 |           0 |           0 |           0 |           0 |           0 |           0 |           0 |           0 |           0 |
+-----------------------------------+-------------+-----------+-----------+-----------+-----------+-----------+-----------+-----------+-----------+-----------+-------------+-------------+-------------+-------------+-------------+-------------+-------------+-------------+-------------+-------------+-------------+-------------+-------------+-------------+-------------+-------------+-------------+-------------+-------------+

+----------------------------------------+-------------+-----------+-------------+------------+-----------+-----------+-----------+
|                 Metric                 |     Sum     |    Min    |     Max     |     Avg    |  %ile 25  |  %ile 50  |  %ile 75  |
+----------------------------------------+-------------+-----------+-------------+------------+-----------+-----------+-----------+
|        Runtime (RDTSC) [s] STAT        |  43974.7510 | 1516.2450 |   1516.7850 |  1516.3707 | 1516.2580 | 1516.2870 | 1516.4690 |
|        Runtime unhalted [s] STAT       |  43799.8278 | 1508.4118 |   1512.1879 |  1510.3389 | 1509.3457 | 1509.6924 | 1511.8128 |
|            Clock [MHz] STAT            |  69433.9090 | 2393.7171 |   2394.3361 |  2394.2727 | 2394.3083 | 2394.3252 | 2394.3314 |
|                CPI STAT                |     53.6143 |    1.2109 |      1.9607 |     1.8488 |    1.7677 |    1.9094 |    1.9502 |
|             Energy [J] STAT            | 299907.3490 |         0 | 299907.3490 | 10341.6327 |         0 |         0 |         0 |
|             Power [W] STAT             |    197.7725 |         0 |    197.7725 |     6.8197 |         0 |         0 |         0 |
|          Energy DRAM [J] STAT          |  29847.8914 |         0 |  29847.8914 |  1029.2376 |         0 |         0 |         0 |
|           Power DRAM [W] STAT          |     19.6831 |         0 |     19.6831 |     0.6787 |         0 |         0 |         0 |
|            DP [MFLOP/s] STAT           |  25456.1600 |  876.0591 |    879.4789 |   877.7986 |  876.3479 |  876.3664 |  879.3693 |
|          AVX DP [MFLOP/s] STAT         |   2225.4785 |   76.5885 |     76.8876 |    76.7406 |   76.6138 |   76.6154 |   76.8780 |
|          Packed [MUOPS/s] STAT         |    278.1848 |    9.5736 |      9.6110 |     9.5926 |    9.5767 |    9.5769 |    9.6098 |
|          Scalar [MUOPS/s] STAT         |  23230.6817 |  799.4705 |    802.5913 |   801.0580 |  799.7342 |  799.7511 |  802.4913 |
|  Memory read bandwidth [MBytes/s] STAT |  84220.4931 |         0 |  84220.4931 |  2904.1549 |         0 |         0 |         0 |
|  Memory read data volume [GBytes] STAT | 127714.1455 |         0 | 127714.1455 |  4403.9361 |         0 |         0 |         0 |
| Memory write bandwidth [MBytes/s] STAT |  35879.8016 |         0 |  35879.8016 |  1237.2345 |         0 |         0 |         0 |
| Memory write data volume [GBytes] STAT |  54409.0640 |         0 |  54409.0640 |  1876.1746 |         0 |         0 |         0 |
|    Memory bandwidth [MBytes/s] STAT    | 120100.2947 |         0 | 120100.2947 |  4141.3895 |         0 |         0 |         0 |
|    Memory data volume [GBytes] STAT    | 182123.2095 |         0 | 182123.2095 |  6280.1107 |         0 |         0 |         0 |
|       Operational intensity STAT       |      0.0073 |         0 |      0.0073 |     0.0003 |         0 |         0 |         0 |
+----------------------------------------+-------------+-----------+-------------+------------+-----------+-----------+-----------+

