WARN: Cannot extract OpenMP vendor from executable or commandline, assuming no OpenMP
Successfully initialised 22 MPI ranks.
Opening tea.out as log file.

Timestep 1
Error: 			5.444659e-11

Timestep 2
Error: 			3.489730e-12

Timestep 3
Error: 			2.490680e-13

Timestep 4
Error: 			1.518153e-14

Timestep 5
Error: 			9.858882e-16

Checking results...
Expected 9.200337173020409e+01
Actual   9.200337173016096e+01
This run [32mPASSED[0m (Difference is within 0.00000000%)
Group: 1
+------------------------------------------+---------+----------------+----------------+----------------+----------------+----------------+----------------+----------------+----------------+----------------+----------------+----------------+----------------+----------------+----------------+----------------+----------------+----------------+----------------+----------------+----------------+----------------+----------------+
|                   Event                  | Counter |    f0485:0:0   |    f0485:1:1   |    f0485:2:2   |    f0485:3:3   |    f0485:4:4   |    f0485:5:5   |    f0485:6:6   |    f0485:7:7   |    f0485:8:8   |    f0485:9:9   |   f0485:10:10  |   f0485:11:11  |   f0485:12:12  |   f0485:13:13  |   f0485:14:14  |   f0485:15:15  |   f0485:16:16  |   f0485:17:17  |   f0485:18:18  |   f0485:19:19  |   f0485:20:20  |   f0485:21:21  |
+------------------------------------------+---------+----------------+----------------+----------------+----------------+----------------+----------------+----------------+----------------+----------------+----------------+----------------+----------------+----------------+----------------+----------------+----------------+----------------+----------------+----------------+----------------+----------------+----------------+
|             INSTR_RETIRED_ANY            |  FIXC0  |  2499178115938 |  2483170218604 |  2533409019848 |  2431441571222 |  2469696522957 |  2562153250643 |  2451203224965 |  2502612011405 |  2525504269411 |  2486505288217 |  2434890054544 |  2454593984865 |  2457861544860 |  2518267956185 |  2443538593205 |  2479111887045 |  2498212905793 |  2427768851064 |  5114507514901 |  5105712188562 |  2924121529981 |  2864546363364 |
|           CPU_CLK_UNHALTED_CORE          |  FIXC1  |  4772161025938 |  4772293792689 |  4775158019416 |  4775037206369 |  4776620935645 |  4775567426532 |  4775248205187 |  4776331455465 |  4772921026538 |  4776071605998 |  4776547056830 |  4775452500572 |  4774143582992 |  4774594868644 |  4773997211975 |  4770529929385 |  4773947226835 |  4773565570812 |  4783546504684 |  4783509720098 |  4783111646793 |  4783023350198 |
|           CPU_CLK_UNHALTED_REF           |  FIXC2  |  4772160215808 |  4772293688064 |  4775158203456 |  4775037311136 |  4776620363712 |  4775568584256 |  4775248132992 |  4776330971040 |  4772922027648 |  4776071483232 |  4776548005728 |  4775452503360 |  4774143699264 |  4774592990496 |  4773996469248 |  4770530437344 |  4773948406176 |  4773565985088 |  4783534351200 |  4783499166144 |  4783089651168 |  4782995788512 |
|               TOPDOWN_SLOTS              |  FIXC3  | 23860805129690 | 23861468963445 | 23875790097080 | 23875186031845 | 23883104678225 | 23877837132660 | 23876241025935 | 23881657277325 | 23864605132690 | 23880358029990 | 23882735284150 | 23877262502860 | 23870717914960 | 23872974343220 | 23869986059875 | 23852649646925 | 23869736134175 | 23867827854060 | 23917732523420 | 23917548600490 | 23915558233965 | 23915116750990 |
|              PWR_PKG_ENERGY              |   PWR0  |    351264.1328 |              0 |              0 |              0 |              0 |              0 |              0 |              0 |              0 |              0 |              0 |              0 |              0 |              0 |              0 |              0 |              0 |              0 |              0 |              0 |              0 |              0 |
|              PWR_DRAM_ENERGY             |   PWR3  |     33376.0516 |              0 |              0 |              0 |              0 |              0 |              0 |              0 |              0 |              0 |              0 |              0 |              0 |              0 |              0 |              0 |              0 |              0 |              0 |              0 |              0 |              0 |
| FP_ARITH_INST_RETIRED_128B_PACKED_DOUBLE |   PMC0  |              0 |              0 |              0 |              0 |              0 |              0 |              0 |              0 |              0 |              0 |              0 |              0 |              0 |              0 |              0 |              0 |              0 |              0 |              0 |              0 |              0 |              0 |
|    FP_ARITH_INST_RETIRED_SCALAR_DOUBLE   |   PMC1  |  1601783624650 |  1601783058133 |  1601782798246 |  1601782793696 |  1601782799097 |  1601782803383 |  1601782791174 |  1601782789151 |  1601782800217 |  1601782796538 |  1601782785737 |  1601782788951 |  1601782775217 |  1601782784011 |  1601782777002 |  1601782777816 |  1599632740849 |  1599632729737 |  1599632720825 |  1599632731222 |  1599632725523 |  1599632714078 |
| FP_ARITH_INST_RETIRED_256B_PACKED_DOUBLE |   PMC2  |              0 |              0 |              0 |              0 |              0 |              0 |              0 |              0 |              0 |              0 |              0 |              0 |              0 |              0 |              0 |              0 |              0 |              0 |              0 |              0 |              0 |              0 |
| FP_ARITH_INST_RETIRED_512B_PACKED_DOUBLE |   PMC3  |    19190442811 |    19190442811 |    19190442811 |    19190442811 |    19190442811 |    19190442811 |    19190442811 |    19190442811 |    19190442811 |    19190442811 |    19190442811 |    19190442811 |    19190442811 |    19190442811 |    19190442811 |    19190442811 |    19164658887 |    19164658887 |    19164658887 |    19164658887 |    19164658887 |    19164658887 |
|               CAS_COUNT_RD               | MBOX0C0 |   412752446830 |              0 |              0 |              0 |              0 |              0 |              0 |              0 |              0 |              0 |              0 |              0 |              0 |              0 |              0 |              0 |              0 |              0 |              0 |              0 |              0 |              0 |
|               CAS_COUNT_WR               | MBOX0C1 |   173060902791 |              0 |              0 |              0 |              0 |              0 |              0 |              0 |              0 |              0 |              0 |              0 |              0 |              0 |              0 |              0 |              0 |              0 |              0 |              0 |              0 |              0 |
|               CAS_COUNT_RD               | MBOX1C0 |   412891489845 |              0 |              0 |              0 |              0 |              0 |              0 |              0 |              0 |              0 |              0 |              0 |              0 |              0 |              0 |              0 |              0 |              0 |              0 |              0 |              0 |              0 |
|               CAS_COUNT_WR               | MBOX1C1 |   173070936191 |              0 |              0 |              0 |              0 |              0 |              0 |              0 |              0 |              0 |              0 |              0 |              0 |              0 |              0 |              0 |              0 |              0 |              0 |              0 |              0 |              0 |
|               CAS_COUNT_RD               | MBOX2C0 |   412666524039 |              0 |              0 |              0 |              0 |              0 |              0 |              0 |              0 |              0 |              0 |              0 |              0 |              0 |              0 |              0 |              0 |              0 |              0 |              0 |              0 |              0 |
|               CAS_COUNT_WR               | MBOX2C1 |   173071868032 |              0 |              0 |              0 |              0 |              0 |              0 |              0 |              0 |              0 |              0 |              0 |              0 |              0 |              0 |              0 |              0 |              0 |              0 |              0 |              0 |              0 |
|               CAS_COUNT_RD               | MBOX3C0 |   412726015706 |              0 |              0 |              0 |              0 |              0 |              0 |              0 |              0 |              0 |              0 |              0 |              0 |              0 |              0 |              0 |              0 |              0 |              0 |              0 |              0 |              0 |
|               CAS_COUNT_WR               | MBOX3C1 |   173044253866 |              0 |              0 |              0 |              0 |              0 |              0 |              0 |              0 |              0 |              0 |              0 |              0 |              0 |              0 |              0 |              0 |              0 |              0 |              0 |              0 |              0 |
|               CAS_COUNT_RD               | MBOX4C0 |    87587906695 |              0 |              0 |              0 |              0 |              0 |              0 |              0 |              0 |              0 |              0 |              0 |              0 |              0 |              0 |              0 |              0 |              0 |              0 |              0 |              0 |              0 |
|               CAS_COUNT_WR               | MBOX4C1 |    37477326225 |              0 |              0 |              0 |              0 |              0 |              0 |              0 |              0 |              0 |              0 |              0 |              0 |              0 |              0 |              0 |              0 |              0 |              0 |              0 |              0 |              0 |
|               CAS_COUNT_RD               | MBOX5C0 |    87585170455 |              0 |              0 |              0 |              0 |              0 |              0 |              0 |              0 |              0 |              0 |              0 |              0 |              0 |              0 |              0 |              0 |              0 |              0 |              0 |              0 |              0 |
|               CAS_COUNT_WR               | MBOX5C1 |    37477188495 |              0 |              0 |              0 |              0 |              0 |              0 |              0 |              0 |              0 |              0 |              0 |              0 |              0 |              0 |              0 |              0 |              0 |              0 |              0 |              0 |              0 |
|               CAS_COUNT_RD               | MBOX6C0 |    87655621453 |              0 |              0 |              0 |              0 |              0 |              0 |              0 |              0 |              0 |              0 |              0 |              0 |              0 |              0 |              0 |              0 |              0 |              0 |              0 |              0 |              0 |
|               CAS_COUNT_WR               | MBOX6C1 |    37475580112 |              0 |              0 |              0 |              0 |              0 |              0 |              0 |              0 |              0 |              0 |              0 |              0 |              0 |              0 |              0 |              0 |              0 |              0 |              0 |              0 |              0 |
|               CAS_COUNT_RD               | MBOX7C0 |    87654023906 |              0 |              0 |              0 |              0 |              0 |              0 |              0 |              0 |              0 |              0 |              0 |              0 |              0 |              0 |              0 |              0 |              0 |              0 |              0 |              0 |              0 |
|               CAS_COUNT_WR               | MBOX7C1 |    37474553417 |              0 |              0 |              0 |              0 |              0 |              0 |              0 |              0 |              0 |              0 |              0 |              0 |              0 |              0 |              0 |              0 |              0 |              0 |              0 |              0 |              0 |
+------------------------------------------+---------+----------------+----------------+----------------+----------------+----------------+----------------+----------------+----------------+----------------+----------------+----------------+----------------+----------------+----------------+----------------+----------------+----------------+----------------+----------------+----------------+----------------+----------------+

+-----------------------------------------------+---------+-----------------+----------------+----------------+--------------+
|                     Event                     | Counter |       Sum       |       Min      |       Max      |      Avg     |
+-----------------------------------------------+---------+-----------------+----------------+----------------+--------------+
|             INSTR_RETIRED_ANY STAT            |  FIXC0  |  60668006867579 |  2427768851064 |  5114507514901 |      nil     |
|           CPU_CLK_UNHALTED_CORE STAT          |  FIXC1  | 105073379869595 |  4770529929385 |  4783546504684 | 4.776063e+12 |
|           CPU_CLK_UNHALTED_REF STAT           |  FIXC2  | 105073308435072 |  4770530437344 |  4783534351200 | 4.776059e+12 |
|               TOPDOWN_SLOTS STAT              |  FIXC3  | 525366899347975 | 23852649646925 | 23917732523420 |      nil     |
|              PWR_PKG_ENERGY STAT              |   PWR0  |     351264.1328 |              0 |    351264.1328 |   15966.5515 |
|              PWR_DRAM_ENERGY STAT             |   PWR3  |      33376.0516 |              0 |     33376.0516 |    1517.0933 |
| FP_ARITH_INST_RETIRED_128B_PACKED_DOUBLE STAT |   PMC0  |               0 |              0 |              0 |            0 |
|    FP_ARITH_INST_RETIRED_SCALAR_DOUBLE STAT   |   PMC1  |  35226322105253 |  1599632714078 |  1601783624650 | 1.601196e+12 |
| FP_ARITH_INST_RETIRED_256B_PACKED_DOUBLE STAT |   PMC2  |               0 |              0 |              0 |            0 |
| FP_ARITH_INST_RETIRED_512B_PACKED_DOUBLE STAT |   PMC3  |    422035038298 |    19164658887 |    19190442811 | 1.918341e+10 |
|               CAS_COUNT_RD STAT               | MBOX0C0 |    412752446830 |              0 |   412752446830 | 1.876147e+10 |
|               CAS_COUNT_WR STAT               | MBOX0C1 |    173060902791 |              0 |   173060902791 | 7.866405e+09 |
|               CAS_COUNT_RD STAT               | MBOX1C0 |    412891489845 |              0 |   412891489845 | 1.876779e+10 |
|               CAS_COUNT_WR STAT               | MBOX1C1 |    173070936191 |              0 |   173070936191 | 7.866861e+09 |
|               CAS_COUNT_RD STAT               | MBOX2C0 |    412666524039 |              0 |   412666524039 | 1.875757e+10 |
|               CAS_COUNT_WR STAT               | MBOX2C1 |    173071868032 |              0 |   173071868032 | 7.866903e+09 |
|               CAS_COUNT_RD STAT               | MBOX3C0 |    412726015706 |              0 |   412726015706 | 1.876027e+10 |
|               CAS_COUNT_WR STAT               | MBOX3C1 |    173044253866 |              0 |   173044253866 |   7865647903 |
|               CAS_COUNT_RD STAT               | MBOX4C0 |     87587906695 |              0 |    87587906695 | 3.981268e+09 |
|               CAS_COUNT_WR STAT               | MBOX4C1 |     37477326225 |              0 |    37477326225 | 1.703515e+09 |
|               CAS_COUNT_RD STAT               | MBOX5C0 |     87585170455 |              0 |    87585170455 | 3.981144e+09 |
|               CAS_COUNT_WR STAT               | MBOX5C1 |     37477188495 |              0 |    37477188495 | 1.703509e+09 |
|               CAS_COUNT_RD STAT               | MBOX6C0 |     87655621453 |              0 |    87655621453 | 3.984346e+09 |
|               CAS_COUNT_WR STAT               | MBOX6C1 |     37475580112 |              0 |    37475580112 | 1.703435e+09 |
|               CAS_COUNT_RD STAT               | MBOX7C0 |     87654023906 |              0 |    87654023906 | 3.984274e+09 |
|               CAS_COUNT_WR STAT               | MBOX7C1 |     37474553417 |              0 |    37474553417 | 1.703389e+09 |
+-----------------------------------------------+---------+-----------------+----------------+----------------+--------------+

+-----------------------------------+-------------+-----------+-----------+-----------+-----------+-----------+-----------+-----------+-----------+-----------+-------------+-------------+-------------+-------------+-------------+-------------+-------------+-------------+-------------+-------------+-------------+-------------+
|               Metric              |  f0485:0:0  | f0485:1:1 | f0485:2:2 | f0485:3:3 | f0485:4:4 | f0485:5:5 | f0485:6:6 | f0485:7:7 | f0485:8:8 | f0485:9:9 | f0485:10:10 | f0485:11:11 | f0485:12:12 | f0485:13:13 | f0485:14:14 | f0485:15:15 | f0485:16:16 | f0485:17:17 | f0485:18:18 | f0485:19:19 | f0485:20:20 | f0485:21:21 |
+-----------------------------------+-------------+-----------+-----------+-----------+-----------+-----------+-----------+-----------+-----------+-----------+-------------+-------------+-------------+-------------+-------------+-------------+-------------+-------------+-------------+-------------+-------------+-------------+
|        Runtime (RDTSC) [s]        |   2002.7230 | 2002.8880 | 2002.8690 | 2002.7480 | 2002.8290 | 2002.8680 | 2002.8810 | 2002.8710 | 2002.7380 | 2002.7660 |   2002.7580 |   2002.7350 |   2003.0560 |   2002.8640 |   2002.8880 |   2002.7660 |   2002.8460 |   2002.8600 |   2002.8020 |   2002.8490 |   2002.7350 |   2002.7610 |
|        Runtime unhalted [s]       |   1993.1074 | 1993.1646 | 1994.4966 | 1994.3261 | 1994.9679 | 1994.5345 | 1994.3966 | 1994.8573 | 1993.4275 | 1994.7432 |   1994.9528 |   1994.4825 |   1994.2336 |   1994.1247 |   1993.8805 |   1992.4289 |   1993.8577 |   1993.6937 |   1997.8636 |   1997.8494 |   1997.6849 |   1997.6491 |
|            Clock [MHz]            |   2394.3325 | 2394.3301 | 2394.1669 | 2394.3111 | 2394.3350 | 2394.3262 | 2394.3323 | 2394.3226 | 2394.3284 | 2394.3291 |   2394.3154 |   2394.3316 |   2393.9741 |   2394.3321 |   2394.3250 |   2394.3286 |   2394.3264 |   2394.3323 |   2394.3369 |   2394.3348 |   2394.3384 |   2394.3398 |
|                CPI                |      1.9095 |    1.9219 |    1.8849 |    1.9639 |    1.9341 |    1.8639 |    1.9481 |    1.9085 |    1.8899 |    1.9208 |      1.9617 |      1.9455 |      1.9424 |      1.8960 |      1.9537 |      1.9243 |      1.9109 |      1.9662 |      0.9353 |      0.9369 |      1.6357 |      1.6697 |
|             Energy [J]            | 351264.1328 |         0 |         0 |         0 |         0 |         0 |         0 |         0 |         0 |         0 |           0 |           0 |           0 |           0 |           0 |           0 |           0 |           0 |           0 |           0 |           0 |           0 |
|             Power [W]             |    175.3933 |         0 |         0 |         0 |         0 |         0 |         0 |         0 |         0 |         0 |           0 |           0 |           0 |           0 |           0 |           0 |           0 |           0 |           0 |           0 |           0 |           0 |
|          Energy DRAM [J]          |  33376.0516 |         0 |         0 |         0 |         0 |         0 |         0 |         0 |         0 |         0 |           0 |           0 |           0 |           0 |           0 |           0 |           0 |           0 |           0 |           0 |           0 |           0 |
|           Power DRAM [W]          |     16.6653 |         0 |         0 |         0 |         0 |         0 |         0 |         0 |         0 |         0 |           0 |           0 |           0 |           0 |           0 |           0 |           0 |           0 |           0 |           0 |           0 |           0 |
|            DP [MFLOP/s]           |    876.4603 |  876.3878 |  876.3960 |  876.4489 |  876.4135 |  876.3964 |  876.3907 |  876.3951 |  876.4533 |  876.4411 |    876.4445 |    876.4546 |    876.3142 |    876.3982 |    876.3877 |    876.4410 |    875.2296 |    875.2234 |    875.2488 |    875.2282 |    875.2781 |    875.2667 |
|          AVX DP [MFLOP/s]         |     76.6574 |   76.6511 |   76.6518 |   76.6564 |   76.6533 |   76.6519 |   76.6514 |   76.6517 |   76.6568 |   76.6558 |     76.6561 |     76.6569 |     76.6447 |     76.6520 |     76.6511 |     76.6558 |     76.5497 |     76.5492 |     76.5514 |     76.5496 |     76.5539 |     76.5530 |
|          Packed [MUOPS/s]         |      9.5822 |    9.5814 |    9.5815 |    9.5821 |    9.5817 |    9.5815 |    9.5814 |    9.5815 |    9.5821 |    9.5820 |      9.5820 |      9.5821 |      9.5806 |      9.5815 |      9.5814 |      9.5820 |      9.5687 |      9.5686 |      9.5689 |      9.5687 |      9.5692 |      9.5691 |
|          Scalar [MUOPS/s]         |    799.8029 |  799.7367 |  799.7442 |  799.7925 |  799.7601 |  799.7446 |  799.7394 |  799.7434 |  799.7965 |  799.7853 |    799.7885 |    799.7977 |    799.6695 |    799.7462 |    799.7366 |    799.7853 |    798.6798 |    798.6743 |    798.6974 |    798.6786 |    798.7241 |    798.7137 |
|  Memory read bandwidth [MBytes/s] |  63961.5307 |         0 |         0 |         0 |         0 |         0 |         0 |         0 |         0 |         0 |           0 |           0 |           0 |           0 |           0 |           0 |           0 |           0 |           0 |           0 |           0 |           0 |
|  Memory read data volume [GBytes] | 128097.2287 |         0 |         0 |         0 |         0 |         0 |         0 |         0 |         0 |         0 |           0 |           0 |           0 |           0 |           0 |           0 |           0 |           0 |           0 |           0 |           0 |           0 |
| Memory write bandwidth [MBytes/s] |  26912.2425 |         0 |         0 |         0 |         0 |         0 |         0 |         0 |         0 |         0 |           0 |           0 |           0 |           0 |           0 |           0 |           0 |           0 |           0 |           0 |           0 |           0 |
| Memory write data volume [GBytes] |  53897.7670 |         0 |         0 |         0 |         0 |         0 |         0 |         0 |         0 |         0 |           0 |           0 |           0 |           0 |           0 |           0 |           0 |           0 |           0 |           0 |           0 |           0 |
|    Memory bandwidth [MBytes/s]    |  90873.7732 |         0 |         0 |         0 |         0 |         0 |         0 |         0 |         0 |         0 |           0 |           0 |           0 |           0 |           0 |           0 |           0 |           0 |           0 |           0 |           0 |           0 |
|    Memory data volume [GBytes]    | 181994.9957 |         0 |         0 |         0 |         0 |         0 |         0 |         0 |         0 |         0 |           0 |           0 |           0 |           0 |           0 |           0 |           0 |           0 |           0 |           0 |           0 |           0 |
|       Operational intensity       |      0.0096 |         0 |         0 |         0 |         0 |         0 |         0 |         0 |         0 |         0 |           0 |           0 |           0 |           0 |           0 |           0 |           0 |           0 |           0 |           0 |           0 |           0 |
+-----------------------------------+-------------+-----------+-----------+-----------+-----------+-----------+-----------+-----------+-----------+-----------+-------------+-------------+-------------+-------------+-------------+-------------+-------------+-------------+-------------+-------------+-------------+-------------+

+----------------------------------------+-------------+-----------+-------------+------------+-----------+-----------+-----------+
|                 Metric                 |     Sum     |    Min    |     Max     |     Avg    |  %ile 25  |  %ile 50  |  %ile 75  |
+----------------------------------------+-------------+-----------+-------------+------------+-----------+-----------+-----------+
|        Runtime (RDTSC) [s] STAT        |  44062.1010 | 2002.7230 |   2003.0560 |  2002.8228 | 2002.7580 | 2002.8290 | 2002.8690 |
|        Runtime unhalted [s] STAT       |  43884.7231 | 1992.4289 |   1997.8636 |  1994.7601 | 1993.8577 | 1994.3966 | 1994.9528 |
|            Clock [MHz] STAT            |  52674.7296 | 2393.9741 |   2394.3398 |  2394.3059 | 2394.3250 | 2394.3291 | 2394.3325 |
|                CPI STAT                |     39.8238 |    0.9353 |      1.9662 |     1.8102 |    1.8849 |    1.9109 |    1.9455 |
|             Energy [J] STAT            | 351264.1328 |         0 | 351264.1328 | 15966.5515 |         0 |         0 |         0 |
|             Power [W] STAT             |    175.3933 |         0 |    175.3933 |     7.9724 |         0 |         0 |         0 |
|          Energy DRAM [J] STAT          |  33376.0516 |         0 |  33376.0516 |  1517.0933 |         0 |         0 |         0 |
|           Power DRAM [W] STAT          |     16.6653 |         0 |     16.6653 |     0.7575 |         0 |         0 |         0 |
|            DP [MFLOP/s] STAT           |  19274.0981 |  875.2234 |    876.4603 |   876.0954 |  875.2781 |  876.3951 |  876.4411 |
|          AVX DP [MFLOP/s] STAT         |   1685.7610 |   76.5492 |     76.6574 |    76.6255 |   76.5539 |   76.6517 |   76.6558 |
|          Packed [MUOPS/s] STAT         |    210.7202 |    9.5686 |      9.5822 |     9.5782 |    9.5692 |    9.5815 |    9.5820 |
|          Scalar [MUOPS/s] STAT         |  17588.3373 |  798.6743 |    799.8029 |   799.4699 |  798.7241 |  799.7434 |  799.7853 |
|  Memory read bandwidth [MBytes/s] STAT |  63961.5307 |         0 |  63961.5307 |  2907.3423 |         0 |         0 |         0 |
|  Memory read data volume [GBytes] STAT | 128097.2287 |         0 | 128097.2287 |  5822.6013 |         0 |         0 |         0 |
| Memory write bandwidth [MBytes/s] STAT |  26912.2425 |         0 |  26912.2425 |  1223.2838 |         0 |         0 |         0 |
| Memory write data volume [GBytes] STAT |  53897.7670 |         0 |  53897.7670 |  2449.8985 |         0 |         0 |         0 |
|    Memory bandwidth [MBytes/s] STAT    |  90873.7732 |         0 |  90873.7732 |  4130.6261 |         0 |         0 |         0 |
|    Memory data volume [GBytes] STAT    | 181994.9957 |         0 | 181994.9957 |  8272.4998 |         0 |         0 |         0 |
|       Operational intensity STAT       |      0.0096 |         0 |      0.0096 |     0.0004 |         0 |         0 |         0 |
+----------------------------------------+-------------+-----------+-------------+------------+-----------+-----------+-----------+

