WARN: Cannot extract OpenMP vendor from executable or commandline, assuming no OpenMP
Successfully initialised 28 MPI ranks.
Opening tea.out as log file.

Timestep 1
Error: 			5.444659e-11

Timestep 2
Error: 			3.489730e-12

Timestep 3
Error: 			2.490686e-13

Timestep 4
Error: 			1.517746e-14

Timestep 5
Error: 			9.884796e-16

Checking results...
Expected 9.200337173020409e+01
Actual   9.200337173012593e+01
This run [32mPASSED[0m (Difference is within 0.00000000%)
Group: 1
+------------------------------------------+---------+----------------+----------------+----------------+----------------+----------------+----------------+----------------+----------------+----------------+----------------+----------------+----------------+----------------+----------------+----------------+----------------+----------------+----------------+----------------+----------------+----------------+----------------+----------------+----------------+----------------+----------------+----------------+----------------+
|                   Event                  | Counter |    f0485:0:0   |    f0485:1:1   |    f0485:2:2   |    f0485:3:3   |    f0485:4:4   |    f0485:5:5   |    f0485:6:6   |    f0485:7:7   |    f0485:8:8   |    f0485:9:9   |   f0485:10:10  |   f0485:11:11  |   f0485:12:12  |   f0485:13:13  |   f0485:14:14  |   f0485:15:15  |   f0485:16:16  |   f0485:17:17  |   f0485:18:18  |   f0485:19:19  |   f0485:20:20  |   f0485:21:21  |   f0485:22:22  |   f0485:23:23  |   f0485:24:24  |   f0485:25:25  |   f0485:26:26  |   f0485:27:27  |
+------------------------------------------+---------+----------------+----------------+----------------+----------------+----------------+----------------+----------------+----------------+----------------+----------------+----------------+----------------+----------------+----------------+----------------+----------------+----------------+----------------+----------------+----------------+----------------+----------------+----------------+----------------+----------------+----------------+----------------+----------------+
|             INSTR_RETIRED_ANY            |  FIXC0  |  1921932027312 |  1920989776184 |  1923476258459 |  1948258299565 |  1940425301924 |  1971270787162 |  1927025862709 |  1927390283646 |  1923868935620 |  1919752997278 |  1917441418958 |  1968866549396 |  1934632373006 |  1949080936064 |  1930719642915 |  1950379794273 |  1943111079548 |  1917456740961 |  3279214291565 |  3255766358703 |  3186473058891 |  3224655411837 |  3206219649592 |  2165510299982 |  2150231612183 |  2180175857266 |  2157480833363 |  2156358848309 |
|           CPU_CLK_UNHALTED_CORE          |  FIXC1  |  3714160252810 |  3713617436113 |  3715746486647 |  3716069230642 |  3715976581887 |  3715218566641 |  3715300745402 |  3714539099369 |  3714960054940 |  3716033201336 |  3715198097545 |  3713217851174 |  3714462996072 |  3716707283463 |  3714648111317 |  3714044746189 |  3714836286614 |  3714138257358 |  3720795804055 |  3720651104183 |  3720861068781 |  3720655327373 |  3720877688217 |  3720545009992 |  3720533621726 |  3720445982429 |  3720643216755 |  3720632068457 |
|           CPU_CLK_UNHALTED_REF           |  FIXC2  |  3714159449472 |  3713617946400 |  3715746047232 |  3716069473920 |  3715975579392 |  3715218087456 |  3715301050656 |  3714539490048 |  3714960428448 |  3716033435328 |  3715198964736 |  3713218020096 |  3714462631008 |  3716706059328 |  3714648055680 |  3714045126336 |  3714837559104 |  3714138204000 |  3720788783424 |  3720640658016 |  3720854635488 |  3720642401376 |  3720872324448 |  3720535803648 |  3720527390400 |  3720439656576 |  3720633718656 |  3720620369952 |
|               TOPDOWN_SLOTS              |  FIXC3  | 18570801264050 | 18568087180565 | 18578732433235 | 18580346153210 | 18579882909435 | 18576092833205 | 18576503727010 | 18572695496845 | 18574800274700 | 18580166006680 | 18575990487725 | 18566089255870 | 18572314980360 | 18583536417315 | 18573240556585 | 18570223730945 | 18574181433070 | 18570691286790 | 18603979020275 | 18603255520915 | 18604305343905 | 18603276636865 | 18604388441085 | 18602725049960 | 18602668108630 | 18602229912145 | 18603216083775 | 18603160342285 |
|              PWR_PKG_ENERGY              |   PWR0  |    304376.3181 |              0 |              0 |              0 |              0 |              0 |              0 |              0 |              0 |              0 |              0 |              0 |              0 |              0 |              0 |              0 |              0 |              0 |              0 |              0 |              0 |              0 |              0 |              0 |              0 |              0 |              0 |              0 |
|              PWR_DRAM_ENERGY             |   PWR3  |     30231.7527 |              0 |              0 |              0 |              0 |              0 |              0 |              0 |              0 |              0 |              0 |              0 |              0 |              0 |              0 |              0 |              0 |              0 |              0 |              0 |              0 |              0 |              0 |              0 |              0 |              0 |              0 |              0 |
| FP_ARITH_INST_RETIRED_128B_PACKED_DOUBLE |   PMC0  |              0 |              0 |              0 |              0 |              0 |              0 |              0 |              0 |              0 |              0 |              0 |              0 |              0 |              0 |              0 |              0 |              0 |              0 |              0 |              0 |              0 |              0 |              0 |              0 |              0 |              0 |              0 |              0 |
|    FP_ARITH_INST_RETIRED_SCALAR_DOUBLE   |   PMC1  |  1258852274017 |  1258850930166 |  1258850921163 |  1258850917161 |  1258850907816 |  1258850904554 |  1258850938245 |  1258850916100 |  1257775905424 |  1257775887705 |  1257775902326 |  1257775893313 |  1257775866994 |  1257775869305 |  1257775882789 |  1257775863565 |  1257775858453 |  1257775880810 |  1257775866584 |  1257775871540 |  1257775860505 |  1257775861471 |  1257775855600 |  1257775860640 |  1257775863081 |  1257775820769 |  1257775844460 |  1257775759293 |
| FP_ARITH_INST_RETIRED_256B_PACKED_DOUBLE |   PMC2  |              0 |              0 |              0 |              0 |              0 |              0 |              0 |              0 |              0 |              0 |              0 |              0 |              0 |              0 |              0 |              0 |              0 |              0 |              0 |              0 |              0 |              0 |              0 |              0 |              0 |              0 |              0 |              0 |
| FP_ARITH_INST_RETIRED_512B_PACKED_DOUBLE |   PMC3  |    15096628245 |    15096628245 |    15096628245 |    15096628245 |    15096628245 |    15096628245 |    15096628245 |    15096628245 |    15083711135 |    15083711135 |    15083711135 |    15083711135 |    15083711135 |    15083711135 |    15083711135 |    15083711135 |    15083711135 |    15083711135 |    15083711135 |    15083711135 |    15083711135 |    15083711135 |    15083711135 |    15083711135 |    15083711135 |    15083711135 |    15083711135 |    15083711135 |
|               CAS_COUNT_RD               | MBOX0C0 |   323319116500 |              0 |              0 |              0 |              0 |              0 |              0 |              0 |              0 |              0 |              0 |              0 |              0 |              0 |              0 |              0 |              0 |              0 |              0 |              0 |              0 |              0 |              0 |              0 |              0 |              0 |              0 |              0 |
|               CAS_COUNT_WR               | MBOX0C1 |   136014569775 |              0 |              0 |              0 |              0 |              0 |              0 |              0 |              0 |              0 |              0 |              0 |              0 |              0 |              0 |              0 |              0 |              0 |              0 |              0 |              0 |              0 |              0 |              0 |              0 |              0 |              0 |              0 |
|               CAS_COUNT_RD               | MBOX1C0 |   323416832308 |              0 |              0 |              0 |              0 |              0 |              0 |              0 |              0 |              0 |              0 |              0 |              0 |              0 |              0 |              0 |              0 |              0 |              0 |              0 |              0 |              0 |              0 |              0 |              0 |              0 |              0 |              0 |
|               CAS_COUNT_WR               | MBOX1C1 |   136011756683 |              0 |              0 |              0 |              0 |              0 |              0 |              0 |              0 |              0 |              0 |              0 |              0 |              0 |              0 |              0 |              0 |              0 |              0 |              0 |              0 |              0 |              0 |              0 |              0 |              0 |              0 |              0 |
|               CAS_COUNT_RD               | MBOX2C0 |   323266711004 |              0 |              0 |              0 |              0 |              0 |              0 |              0 |              0 |              0 |              0 |              0 |              0 |              0 |              0 |              0 |              0 |              0 |              0 |              0 |              0 |              0 |              0 |              0 |              0 |              0 |              0 |              0 |
|               CAS_COUNT_WR               | MBOX2C1 |   136012920049 |              0 |              0 |              0 |              0 |              0 |              0 |              0 |              0 |              0 |              0 |              0 |              0 |              0 |              0 |              0 |              0 |              0 |              0 |              0 |              0 |              0 |              0 |              0 |              0 |              0 |              0 |              0 |
|               CAS_COUNT_RD               | MBOX3C0 |   323289653601 |              0 |              0 |              0 |              0 |              0 |              0 |              0 |              0 |              0 |              0 |              0 |              0 |              0 |              0 |              0 |              0 |              0 |              0 |              0 |              0 |              0 |              0 |              0 |              0 |              0 |              0 |              0 |
|               CAS_COUNT_WR               | MBOX3C1 |   135995768645 |              0 |              0 |              0 |              0 |              0 |              0 |              0 |              0 |              0 |              0 |              0 |              0 |              0 |              0 |              0 |              0 |              0 |              0 |              0 |              0 |              0 |              0 |              0 |              0 |              0 |              0 |              0 |
|               CAS_COUNT_RD               | MBOX4C0 |   175945797936 |              0 |              0 |              0 |              0 |              0 |              0 |              0 |              0 |              0 |              0 |              0 |              0 |              0 |              0 |              0 |              0 |              0 |              0 |              0 |              0 |              0 |              0 |              0 |              0 |              0 |              0 |              0 |
|               CAS_COUNT_WR               | MBOX4C1 |    75009464240 |              0 |              0 |              0 |              0 |              0 |              0 |              0 |              0 |              0 |              0 |              0 |              0 |              0 |              0 |              0 |              0 |              0 |              0 |              0 |              0 |              0 |              0 |              0 |              0 |              0 |              0 |              0 |
|               CAS_COUNT_RD               | MBOX5C0 |   175953821729 |              0 |              0 |              0 |              0 |              0 |              0 |              0 |              0 |              0 |              0 |              0 |              0 |              0 |              0 |              0 |              0 |              0 |              0 |              0 |              0 |              0 |              0 |              0 |              0 |              0 |              0 |              0 |
|               CAS_COUNT_WR               | MBOX5C1 |    75010314414 |              0 |              0 |              0 |              0 |              0 |              0 |              0 |              0 |              0 |              0 |              0 |              0 |              0 |              0 |              0 |              0 |              0 |              0 |              0 |              0 |              0 |              0 |              0 |              0 |              0 |              0 |              0 |
|               CAS_COUNT_RD               | MBOX6C0 |   176033483157 |              0 |              0 |              0 |              0 |              0 |              0 |              0 |              0 |              0 |              0 |              0 |              0 |              0 |              0 |              0 |              0 |              0 |              0 |              0 |              0 |              0 |              0 |              0 |              0 |              0 |              0 |              0 |
|               CAS_COUNT_WR               | MBOX6C1 |    75010009464 |              0 |              0 |              0 |              0 |              0 |              0 |              0 |              0 |              0 |              0 |              0 |              0 |              0 |              0 |              0 |              0 |              0 |              0 |              0 |              0 |              0 |              0 |              0 |              0 |              0 |              0 |              0 |
|               CAS_COUNT_RD               | MBOX7C0 |   176026581874 |              0 |              0 |              0 |              0 |              0 |              0 |              0 |              0 |              0 |              0 |              0 |              0 |              0 |              0 |              0 |              0 |              0 |              0 |              0 |              0 |              0 |              0 |              0 |              0 |              0 |              0 |              0 |
|               CAS_COUNT_WR               | MBOX7C1 |    75013553506 |              0 |              0 |              0 |              0 |              0 |              0 |              0 |              0 |              0 |              0 |              0 |              0 |              0 |              0 |              0 |              0 |              0 |              0 |              0 |              0 |              0 |              0 |              0 |              0 |              0 |              0 |              0 |
+------------------------------------------+---------+----------------+----------------+----------------+----------------+----------------+----------------+----------------+----------------+----------------+----------------+----------------+----------------+----------------+----------------+----------------+----------------+----------------+----------------+----------------+----------------+----------------+----------------+----------------+----------------+----------------+----------------+----------------+----------------+

+-----------------------------------------------+---------+-----------------+----------------+----------------+--------------+
|                     Event                     | Counter |       Sum       |       Min      |       Max      |      Avg     |
+-----------------------------------------------+---------+-----------------+----------------+----------------+--------------+
|             INSTR_RETIRED_ANY STAT            |  FIXC0  |  61798165286671 |  1917441418958 |  3279214291565 | 2.207077e+12 |
|           CPU_CLK_UNHALTED_CORE STAT          |  FIXC1  | 104075516177487 |  3713217851174 |  3720877688217 | 3.716983e+12 |
|           CPU_CLK_UNHALTED_REF STAT           |  FIXC2  | 104075431350624 |  3713218020096 |  3720872324448 | 3.716980e+12 |
|               TOPDOWN_SLOTS STAT              |  FIXC3  | 520377580887435 | 18566089255870 | 18604388441085 |      nil     |
|              PWR_PKG_ENERGY STAT              |   PWR0  |     304376.3181 |              0 |    304376.3181 |   10870.5828 |
|              PWR_DRAM_ENERGY STAT             |   PWR3  |      30231.7527 |              0 |     30231.7527 |    1079.7055 |
| FP_ARITH_INST_RETIRED_128B_PACKED_DOUBLE STAT |   PMC0  |               0 |              0 |              0 |            0 |
|    FP_ARITH_INST_RETIRED_SCALAR_DOUBLE STAT   |   PMC1  |  35226325983849 |  1257775759293 |  1258852274017 | 1.258083e+12 |
| FP_ARITH_INST_RETIRED_256B_PACKED_DOUBLE STAT |   PMC2  |               0 |              0 |              0 |            0 |
| FP_ARITH_INST_RETIRED_512B_PACKED_DOUBLE STAT |   PMC3  |    422447248660 |    15083711135 |    15096628245 | 1.508740e+10 |
|               CAS_COUNT_RD STAT               | MBOX0C0 |    323319116500 |              0 |   323319116500 | 1.154711e+10 |
|               CAS_COUNT_WR STAT               | MBOX0C1 |    136014569775 |              0 |   136014569775 | 4.857663e+09 |
|               CAS_COUNT_RD STAT               | MBOX1C0 |    323416832308 |              0 |   323416832308 | 1.155060e+10 |
|               CAS_COUNT_WR STAT               | MBOX1C1 |    136011756683 |              0 |   136011756683 | 4.857563e+09 |
|               CAS_COUNT_RD STAT               | MBOX2C0 |    323266711004 |              0 |   323266711004 | 1.154524e+10 |
|               CAS_COUNT_WR STAT               | MBOX2C1 |    136012920049 |              0 |   136012920049 | 4.857604e+09 |
|               CAS_COUNT_RD STAT               | MBOX3C0 |    323289653601 |              0 |   323289653601 | 1.154606e+10 |
|               CAS_COUNT_WR STAT               | MBOX3C1 |    135995768645 |              0 |   135995768645 | 4.856992e+09 |
|               CAS_COUNT_RD STAT               | MBOX4C0 |    175945797936 |              0 |   175945797936 | 6.283778e+09 |
|               CAS_COUNT_WR STAT               | MBOX4C1 |     75009464240 |              0 |    75009464240 | 2.678909e+09 |
|               CAS_COUNT_RD STAT               | MBOX5C0 |    175953821729 |              0 |   175953821729 | 6.284065e+09 |
|               CAS_COUNT_WR STAT               | MBOX5C1 |     75010314414 |              0 |    75010314414 | 2.678940e+09 |
|               CAS_COUNT_RD STAT               | MBOX6C0 |    176033483157 |              0 |   176033483157 | 6.286910e+09 |
|               CAS_COUNT_WR STAT               | MBOX6C1 |     75010009464 |              0 |    75010009464 | 2.678929e+09 |
|               CAS_COUNT_RD STAT               | MBOX7C0 |    176026581874 |              0 |   176026581874 | 6.286664e+09 |
|               CAS_COUNT_WR STAT               | MBOX7C1 |     75013553506 |              0 |    75013553506 | 2.679055e+09 |
+-----------------------------------------------+---------+-----------------+----------------+----------------+--------------+

+-----------------------------------+-------------+-----------+-----------+-----------+-----------+-----------+-----------+-----------+-----------+-----------+-------------+-------------+-------------+-------------+-------------+-------------+-------------+-------------+-------------+-------------+-------------+-------------+-------------+-------------+-------------+-------------+-------------+-------------+
|               Metric              |  f0485:0:0  | f0485:1:1 | f0485:2:2 | f0485:3:3 | f0485:4:4 | f0485:5:5 | f0485:6:6 | f0485:7:7 | f0485:8:8 | f0485:9:9 | f0485:10:10 | f0485:11:11 | f0485:12:12 | f0485:13:13 | f0485:14:14 | f0485:15:15 | f0485:16:16 | f0485:17:17 | f0485:18:18 | f0485:19:19 | f0485:20:20 | f0485:21:21 | f0485:22:22 | f0485:23:23 | f0485:24:24 | f0485:25:25 | f0485:26:26 | f0485:27:27 |
+-----------------------------------+-------------+-----------+-----------+-----------+-----------+-----------+-----------+-----------+-----------+-----------+-------------+-------------+-------------+-------------+-------------+-------------+-------------+-------------+-------------+-------------+-------------+-------------+-------------+-------------+-------------+-------------+-------------+-------------+
|        Runtime (RDTSC) [s]        |   1558.6730 | 1558.4160 | 1558.5450 | 1558.3850 | 1558.5370 | 1558.5910 | 1558.8380 | 1558.9340 | 1558.3960 | 1558.3750 |   1558.6300 |   1558.3760 |   1558.6650 |   1558.5050 |   1558.4610 |   1558.3760 |   1558.4850 |   1558.5000 |   1558.3680 |   1558.6940 |   1558.4380 |   1558.3930 |   1558.3840 |   1558.3850 |   1558.4430 |   1558.5480 |   1558.8270 |   1558.3840 |
|        Runtime unhalted [s]       |   1551.4497 | 1551.0073 | 1551.9523 | 1552.0292 | 1552.0462 | 1551.7475 | 1552.0595 | 1551.8775 | 1551.5844 | 1552.0149 |   1551.7885 |   1550.8368 |   1551.5566 |   1552.3005 |   1551.4366 |   1551.1839 |   1551.5147 |   1551.2221 |   1554.0040 |   1554.1842 |   1554.0915 |   1553.9473 |   1554.0373 |   1553.9036 |   1553.8923 |   1553.9057 |   1554.2851 |   1553.9513 |
|            Clock [MHz]            |   2393.9938 | 2394.3259 | 2394.2405 | 2394.3292 | 2394.2441 | 2394.2162 | 2393.7874 | 2393.5773 | 2394.3008 | 2394.3281 |   2394.1389 |   2394.3316 |   2394.0237 |   2394.3229 |   2394.3280 |   2394.3289 |   2394.3280 |   2394.3305 |   2394.3329 |   2393.9643 |   2394.2396 |   2394.3335 |   2394.3332 |   2394.3276 |   2394.3357 |   2394.2587 |   2393.8032 |   2394.3117 |
|                CPI                |      1.9325 |    1.9332 |    1.9318 |    1.9074 |    1.9150 |    1.8847 |    1.9280 |    1.9272 |    1.9310 |    1.9357 |      1.9376 |      1.8860 |      1.9200 |      1.9069 |      1.9240 |      1.9043 |      1.9118 |      1.9370 |      1.1347 |      1.1428 |      1.1677 |      1.1538 |      1.1605 |      1.7181 |      1.7303 |      1.7065 |      1.7245 |      1.7254 |
|             Energy [J]            | 304376.3181 |         0 |         0 |         0 |         0 |         0 |         0 |         0 |         0 |         0 |           0 |           0 |           0 |           0 |           0 |           0 |           0 |           0 |           0 |           0 |           0 |           0 |           0 |           0 |           0 |           0 |           0 |           0 |
|             Power [W]             |    195.2791 |         0 |         0 |         0 |         0 |         0 |         0 |         0 |         0 |         0 |           0 |           0 |           0 |           0 |           0 |           0 |           0 |           0 |           0 |           0 |           0 |           0 |           0 |           0 |           0 |           0 |           0 |           0 |
|          Energy DRAM [J]          |  30231.7527 |         0 |         0 |         0 |         0 |         0 |         0 |         0 |         0 |         0 |           0 |           0 |           0 |           0 |           0 |           0 |           0 |           0 |           0 |           0 |           0 |           0 |           0 |           0 |           0 |           0 |           0 |           0 |
|           Power DRAM [W]          |     19.3958 |         0 |         0 |         0 |         0 |         0 |         0 |         0 |         0 |         0 |           0 |           0 |           0 |           0 |           0 |           0 |           0 |           0 |           0 |           0 |           0 |           0 |           0 |           0 |           0 |           0 |           0 |           0 |
|            DP [MFLOP/s]           |    885.1281 |  885.2732 |  885.1999 |  885.2908 |  885.2045 |  885.1738 |  885.0336 |  884.9791 |  884.5284 |  884.5404 |    884.3956 |    884.5398 |    884.3758 |    884.4666 |    884.4915 |    884.5398 |    884.4779 |    884.4694 |    884.5443 |    884.3593 |    884.5046 |    884.5301 |    884.5352 |    884.5347 |    884.5017 |    884.4421 |    884.2838 |    884.5352 |
|          AVX DP [MFLOP/s]         |     77.4845 |   77.4973 |   77.4909 |   77.4988 |   77.4913 |   77.4886 |   77.4763 |   77.4715 |   77.4320 |   77.4330 |     77.4204 |     77.4330 |     77.4186 |     77.4266 |     77.4288 |     77.4330 |     77.4276 |     77.4268 |     77.4334 |     77.4172 |     77.4299 |     77.4321 |     77.4326 |     77.4325 |     77.4296 |     77.4244 |     77.4106 |     77.4326 |
|          Packed [MUOPS/s]         |      9.6856 |    9.6872 |    9.6864 |    9.6874 |    9.6864 |    9.6861 |    9.6845 |    9.6839 |    9.6790 |    9.6791 |      9.6775 |      9.6791 |      9.6773 |      9.6783 |      9.6786 |      9.6791 |      9.6784 |      9.6784 |      9.6792 |      9.6771 |      9.6787 |      9.6790 |      9.6791 |      9.6791 |      9.6787 |      9.6781 |      9.6763 |      9.6791 |
|          Scalar [MUOPS/s]         |    807.6436 |  807.7759 |  807.7091 |  807.7920 |  807.7132 |  807.6852 |  807.5573 |  807.5075 |  807.0965 |  807.1073 |    806.9753 |    807.1068 |    806.9572 |    807.0400 |    807.0628 |    807.1068 |    807.0503 |    807.0426 |    807.1109 |    806.9421 |    807.0747 |    807.0980 |    807.1026 |    807.1021 |    807.0721 |    807.0177 |    806.8733 |    807.1026 |
|  Memory read bandwidth [MBytes/s] |  82008.3031 |         0 |         0 |         0 |         0 |         0 |         0 |         0 |         0 |         0 |           0 |           0 |           0 |           0 |           0 |           0 |           0 |           0 |           0 |           0 |           0 |           0 |           0 |           0 |           0 |           0 |           0 |           0 |
|  Memory read data volume [GBytes] | 127824.1279 |         0 |         0 |         0 |         0 |         0 |         0 |         0 |         0 |         0 |           0 |           0 |           0 |           0 |           0 |           0 |           0 |           0 |           0 |           0 |           0 |           0 |           0 |           0 |           0 |           0 |           0 |           0 |
| Memory write bandwidth [MBytes/s] |  34658.3375 |         0 |         0 |         0 |         0 |         0 |         0 |         0 |         0 |         0 |           0 |           0 |           0 |           0 |           0 |           0 |           0 |           0 |           0 |           0 |           0 |           0 |           0 |           0 |           0 |           0 |           0 |           0 |
| Memory write data volume [GBytes] |  54021.0148 |         0 |         0 |         0 |         0 |         0 |         0 |         0 |         0 |         0 |           0 |           0 |           0 |           0 |           0 |           0 |           0 |           0 |           0 |           0 |           0 |           0 |           0 |           0 |           0 |           0 |           0 |           0 |
|    Memory bandwidth [MBytes/s]    | 116666.6406 |         0 |         0 |         0 |         0 |         0 |         0 |         0 |         0 |         0 |           0 |           0 |           0 |           0 |           0 |           0 |           0 |           0 |           0 |           0 |           0 |           0 |           0 |           0 |           0 |           0 |           0 |           0 |
|    Memory data volume [GBytes]    | 181845.1427 |         0 |         0 |         0 |         0 |         0 |         0 |         0 |         0 |         0 |           0 |           0 |           0 |           0 |           0 |           0 |           0 |           0 |           0 |           0 |           0 |           0 |           0 |           0 |           0 |           0 |           0 |           0 |
|       Operational intensity       |      0.0076 |         0 |         0 |         0 |         0 |         0 |         0 |         0 |         0 |         0 |           0 |           0 |           0 |           0 |           0 |           0 |           0 |           0 |           0 |           0 |           0 |           0 |           0 |           0 |           0 |           0 |           0 |           0 |
+-----------------------------------+-------------+-----------+-----------+-----------+-----------+-----------+-----------+-----------+-----------+-----------+-------------+-------------+-------------+-------------+-------------+-------------+-------------+-------------+-------------+-------------+-------------+-------------+-------------+-------------+-------------+-------------+-------------+-------------+

+----------------------------------------+-------------+-----------+-------------+------------+-----------+-----------+-----------+
|                 Metric                 |     Sum     |    Min    |     Max     |     Avg    |  %ile 25  |  %ile 50  |  %ile 75  |
+----------------------------------------+-------------+-----------+-------------+------------+-----------+-----------+-----------+
|        Runtime (RDTSC) [s] STAT        |  43638.5520 | 1558.3680 |   1558.9340 |  1558.5197 | 1558.3850 | 1558.4610 | 1558.5910 |
|        Runtime unhalted [s] STAT       |  43469.8105 | 1550.8368 |   1554.2851 |  1552.4932 | 1551.5147 | 1552.0149 | 1553.9057 |
|            Clock [MHz] STAT            |  67037.7162 | 2393.5773 |   2394.3357 |  2394.2042 | 2394.1389 | 2394.3117 | 2394.3289 |
|                CPI STAT                |     48.9184 |    1.1347 |      1.9376 |     1.7471 |    1.7181 |    1.9069 |    1.9280 |
|             Energy [J] STAT            | 304376.3181 |         0 | 304376.3181 | 10870.5828 |         0 |         0 |         0 |
|             Power [W] STAT             |    195.2791 |         0 |    195.2791 |     6.9743 |         0 |         0 |         0 |
|          Energy DRAM [J] STAT          |  30231.7527 |         0 |  30231.7527 |  1079.7055 |         0 |         0 |         0 |
|           Power DRAM [W] STAT          |     19.3958 |         0 |     19.3958 |     0.6927 |         0 |         0 |         0 |
|            DP [MFLOP/s] STAT           |  24770.8792 |  884.2838 |    885.2908 |   884.6743 |  884.4694 |  884.5347 |  884.9791 |
|          AVX DP [MFLOP/s] STAT         |   2168.4539 |   77.4106 |     77.4988 |    77.4448 |   77.4268 |   77.4325 |   77.4715 |
|          Packed [MUOPS/s] STAT         |    271.0567 |    9.6763 |      9.6874 |     9.6806 |    9.6784 |    9.6791 |    9.6839 |
|          Scalar [MUOPS/s] STAT         |  22602.4255 |  806.8733 |    807.7920 |   807.2295 |  807.0426 |  807.1021 |  807.5075 |
|  Memory read bandwidth [MBytes/s] STAT |  82008.3031 |         0 |  82008.3031 |  2928.8680 |         0 |         0 |         0 |
|  Memory read data volume [GBytes] STAT | 127824.1279 |         0 | 127824.1279 |  4565.1474 |         0 |         0 |         0 |
| Memory write bandwidth [MBytes/s] STAT |  34658.3375 |         0 |  34658.3375 |  1237.7978 |         0 |         0 |         0 |
| Memory write data volume [GBytes] STAT |  54021.0148 |         0 |  54021.0148 |  1929.3220 |         0 |         0 |         0 |
|    Memory bandwidth [MBytes/s] STAT    | 116666.6406 |         0 | 116666.6406 |  4166.6657 |         0 |         0 |         0 |
|    Memory data volume [GBytes] STAT    | 181845.1427 |         0 | 181845.1427 |  6494.4694 |         0 |         0 |         0 |
|       Operational intensity STAT       |      0.0076 |         0 |      0.0076 |     0.0003 |         0 |         0 |         0 |
+----------------------------------------+-------------+-----------+-------------+------------+-----------+-----------+-----------+

