WARN: Cannot extract OpenMP vendor from executable or commandline, assuming no OpenMP
 nx_glob, nz_glob:                  3000                  1250
 dx,dz:    8.00000000000000        8.00000000000000     
 dt:   2.666666666666666E-002
Group: 1
+------------------------------------------+---------+----------------+----------------+----------------+----------------+----------------+----------------+----------------+----------------+----------------+----------------+----------------+----------------+----------------+----------------+----------------+----------------+----------------+----------------+----------------+----------------+----------------+----------------+----------------+----------------+----------------+----------------+----------------+----------------+----------------+----------------+----------------+----------------+----------------+----------------+----------------+----------------+----------------+----------------+----------------+----------------+
|                   Event                  | Counter |    f0314:0:0   |    f0314:1:1   |    f0314:2:2   |    f0314:3:3   |    f0314:4:4   |    f0314:5:5   |    f0314:6:6   |    f0314:7:7   |    f0314:8:8   |    f0314:9:9   |   f0314:10:10  |   f0314:11:11  |   f0314:12:12  |   f0314:13:13  |   f0314:14:14  |   f0314:15:15  |   f0314:16:16  |   f0314:17:17  |   f0314:18:18  |   f0314:19:19  |   f0314:20:20  |   f0314:21:21  |   f0314:22:22  |   f0314:23:23  |   f0314:24:24  |   f0314:25:25  |   f0314:26:26  |   f0314:27:27  |   f0314:28:28  |   f0314:29:29  |   f0314:30:30  |   f0314:31:31  |   f0314:32:32  |   f0314:33:33  |   f0314:34:34  |   f0314:35:35  |   f0314:36:36  |   f0314:37:37  |   f0314:38:38  |   f0314:39:39  |
+------------------------------------------+---------+----------------+----------------+----------------+----------------+----------------+----------------+----------------+----------------+----------------+----------------+----------------+----------------+----------------+----------------+----------------+----------------+----------------+----------------+----------------+----------------+----------------+----------------+----------------+----------------+----------------+----------------+----------------+----------------+----------------+----------------+----------------+----------------+----------------+----------------+----------------+----------------+----------------+----------------+----------------+----------------+
|             INSTR_RETIRED_ANY            |  FIXC0  |  4552486575376 |  3801835949380 |  3471241837821 |  3431391504734 |  3417663564219 |  3424615692362 |  3449513643201 |  3415700961113 |  3493936409481 |  3450523416187 |  3515869713971 |  3534530341952 |  3793616773267 |  3601705699382 |  3430267269495 |  3419533375287 |  3492253367587 |  3417865743603 |  5880599407067 |  5957565369290 |  5801033022902 |  5834977958276 |  5807728361364 |  5829543261966 |  5867825691523 |  5852255038432 |  5939104835065 |  5947981654471 |  5850222249814 |  5809218307056 |  5908369228603 |  5816289521310 |  5848231705831 |  5844583996774 |  5825958745328 |  5819972527502 |  7228499379804 |  7252991724381 |  7275427920083 |  7224759128875 |
|           CPU_CLK_UNHALTED_CORE          |  FIXC1  |  2938796672023 |  2940293696507 |  2940062688660 |  2940571980613 |  2940182986905 |  2939985559621 |  2939558864185 |  2937765989874 |  2940254694141 |  2940367417503 |  2940495355374 |  2940420538756 |  2940385838826 |  2940848210146 |  2940754319476 |  2940992208429 |  2940900808250 |  2940193301409 |  2940778609866 |  2940146075825 |  2940336337740 |  2940834105203 |  2940588842104 |  2940317333216 |  2940252067906 |  2940219540044 |  2940807215926 |  2938930947743 |  2940444727354 |  2940374658262 |  2940271188975 |  2940493185557 |  2940306159075 |  2940638316608 |  2941200340415 |  2940340966999 |  2942441026324 |  2942472409743 |  2942508148834 |  2942485843343 |
|           CPU_CLK_UNHALTED_REF           |  FIXC2  |  2938796715936 |  2940293519616 |  2940062510112 |  2940572016672 |  2940183624576 |  2939984954592 |  2939558372160 |  2937765574560 |  2940253927296 |  2940367455456 |  2940495180192 |  2940420609120 |  2940385828032 |  2940848500800 |  2940753630336 |  2940992121120 |  2940901414176 |  2940194219232 |  2940778195776 |  2940145068864 |  2940334896288 |  2940832644672 |  2940588177120 |  2940316412448 |  2940251537184 |  2940219155040 |  2940806343936 |  2938929504864 |  2940443475264 |  2940375027936 |  2940269291424 |  2940491841408 |  2940306265728 |  2940638981184 |  2941201177632 |  2940341302464 |  2942439163008 |  2942469618528 |  2942508074016 |  2942485392000 |
|               TOPDOWN_SLOTS              |  FIXC3  | 14693983360115 | 14701468482535 | 14700313443300 | 14702859903065 | 14700914934525 | 14699927798105 | 14697794320925 | 14688829949370 | 14701273470705 | 14701837087515 | 14702476776870 | 14702102693780 | 14701929194130 | 14704241050730 | 14703771597380 | 14704961042145 | 14704504041250 | 14700966507045 | 14703893049330 | 14700730379125 | 14701681688700 | 14704170526015 | 14702944210520 | 14701586666080 | 14701260339530 | 14701097700220 | 14704036079630 | 14694654738715 | 14702223636770 | 14701873291310 | 14701355944875 | 14702465927785 | 14701530795375 | 14703191583040 | 14706001702075 | 14701704834995 | 14712205131620 | 14712362048715 | 14712540744170 | 14712429216715 |
|              PWR_PKG_ENERGY              |   PWR0  |    285857.2140 |              0 |              0 |              0 |              0 |              0 |              0 |              0 |              0 |              0 |              0 |              0 |              0 |              0 |              0 |              0 |              0 |              0 |              0 |              0 |              0 |              0 |              0 |              0 |              0 |              0 |              0 |              0 |              0 |              0 |              0 |              0 |              0 |              0 |              0 |              0 |    135970.7600 |              0 |              0 |              0 |
|              PWR_DRAM_ENERGY             |   PWR3  |     26395.4413 |              0 |              0 |              0 |              0 |              0 |              0 |              0 |              0 |              0 |              0 |              0 |              0 |              0 |              0 |              0 |              0 |              0 |              0 |              0 |              0 |              0 |              0 |              0 |              0 |              0 |              0 |              0 |              0 |              0 |              0 |              0 |              0 |              0 |              0 |              0 |     10999.2256 |              0 |              0 |              0 |
| FP_ARITH_INST_RETIRED_128B_PACKED_DOUBLE |   PMC0  |              0 |              0 |              0 |              0 |              0 |              0 |              0 |              0 |              0 |              0 |              0 |              0 |              0 |              0 |              0 |              0 |              0 |              0 |              0 |              0 |              0 |              0 |              0 |              0 |              0 |              0 |              0 |              0 |              0 |              0 |              0 |              0 |              0 |              0 |              0 |              0 |              0 |              0 |              0 |              0 |
|    FP_ARITH_INST_RETIRED_SCALAR_DOUBLE   |   PMC1  |  1625241348715 |  1625240754286 |  1625240788849 |  1625240738579 |  1625240735316 |  1625240730654 |  1625240705791 |  1625240710700 |  1625240724187 |  1625240711584 |  1625240723932 |  1625240713936 |  1625240729722 |  1625240687742 |  1625240700876 |  1625240714994 |  1625240689628 |  1625240707883 |  1625240692529 |  1625240687853 |  1625240681633 |  1625240657417 |  1625240683049 |  1625240640022 |  1625240641575 |  1625240653661 |  1625240639548 |  1625240610558 |  1625240653877 |  1625240630371 |  1625240623639 |  1625240613533 |  1625240606829 |  1625240571868 |  1625240617483 |  1625240591104 |  1625240586742 |  1625240573340 |  1625240556094 |  1625240553399 |
| FP_ARITH_INST_RETIRED_256B_PACKED_DOUBLE |   PMC2  |              0 |              0 |              0 |              0 |              0 |              0 |              0 |              0 |              0 |              0 |              0 |              0 |              0 |              0 |              0 |              0 |              0 |              0 |              0 |              0 |              0 |              0 |              0 |              0 |              0 |              0 |              0 |              0 |              0 |              0 |              0 |              0 |              0 |              0 |              0 |              0 |              0 |              0 |              0 |              0 |
| FP_ARITH_INST_RETIRED_512B_PACKED_DOUBLE |   PMC3  |    44976911385 |    44931616872 |    44931616872 |    44931616872 |    44931616872 |    44931616872 |    44931616872 |    44931616872 |    44931616872 |    44931616872 |    44931616872 |    44931616872 |    44931616872 |    44931616872 |    44931616872 |    44931616872 |    44931616872 |    44931616872 |    44931616872 |    44931616872 |    44931616872 |    44931616872 |    44931616872 |    44931616872 |    44931616872 |    44931616872 |    44931616872 |    44931616872 |    44931616872 |    44931616872 |    44931616872 |    44931616872 |    44931616872 |    44931616872 |    44931616872 |    44931616872 |    44931616872 |    44931616872 |    44931616872 |    44931616872 |
|               CAS_COUNT_RD               | MBOX0C0 |   175029698791 |              0 |              0 |              0 |              0 |              0 |              0 |              0 |              0 |              0 |              0 |              0 |              0 |              0 |              0 |              0 |              0 |              0 |              0 |              0 |              0 |              0 |              0 |              0 |              0 |              0 |              0 |              0 |              0 |              0 |              0 |              0 |              0 |              0 |              0 |              0 |    21564030095 |              0 |              0 |              0 |
|               CAS_COUNT_WR               | MBOX0C1 |    89837979866 |              0 |              0 |              0 |              0 |              0 |              0 |              0 |              0 |              0 |              0 |              0 |              0 |              0 |              0 |              0 |              0 |              0 |              0 |              0 |              0 |              0 |              0 |              0 |              0 |              0 |              0 |              0 |              0 |              0 |              0 |              0 |              0 |              0 |              0 |              0 |    13499483379 |              0 |              0 |              0 |
|               CAS_COUNT_RD               | MBOX1C0 |   175045977883 |              0 |              0 |              0 |              0 |              0 |              0 |              0 |              0 |              0 |              0 |              0 |              0 |              0 |              0 |              0 |              0 |              0 |              0 |              0 |              0 |              0 |              0 |              0 |              0 |              0 |              0 |              0 |              0 |              0 |              0 |              0 |              0 |              0 |              0 |              0 |    21594312461 |              0 |              0 |              0 |
|               CAS_COUNT_WR               | MBOX1C1 |    89831714306 |              0 |              0 |              0 |              0 |              0 |              0 |              0 |              0 |              0 |              0 |              0 |              0 |              0 |              0 |              0 |              0 |              0 |              0 |              0 |              0 |              0 |              0 |              0 |              0 |              0 |              0 |              0 |              0 |              0 |              0 |              0 |              0 |              0 |              0 |              0 |    13501647970 |              0 |              0 |              0 |
|               CAS_COUNT_RD               | MBOX2C0 |   175039535246 |              0 |              0 |              0 |              0 |              0 |              0 |              0 |              0 |              0 |              0 |              0 |              0 |              0 |              0 |              0 |              0 |              0 |              0 |              0 |              0 |              0 |              0 |              0 |              0 |              0 |              0 |              0 |              0 |              0 |              0 |              0 |              0 |              0 |              0 |              0 |    21572069441 |              0 |              0 |              0 |
|               CAS_COUNT_WR               | MBOX2C1 |    89826186799 |              0 |              0 |              0 |              0 |              0 |              0 |              0 |              0 |              0 |              0 |              0 |              0 |              0 |              0 |              0 |              0 |              0 |              0 |              0 |              0 |              0 |              0 |              0 |              0 |              0 |              0 |              0 |              0 |              0 |              0 |              0 |              0 |              0 |              0 |              0 |    13502529807 |              0 |              0 |              0 |
|               CAS_COUNT_RD               | MBOX3C0 |   175075074580 |              0 |              0 |              0 |              0 |              0 |              0 |              0 |              0 |              0 |              0 |              0 |              0 |              0 |              0 |              0 |              0 |              0 |              0 |              0 |              0 |              0 |              0 |              0 |              0 |              0 |              0 |              0 |              0 |              0 |              0 |              0 |              0 |              0 |              0 |              0 |    21589260854 |              0 |              0 |              0 |
|               CAS_COUNT_WR               | MBOX3C1 |    89823144217 |              0 |              0 |              0 |              0 |              0 |              0 |              0 |              0 |              0 |              0 |              0 |              0 |              0 |              0 |              0 |              0 |              0 |              0 |              0 |              0 |              0 |              0 |              0 |              0 |              0 |              0 |              0 |              0 |              0 |              0 |              0 |              0 |              0 |              0 |              0 |    13503275460 |              0 |              0 |              0 |
|               CAS_COUNT_RD               | MBOX4C0 |   177460892885 |              0 |              0 |              0 |              0 |              0 |              0 |              0 |              0 |              0 |              0 |              0 |              0 |              0 |              0 |              0 |              0 |              0 |              0 |              0 |              0 |              0 |              0 |              0 |              0 |              0 |              0 |              0 |              0 |              0 |              0 |              0 |              0 |              0 |              0 |              0 |       20627602 |              0 |              0 |              0 |
|               CAS_COUNT_WR               | MBOX4C1 |    89964425963 |              0 |              0 |              0 |              0 |              0 |              0 |              0 |              0 |              0 |              0 |              0 |              0 |              0 |              0 |              0 |              0 |              0 |              0 |              0 |              0 |              0 |              0 |              0 |              0 |              0 |              0 |              0 |              0 |              0 |              0 |              0 |              0 |              0 |              0 |              0 |        9578936 |              0 |              0 |              0 |
|               CAS_COUNT_RD               | MBOX5C0 |   177465899070 |              0 |              0 |              0 |              0 |              0 |              0 |              0 |              0 |              0 |              0 |              0 |              0 |              0 |              0 |              0 |              0 |              0 |              0 |              0 |              0 |              0 |              0 |              0 |              0 |              0 |              0 |              0 |              0 |              0 |              0 |              0 |              0 |              0 |              0 |              0 |       21597473 |              0 |              0 |              0 |
|               CAS_COUNT_WR               | MBOX5C1 |    89962195459 |              0 |              0 |              0 |              0 |              0 |              0 |              0 |              0 |              0 |              0 |              0 |              0 |              0 |              0 |              0 |              0 |              0 |              0 |              0 |              0 |              0 |              0 |              0 |              0 |              0 |              0 |              0 |              0 |              0 |              0 |              0 |              0 |              0 |              0 |              0 |       11401412 |              0 |              0 |              0 |
|               CAS_COUNT_RD               | MBOX6C0 |   177426682370 |              0 |              0 |              0 |              0 |              0 |              0 |              0 |              0 |              0 |              0 |              0 |              0 |              0 |              0 |              0 |              0 |              0 |              0 |              0 |              0 |              0 |              0 |              0 |              0 |              0 |              0 |              0 |              0 |              0 |              0 |              0 |              0 |              0 |              0 |              0 |       21113304 |              0 |              0 |              0 |
|               CAS_COUNT_WR               | MBOX6C1 |    89963054842 |              0 |              0 |              0 |              0 |              0 |              0 |              0 |              0 |              0 |              0 |              0 |              0 |              0 |              0 |              0 |              0 |              0 |              0 |              0 |              0 |              0 |              0 |              0 |              0 |              0 |              0 |              0 |              0 |              0 |              0 |              0 |              0 |              0 |              0 |              0 |       10877939 |              0 |              0 |              0 |
|               CAS_COUNT_RD               | MBOX7C0 |   177463927192 |              0 |              0 |              0 |              0 |              0 |              0 |              0 |              0 |              0 |              0 |              0 |              0 |              0 |              0 |              0 |              0 |              0 |              0 |              0 |              0 |              0 |              0 |              0 |              0 |              0 |              0 |              0 |              0 |              0 |              0 |              0 |              0 |              0 |              0 |              0 |       23747522 |              0 |              0 |              0 |
|               CAS_COUNT_WR               | MBOX7C1 |    89948379080 |              0 |              0 |              0 |              0 |              0 |              0 |              0 |              0 |              0 |              0 |              0 |              0 |              0 |              0 |              0 |              0 |              0 |              0 |              0 |              0 |              0 |              0 |              0 |              0 |              0 |              0 |              0 |              0 |              0 |              0 |              0 |              0 |              0 |              0 |              0 |       12800804 |              0 |              0 |              0 |
+------------------------------------------+---------+----------------+----------------+----------------+----------------+----------------+----------------+----------------+----------------+----------------+----------------+----------------+----------------+----------------+----------------+----------------+----------------+----------------+----------------+----------------+----------------+----------------+----------------+----------------+----------------+----------------+----------------+----------------+----------------+----------------+----------------+----------------+----------------+----------------+----------------+----------------+----------------+----------------+----------------+----------------+----------------+

+-----------------------------------------------+---------+-----------------+----------------+----------------+----------------+
|                     Event                     | Counter |       Sum       |       Min      |       Max      |       Avg      |
+-----------------------------------------------+---------+-----------------+----------------+----------------+----------------+
|             INSTR_RETIRED_ANY STAT            |  FIXC0  | 198537690874135 |  3415700961113 |  7275427920083 |   4.963442e+12 |
|           CPU_CLK_UNHALTED_CORE STAT          |  FIXC1  | 117620019177760 |  2937765989874 |  2942508148834 |  2940500479444 |
|           CPU_CLK_UNHALTED_REF STAT           |  FIXC2  | 117620001720768 |  2937765574560 |  2942508074016 |   2.940500e+12 |
|               TOPDOWN_SLOTS STAT              |  FIXC3  | 588100095888800 | 14688829949370 | 14712540744170 | 14702502397220 |
|              PWR_PKG_ENERGY STAT              |   PWR0  |     421827.9740 |              0 |    285857.2140 |     10545.6993 |
|              PWR_DRAM_ENERGY STAT             |   PWR3  |      37394.6669 |              0 |     26395.4413 |       934.8667 |
| FP_ARITH_INST_RETIRED_128B_PACKED_DOUBLE STAT |   PMC0  |               0 |              0 |              0 |              0 |
|    FP_ARITH_INST_RETIRED_SCALAR_DOUBLE STAT   |   PMC1  |  65009627383498 |  1625240553399 |  1625241348715 |   1.625241e+12 |
| FP_ARITH_INST_RETIRED_256B_PACKED_DOUBLE STAT |   PMC2  |               0 |              0 |              0 |              0 |
| FP_ARITH_INST_RETIRED_512B_PACKED_DOUBLE STAT |   PMC3  |   1797309969393 |    44931616872 |    44976911385 |   4.493275e+10 |
|               CAS_COUNT_RD STAT               | MBOX0C0 |    196593728886 |              0 |   175029698791 |   4.914843e+09 |
|               CAS_COUNT_WR STAT               | MBOX0C1 |    103337463245 |              0 |    89837979866 |   2.583437e+09 |
|               CAS_COUNT_RD STAT               | MBOX1C0 |    196640290344 |              0 |   175045977883 |   4.916007e+09 |
|               CAS_COUNT_WR STAT               | MBOX1C1 |    103333362276 |              0 |    89831714306 |   2.583334e+09 |
|               CAS_COUNT_RD STAT               | MBOX2C0 |    196611604687 |              0 |   175039535246 |   4.915290e+09 |
|               CAS_COUNT_WR STAT               | MBOX2C1 |    103328716606 |              0 |    89826186799 |   2.583218e+09 |
|               CAS_COUNT_RD STAT               | MBOX3C0 |    196664335434 |              0 |   175075074580 |   4.916608e+09 |
|               CAS_COUNT_WR STAT               | MBOX3C1 |    103326419677 |              0 |    89823144217 |   2.583160e+09 |
|               CAS_COUNT_RD STAT               | MBOX4C0 |    177481520487 |              0 |   177460892885 |   4.437038e+09 |
|               CAS_COUNT_WR STAT               | MBOX4C1 |     89974004899 |              0 |    89964425963 |   2.249350e+09 |
|               CAS_COUNT_RD STAT               | MBOX5C0 |    177487496543 |              0 |   177465899070 |   4.437187e+09 |
|               CAS_COUNT_WR STAT               | MBOX5C1 |     89973596871 |              0 |    89962195459 |   2.249340e+09 |
|               CAS_COUNT_RD STAT               | MBOX6C0 |    177447795674 |              0 |   177426682370 |   4.436195e+09 |
|               CAS_COUNT_WR STAT               | MBOX6C1 |     89973932781 |              0 |    89963054842 |   2.249348e+09 |
|               CAS_COUNT_RD STAT               | MBOX7C0 |    177487674714 |              0 |   177463927192 |   4.437192e+09 |
|               CAS_COUNT_WR STAT               | MBOX7C1 |     89961179884 |              0 |    89948379080 |   2.249029e+09 |
+-----------------------------------------------+---------+-----------------+----------------+----------------+----------------+

+-----------------------------------+-------------+-----------+-----------+-----------+-----------+-----------+-----------+-----------+-----------+-----------+-------------+-------------+-------------+-------------+-------------+-------------+-------------+-------------+-------------+-------------+-------------+-------------+-------------+-------------+-------------+-------------+-------------+-------------+-------------+-------------+-------------+-------------+-------------+-------------+-------------+-------------+-------------+-------------+-------------+-------------+
|               Metric              |  f0314:0:0  | f0314:1:1 | f0314:2:2 | f0314:3:3 | f0314:4:4 | f0314:5:5 | f0314:6:6 | f0314:7:7 | f0314:8:8 | f0314:9:9 | f0314:10:10 | f0314:11:11 | f0314:12:12 | f0314:13:13 | f0314:14:14 | f0314:15:15 | f0314:16:16 | f0314:17:17 | f0314:18:18 | f0314:19:19 | f0314:20:20 | f0314:21:21 | f0314:22:22 | f0314:23:23 | f0314:24:24 | f0314:25:25 | f0314:26:26 | f0314:27:27 | f0314:28:28 | f0314:29:29 | f0314:30:30 | f0314:31:31 | f0314:32:32 | f0314:33:33 | f0314:34:34 | f0314:35:35 | f0314:36:36 | f0314:37:37 | f0314:38:38 | f0314:39:39 |
+-----------------------------------+-------------+-----------+-----------+-----------+-----------+-----------+-----------+-----------+-----------+-----------+-------------+-------------+-------------+-------------+-------------+-------------+-------------+-------------+-------------+-------------+-------------+-------------+-------------+-------------+-------------+-------------+-------------+-------------+-------------+-------------+-------------+-------------+-------------+-------------+-------------+-------------+-------------+-------------+-------------+-------------+
|        Runtime (RDTSC) [s]        |   1233.7230 | 1233.3070 | 1233.5940 | 1233.3180 | 1233.4270 | 1233.5670 | 1233.3010 | 1233.3380 | 1233.4090 | 1233.3440 |   1233.5870 |   1233.3090 |   1233.3450 |   1233.3070 |   1233.3060 |   1233.3120 |   1233.3250 |   1233.4890 |   1233.6050 |   1233.4950 |   1233.5410 |   1233.3500 |   1233.6960 |   1233.3890 |   1233.3060 |   1233.3450 |   1233.2990 |   1233.7220 |   1233.7810 |   1233.7060 |   1233.2970 |   1233.2920 |   1233.4890 |   1233.6620 |   1233.3060 |   1233.6220 |   1233.5520 |   1233.3910 |   1233.6160 |   1233.3030 |
|        Runtime unhalted [s]       |   1227.8310 | 1228.0255 | 1228.0569 | 1228.1447 | 1227.9788 | 1227.9531 | 1227.7217 | 1226.9764 | 1228.1147 | 1228.0560 |   1228.1094 |   1228.0810 |   1228.0676 |   1228.2574 |   1228.2189 |   1228.3188 |   1228.2809 |   1227.9855 |   1228.2781 |   1228.1532 |   1228.0450 |   1228.2526 |   1228.1501 |   1228.0373 |   1228.0150 |   1227.9949 |   1228.2444 |   1227.8711 |   1228.5649 |   1228.1582 |   1228.0159 |   1228.1107 |   1228.0297 |   1228.1688 |   1228.4054 |   1228.0473 |   1229.1263 |   1229.0311 |   1229.2024 |   1228.9419 |
|            Clock [MHz]            |   2393.4862 | 2394.3264 | 2394.0771 | 2394.3205 | 2394.3267 | 2394.2170 | 2394.3207 | 2394.3138 | 2394.1213 | 2394.3267 |   2394.3271 |   2394.3212 |   2394.3191 |   2394.3253 |   2394.3249 |   2394.3234 |   2394.3222 |   2394.3218 |   2394.2290 |   2393.9579 |   2394.3241 |   2394.3248 |   2394.3242 |   2394.3232 |   2394.3132 |   2394.3259 |   2394.3183 |   2393.5187 |   2393.3989 |   2394.1332 |   2394.3282 |   2394.3237 |   2394.3281 |   2394.3270 |   2394.3231 |   2394.3220 |   2393.9304 |   2394.1423 |   2393.8354 |   2394.3250 |
|                CPI                |      0.6455 |    0.7734 |    0.8470 |    0.8570 |    0.8603 |    0.8585 |    0.8522 |    0.8601 |    0.8415 |    0.8522 |      0.8363 |      0.8319 |      0.7751 |      0.8165 |      0.8573 |      0.8601 |      0.8421 |      0.8602 |      0.5001 |      0.4935 |      0.5069 |      0.5040 |      0.5063 |      0.5044 |      0.5011 |      0.5024 |      0.4952 |      0.4941 |      0.5026 |      0.5062 |      0.4976 |      0.5056 |      0.5028 |      0.5031 |      0.5048 |      0.5052 |      0.4071 |      0.4057 |      0.4044 |      0.4073 |
|             Energy [J]            | 285857.2140 |         0 |         0 |         0 |         0 |         0 |         0 |         0 |         0 |         0 |           0 |           0 |           0 |           0 |           0 |           0 |           0 |           0 |           0 |           0 |           0 |           0 |           0 |           0 |           0 |           0 |           0 |           0 |           0 |           0 |           0 |           0 |           0 |           0 |           0 |           0 | 135970.7600 |           0 |           0 |           0 |
|             Power [W]             |    231.7029 |         0 |         0 |         0 |         0 |         0 |         0 |         0 |         0 |         0 |           0 |           0 |           0 |           0 |           0 |           0 |           0 |           0 |           0 |           0 |           0 |           0 |           0 |           0 |           0 |           0 |           0 |           0 |           0 |           0 |           0 |           0 |           0 |           0 |           0 |           0 |    110.2270 |           0 |           0 |           0 |
|          Energy DRAM [J]          |  26395.4413 |         0 |         0 |         0 |         0 |         0 |         0 |         0 |         0 |         0 |           0 |           0 |           0 |           0 |           0 |           0 |           0 |           0 |           0 |           0 |           0 |           0 |           0 |           0 |           0 |           0 |           0 |           0 |           0 |           0 |           0 |           0 |           0 |           0 |           0 |           0 |  10999.2256 |           0 |           0 |           0 |
|           Power DRAM [W]          |     21.3949 |         0 |         0 |         0 |         0 |         0 |         0 |         0 |         0 |         0 |           0 |           0 |           0 |           0 |           0 |           0 |           0 |           0 |           0 |           0 |           0 |           0 |           0 |           0 |           0 |           0 |           0 |           0 |           0 |           0 |           0 |           0 |           0 |           0 |           0 |           0 |      8.9167 |           0 |           0 |           0 |
|            DP [MFLOP/s]           |   1608.9970 | 1609.2455 | 1608.8711 | 1609.2311 | 1609.0889 | 1608.9063 | 1609.2532 | 1609.2050 | 1609.1124 | 1609.1971 |   1608.8802 |   1609.2428 |   1609.1959 |   1609.2454 |   1609.2467 |   1609.2389 |   1609.2219 |   1609.0080 |   1608.8567 |   1609.0001 |   1608.9401 |   1609.1893 |   1608.7380 |   1609.1384 |   1609.2467 |   1609.1958 |   1609.2558 |   1608.7040 |   1608.6271 |   1608.7249 |   1609.2584 |   1609.2649 |   1609.0079 |   1608.7822 |   1609.2467 |   1608.8344 |   1608.9257 |   1609.1357 |   1608.8422 |   1609.2505 |
|          AVX DP [MFLOP/s]         |    291.6500 |  291.4545 |  291.3867 |  291.4519 |  291.4262 |  291.3931 |  291.4560 |  291.4472 |  291.4304 |  291.4458 |    291.3884 |    291.4541 |    291.4456 |    291.4545 |    291.4548 |    291.4534 |    291.4503 |    291.4115 |    291.3841 |    291.4101 |    291.3993 |    291.4444 |    291.3626 |    291.4352 |    291.4548 |    291.4456 |    291.4564 |    291.3565 |    291.3426 |    291.3603 |    291.4569 |    291.4581 |    291.4115 |    291.3707 |    291.4548 |    291.3801 |    291.3967 |    291.4347 |    291.3815 |    291.4555 |
|          Packed [MUOPS/s]         |     36.4562 |   36.4318 |   36.4233 |   36.4315 |   36.4283 |   36.4241 |   36.4320 |   36.4309 |   36.4288 |   36.4307 |     36.4235 |     36.4318 |     36.4307 |     36.4318 |     36.4318 |     36.4317 |     36.4313 |     36.4264 |     36.4230 |     36.4263 |     36.4249 |     36.4305 |     36.4203 |     36.4294 |     36.4318 |     36.4307 |     36.4321 |     36.4196 |     36.4178 |     36.4200 |     36.4321 |     36.4323 |     36.4264 |     36.4213 |     36.4318 |     36.4225 |     36.4246 |     36.4293 |     36.4227 |     36.4319 |
|          Scalar [MUOPS/s]         |   1317.3470 | 1317.7909 | 1317.4843 | 1317.7791 | 1317.6627 | 1317.5131 | 1317.7973 | 1317.7578 | 1317.6819 | 1317.7513 |   1317.4918 |   1317.7887 |   1317.7503 |   1317.7909 |   1317.7919 |   1317.7855 |   1317.7716 |   1317.5964 |   1317.4725 |   1317.5900 |   1317.5409 |   1317.7449 |   1317.3753 |   1317.7032 |   1317.7919 |   1317.7502 |   1317.7994 |   1317.3475 |   1317.2846 |   1317.3646 |   1317.8015 |   1317.8068 |   1317.5964 |   1317.4116 |   1317.7919 |   1317.4543 |   1317.5290 |   1317.7010 |   1317.4607 |   1317.7950 |
|  Memory read bandwidth [MBytes/s] |  73144.8567 |         0 |         0 |         0 |         0 |         0 |         0 |         0 |         0 |         0 |           0 |           0 |           0 |           0 |           0 |           0 |           0 |           0 |           0 |           0 |           0 |           0 |           0 |           0 |           0 |           0 |           0 |           0 |           0 |           0 |           0 |           0 |           0 |           0 |           0 |           0 |   4483.0154 |           0 |           0 |           0 |
|  Memory read data volume [GBytes] |  90240.4920 |         0 |         0 |         0 |         0 |         0 |         0 |         0 |         0 |         0 |           0 |           0 |           0 |           0 |           0 |           0 |           0 |           0 |           0 |           0 |           0 |           0 |           0 |           0 |           0 |           0 |           0 |           0 |           0 |           0 |           0 |           0 |           0 |           0 |           0 |           0 |   5530.0326 |           0 |           0 |           0 |
| Memory write bandwidth [MBytes/s] |  37306.6346 |         0 |         0 |         0 |         0 |         0 |         0 |         0 |         0 |         0 |           0 |           0 |           0 |           0 |           0 |           0 |           0 |           0 |           0 |           0 |           0 |           0 |           0 |           0 |           0 |           0 |           0 |           0 |           0 |           0 |           0 |           0 |           0 |           0 |           0 |           0 |   2804.3424 |           0 |           0 |           0 |
| Memory write data volume [GBytes] |  46026.0532 |         0 |         0 |         0 |         0 |         0 |         0 |         0 |         0 |         0 |           0 |           0 |           0 |           0 |           0 |           0 |           0 |           0 |           0 |           0 |           0 |           0 |           0 |           0 |           0 |           0 |           0 |           0 |           0 |           0 |           0 |           0 |           0 |           0 |           0 |           0 |   3459.3021 |           0 |           0 |           0 |
|    Memory bandwidth [MBytes/s]    | 110451.4913 |         0 |         0 |         0 |         0 |         0 |         0 |         0 |         0 |         0 |           0 |           0 |           0 |           0 |           0 |           0 |           0 |           0 |           0 |           0 |           0 |           0 |           0 |           0 |           0 |           0 |           0 |           0 |           0 |           0 |           0 |           0 |           0 |           0 |           0 |           0 |   7287.3577 |           0 |           0 |           0 |
|    Memory data volume [GBytes]    | 136266.5452 |         0 |         0 |         0 |         0 |         0 |         0 |         0 |         0 |         0 |           0 |           0 |           0 |           0 |           0 |           0 |           0 |           0 |           0 |           0 |           0 |           0 |           0 |           0 |           0 |           0 |           0 |           0 |           0 |           0 |           0 |           0 |           0 |           0 |           0 |           0 |   8989.3347 |           0 |           0 |           0 |
|       Operational intensity       |      0.0146 |         0 |         0 |         0 |         0 |         0 |         0 |         0 |         0 |         0 |           0 |           0 |           0 |           0 |           0 |           0 |           0 |           0 |           0 |           0 |           0 |           0 |           0 |           0 |           0 |           0 |           0 |           0 |           0 |           0 |           0 |           0 |           0 |           0 |           0 |           0 |      0.2208 |           0 |           0 |           0 |
+-----------------------------------+-------------+-----------+-----------+-----------+-----------+-----------+-----------+-----------+-----------+-----------+-------------+-------------+-------------+-------------+-------------+-------------+-------------+-------------+-------------+-------------+-------------+-------------+-------------+-------------+-------------+-------------+-------------+-------------+-------------+-------------+-------------+-------------+-------------+-------------+-------------+-------------+-------------+-------------+-------------+-------------+

+----------------------------------------+-------------+-----------+-------------+------------+-----------+-----------+-----------+
|                 Metric                 |     Sum     |    Min    |     Max     |     Avg    |  %ile 25  |  %ile 50  |  %ile 75  |
+----------------------------------------+-------------+-----------+-------------+------------+-----------+-----------+-----------+
|        Runtime (RDTSC) [s] STAT        |  49338.0730 | 1233.2920 |   1233.7810 |  1233.4518 | 1233.3070 | 1233.3890 | 1233.5870 |
|        Runtime unhalted [s] STAT       |  49127.0226 | 1226.9764 |   1229.2024 |  1228.1756 | 1228.0159 | 1228.1094 | 1228.2526 |
|            Clock [MHz] STAT            |  95768.0980 | 2393.3989 |   2394.3282 |  2394.2024 | 2394.1423 | 2394.3218 | 2394.3249 |
|                CPI STAT                |     25.5876 |    0.4044 |      0.8603 |     0.6397 |    0.5011 |    0.5062 |    0.8421 |
|             Energy [J] STAT            | 421827.9740 |         0 | 285857.2140 | 10545.6993 |         0 |         0 |         0 |
|             Power [W] STAT             |    341.9299 |         0 |    231.7029 |     8.5482 |         0 |         0 |         0 |
|          Energy DRAM [J] STAT          |  37394.6669 |         0 |  26395.4413 |   934.8667 |         0 |         0 |         0 |
|           Power DRAM [W] STAT          |     30.3116 |         0 |     21.3949 |     0.7578 |         0 |         0 |         0 |
|            DP [MFLOP/s] STAT           |  64362.5529 | 1608.6271 |   1609.2649 |  1609.0638 | 1608.8802 | 1609.1357 | 1609.2428 |
|          AVX DP [MFLOP/s] STAT         |  11657.1068 |  291.3426 |    291.6500 |   291.4277 |  291.3884 |  291.4352 |  291.4545 |
|          Packed [MUOPS/s] STAT         |   1457.1379 |   36.4178 |     36.4562 |    36.4284 |   36.4235 |   36.4294 |   36.4318 |
|          Scalar [MUOPS/s] STAT         |  52705.4457 | 1317.2846 |   1317.8068 |  1317.6361 | 1317.4843 | 1317.7010 | 1317.7887 |
|  Memory read bandwidth [MBytes/s] STAT |  77627.8721 |         0 |  73144.8567 |  1940.6968 |         0 |         0 |         0 |
|  Memory read data volume [GBytes] STAT |  95770.5246 |         0 |  90240.4920 |  2394.2631 |         0 |         0 |         0 |
| Memory write bandwidth [MBytes/s] STAT |  40110.9770 |         0 |  37306.6346 |  1002.7744 |         0 |         0 |         0 |
| Memory write data volume [GBytes] STAT |  49485.3553 |         0 |  46026.0532 |  1237.1339 |         0 |         0 |         0 |
|    Memory bandwidth [MBytes/s] STAT    | 117738.8490 |         0 | 110451.4913 |  2943.4712 |         0 |         0 |         0 |
|    Memory data volume [GBytes] STAT    | 145255.8799 |         0 | 136266.5452 |  3631.3970 |         0 |         0 |         0 |
|       Operational intensity STAT       |      0.2354 |         0 |      0.2208 |     0.0059 |         0 |         0 |         0 |
+----------------------------------------+-------------+-----------+-------------+------------+-----------+-----------+-----------+

