WARN: Cannot extract OpenMP vendor from executable or commandline, assuming no OpenMP
 nx_glob, nz_glob:                  3000                  1250
 dx,dz:    8.00000000000000        8.00000000000000     
 dt:   2.666666666666666E-002
Group: 1
+------------------------------------------+---------+----------------+----------------+----------------+----------------+----------------+----------------+----------------+----------------+----------------+----------------+----------------+----------------+----------------+----------------+----------------+----------------+----------------+----------------+----------------+----------------+----------------+----------------+----------------+----------------+
|                   Event                  | Counter |    f0314:0:0   |    f0314:1:1   |    f0314:2:2   |    f0314:3:3   |    f0314:4:4   |    f0314:5:5   |    f0314:6:6   |    f0314:7:7   |    f0314:8:8   |    f0314:9:9   |   f0314:10:10  |   f0314:11:11  |   f0314:12:12  |   f0314:13:13  |   f0314:14:14  |   f0314:15:15  |   f0314:16:16  |   f0314:17:17  |   f0314:18:18  |   f0314:19:19  |   f0314:20:20  |   f0314:21:21  |   f0314:22:22  |   f0314:23:23  |
+------------------------------------------+---------+----------------+----------------+----------------+----------------+----------------+----------------+----------------+----------------+----------------+----------------+----------------+----------------+----------------+----------------+----------------+----------------+----------------+----------------+----------------+----------------+----------------+----------------+----------------+----------------+
|             INSTR_RETIRED_ANY            |  FIXC0  |  7436356377070 |  6736072184776 |  6029834671538 |  5810222025530 |  6638753835962 |  5607475284902 |  5567716392949 |  5610068797427 |  5561378195951 |  6094509299866 |  5585461619090 |  5616747457538 |  5945717167728 |  5558903747174 |  5824902749174 |  5602110572726 |  5632283824424 |  5565895794753 | 10779778839177 | 10802266583793 | 10934786781803 | 10711814199244 | 10859460176660 | 10933587718974 |
|           CPU_CLK_UNHALTED_CORE          |  FIXC1  |  4781876785067 |  4782659495649 |  4781208648074 |  4782401167937 |  4781970030534 |  4780133109260 |  4781885127329 |  4782453550710 |  4782692840267 |  4782500701744 |  4782448065222 |  4782261438267 |  4782403975751 |  4782143946881 |  4782975546185 |  4783024706625 |  4783945716678 |  4783302808904 |  4786370806763 |  4786405905043 |  4785839689128 |  4786302426092 |  4786567285293 |  4786351136265 |
|           CPU_CLK_UNHALTED_REF           |  FIXC2  |  4781879884608 |  4782658022400 |  4781208649248 |  4782400597152 |  4781970454080 |  4780132183296 |  4781884948128 |  4782452077248 |  4782690383328 |  4782499135584 |  4782447221952 |  4782261965952 |  4782403132896 |  4782144678144 |  4782975582336 |  4783026711936 |  4783946416416 |  4783304228256 |  4786368789984 |  4786405452768 |  4785841476576 |  4786298814048 |  4786570184544 |  4786347176160 |
|               TOPDOWN_SLOTS              |  FIXC3  | 23909383925335 | 23913297478245 | 23906043240370 | 23912005839685 | 23909850152670 | 23900665546300 | 23909425636645 | 23912267753550 | 23913464201335 | 23912503508720 | 23912240326110 | 23911307191335 | 23912019878755 | 23910719734405 | 23914877730925 | 23915123533125 | 23919728583390 | 23916514044520 | 23931854033815 | 23932029525215 | 23929198445640 | 23931512130460 | 23932836426465 | 23931755681325 |
|              PWR_PKG_ENERGY              |   PWR0  |    372149.1523 |              0 |              0 |              0 |              0 |              0 |              0 |              0 |              0 |              0 |              0 |              0 |              0 |              0 |              0 |              0 |              0 |              0 |              0 |              0 |              0 |              0 |              0 |              0 |
|              PWR_DRAM_ENERGY             |   PWR3  |     34299.4979 |              0 |              0 |              0 |              0 |              0 |              0 |              0 |              0 |              0 |              0 |              0 |              0 |              0 |              0 |              0 |              0 |              0 |              0 |              0 |              0 |              0 |              0 |              0 |
| FP_ARITH_INST_RETIRED_128B_PACKED_DOUBLE |   PMC0  |              0 |              0 |              0 |              0 |              0 |              0 |              0 |              0 |              0 |              0 |              0 |              0 |              0 |              0 |              0 |              0 |              0 |              0 |              0 |              0 |              0 |              0 |              0 |              0 |
|    FP_ARITH_INST_RETIRED_SCALAR_DOUBLE   |   PMC1  |  2701585450276 |  2701584861275 |  2701584850872 |  2701584832285 |  2701584824783 |  2701584822692 |  2701584822269 |  2701584833699 |  2701584827717 |  2701584830765 |  2701584819000 |  2701584815721 |  2701584802000 |  2701584795914 |  2701584805764 |  2701584792222 |  2701584792001 |  2701584788424 |  2701584790657 |  2701584784969 |  2701584809070 |  2701584780702 |  2701584806077 |  2701584792596 |
| FP_ARITH_INST_RETIRED_256B_PACKED_DOUBLE |   PMC2  |              0 |              0 |              0 |              0 |              0 |              0 |              0 |              0 |              0 |              0 |              0 |              0 |              0 |              0 |              0 |              0 |              0 |              0 |              0 |              0 |              0 |              0 |              0 |              0 |
| FP_ARITH_INST_RETIRED_512B_PACKED_DOUBLE |   PMC3  |    62907463263 |    62862168750 |    62862168750 |    62862168750 |    62862168750 |    62862168750 |    62862168750 |    62862168750 |    62862168750 |    62862168750 |    62862168750 |    62862168750 |    62862168750 |    62862168750 |    62862168750 |    62862168750 |    62862168750 |    62862168750 |    62862168750 |    62862168750 |    62862168750 |    62862168750 |    62862168750 |    62862168750 |
|               CAS_COUNT_RD               | MBOX0C0 |   289043379289 |              0 |              0 |              0 |              0 |              0 |              0 |              0 |              0 |              0 |              0 |              0 |              0 |              0 |              0 |              0 |              0 |              0 |              0 |              0 |              0 |              0 |              0 |              0 |
|               CAS_COUNT_WR               | MBOX0C1 |   147513328702 |              0 |              0 |              0 |              0 |              0 |              0 |              0 |              0 |              0 |              0 |              0 |              0 |              0 |              0 |              0 |              0 |              0 |              0 |              0 |              0 |              0 |              0 |              0 |
|               CAS_COUNT_RD               | MBOX1C0 |   289050512625 |              0 |              0 |              0 |              0 |              0 |              0 |              0 |              0 |              0 |              0 |              0 |              0 |              0 |              0 |              0 |              0 |              0 |              0 |              0 |              0 |              0 |              0 |              0 |
|               CAS_COUNT_WR               | MBOX1C1 |   147490163315 |              0 |              0 |              0 |              0 |              0 |              0 |              0 |              0 |              0 |              0 |              0 |              0 |              0 |              0 |              0 |              0 |              0 |              0 |              0 |              0 |              0 |              0 |              0 |
|               CAS_COUNT_RD               | MBOX2C0 |   289059609800 |              0 |              0 |              0 |              0 |              0 |              0 |              0 |              0 |              0 |              0 |              0 |              0 |              0 |              0 |              0 |              0 |              0 |              0 |              0 |              0 |              0 |              0 |              0 |
|               CAS_COUNT_WR               | MBOX2C1 |   147497960773 |              0 |              0 |              0 |              0 |              0 |              0 |              0 |              0 |              0 |              0 |              0 |              0 |              0 |              0 |              0 |              0 |              0 |              0 |              0 |              0 |              0 |              0 |              0 |
|               CAS_COUNT_RD               | MBOX3C0 |   289088317366 |              0 |              0 |              0 |              0 |              0 |              0 |              0 |              0 |              0 |              0 |              0 |              0 |              0 |              0 |              0 |              0 |              0 |              0 |              0 |              0 |              0 |              0 |              0 |
|               CAS_COUNT_WR               | MBOX3C1 |   147499943356 |              0 |              0 |              0 |              0 |              0 |              0 |              0 |              0 |              0 |              0 |              0 |              0 |              0 |              0 |              0 |              0 |              0 |              0 |              0 |              0 |              0 |              0 |              0 |
|               CAS_COUNT_RD               | MBOX4C0 |    89684495504 |              0 |              0 |              0 |              0 |              0 |              0 |              0 |              0 |              0 |              0 |              0 |              0 |              0 |              0 |              0 |              0 |              0 |              0 |              0 |              0 |              0 |              0 |              0 |
|               CAS_COUNT_WR               | MBOX4C1 |    47360353297 |              0 |              0 |              0 |              0 |              0 |              0 |              0 |              0 |              0 |              0 |              0 |              0 |              0 |              0 |              0 |              0 |              0 |              0 |              0 |              0 |              0 |              0 |              0 |
|               CAS_COUNT_RD               | MBOX5C0 |    89656349550 |              0 |              0 |              0 |              0 |              0 |              0 |              0 |              0 |              0 |              0 |              0 |              0 |              0 |              0 |              0 |              0 |              0 |              0 |              0 |              0 |              0 |              0 |              0 |
|               CAS_COUNT_WR               | MBOX5C1 |    47356746591 |              0 |              0 |              0 |              0 |              0 |              0 |              0 |              0 |              0 |              0 |              0 |              0 |              0 |              0 |              0 |              0 |              0 |              0 |              0 |              0 |              0 |              0 |              0 |
|               CAS_COUNT_RD               | MBOX6C0 |    89699004804 |              0 |              0 |              0 |              0 |              0 |              0 |              0 |              0 |              0 |              0 |              0 |              0 |              0 |              0 |              0 |              0 |              0 |              0 |              0 |              0 |              0 |              0 |              0 |
|               CAS_COUNT_WR               | MBOX6C1 |    47363054725 |              0 |              0 |              0 |              0 |              0 |              0 |              0 |              0 |              0 |              0 |              0 |              0 |              0 |              0 |              0 |              0 |              0 |              0 |              0 |              0 |              0 |              0 |              0 |
|               CAS_COUNT_RD               | MBOX7C0 |    89662144199 |              0 |              0 |              0 |              0 |              0 |              0 |              0 |              0 |              0 |              0 |              0 |              0 |              0 |              0 |              0 |              0 |              0 |              0 |              0 |              0 |              0 |              0 |              0 |
|               CAS_COUNT_WR               | MBOX7C1 |    47359062837 |              0 |              0 |              0 |              0 |              0 |              0 |              0 |              0 |              0 |              0 |              0 |              0 |              0 |              0 |              0 |              0 |              0 |              0 |              0 |              0 |              0 |              0 |              0 |
+------------------------------------------+---------+----------------+----------------+----------------+----------------+----------------+----------------+----------------+----------------+----------------+----------------+----------------+----------------+----------------+----------------+----------------+----------------+----------------+----------------+----------------+----------------+----------------+----------------+----------------+----------------+

+-----------------------------------------------+---------+-----------------+----------------+----------------+---------------+
|                     Event                     | Counter |       Sum       |       Min      |       Max      |      Avg      |
+-----------------------------------------------+---------+-----------------+----------------+----------------+---------------+
|             INSTR_RETIRED_ANY STAT            |  FIXC0  | 171446104298229 |  5558903747174 | 10934786781803 |  7.143588e+12 |
|           CPU_CLK_UNHALTED_CORE STAT          |  FIXC1  | 114800124909668 |  4780133109260 |  4786567285293 |  4.783339e+12 |
|           CPU_CLK_UNHALTED_REF STAT           |  FIXC2  | 114800118167040 |  4780132183296 |  4786570184544 | 4783338256960 |
|               TOPDOWN_SLOTS STAT              |  FIXC3  | 574000624548340 | 23900665546300 | 23932836426465 |      nil      |
|              PWR_PKG_ENERGY STAT              |   PWR0  |     372149.1523 |              0 |    372149.1523 |    15506.2147 |
|              PWR_DRAM_ENERGY STAT             |   PWR3  |      34299.4979 |              0 |     34299.4979 |     1429.1457 |
| FP_ARITH_INST_RETIRED_128B_PACKED_DOUBLE STAT |   PMC0  |               0 |              0 |              0 |             0 |
|    FP_ARITH_INST_RETIRED_SCALAR_DOUBLE STAT   |   PMC1  |  64838036131750 |  2701584780702 |  2701585450276 |  2.701585e+12 |
| FP_ARITH_INST_RETIRED_256B_PACKED_DOUBLE STAT |   PMC2  |               0 |              0 |              0 |             0 |
| FP_ARITH_INST_RETIRED_512B_PACKED_DOUBLE STAT |   PMC3  |   1508737344513 |    62862168750 |    62907463263 |  6.286406e+10 |
|               CAS_COUNT_RD STAT               | MBOX0C0 |    289043379289 |              0 |   289043379289 |  1.204347e+10 |
|               CAS_COUNT_WR STAT               | MBOX0C1 |    147513328702 |              0 |   147513328702 |  6.146389e+09 |
|               CAS_COUNT_RD STAT               | MBOX1C0 |    289050512625 |              0 |   289050512625 |  1.204377e+10 |
|               CAS_COUNT_WR STAT               | MBOX1C1 |    147490163315 |              0 |   147490163315 |  6.145423e+09 |
|               CAS_COUNT_RD STAT               | MBOX2C0 |    289059609800 |              0 |   289059609800 |  1.204415e+10 |
|               CAS_COUNT_WR STAT               | MBOX2C1 |    147497960773 |              0 |   147497960773 |  6.145748e+09 |
|               CAS_COUNT_RD STAT               | MBOX3C0 |    289088317366 |              0 |   289088317366 |  1.204535e+10 |
|               CAS_COUNT_WR STAT               | MBOX3C1 |    147499943356 |              0 |   147499943356 |  6.145831e+09 |
|               CAS_COUNT_RD STAT               | MBOX4C0 |     89684495504 |              0 |    89684495504 |  3.736854e+09 |
|               CAS_COUNT_WR STAT               | MBOX4C1 |     47360353297 |              0 |    47360353297 |  1.973348e+09 |
|               CAS_COUNT_RD STAT               | MBOX5C0 |     89656349550 |              0 |    89656349550 |  3.735681e+09 |
|               CAS_COUNT_WR STAT               | MBOX5C1 |     47356746591 |              0 |    47356746591 |  1.973198e+09 |
|               CAS_COUNT_RD STAT               | MBOX6C0 |     89699004804 |              0 |    89699004804 |  3.737459e+09 |
|               CAS_COUNT_WR STAT               | MBOX6C1 |     47363054725 |              0 |    47363054725 |  1.973461e+09 |
|               CAS_COUNT_RD STAT               | MBOX7C0 |     89662144199 |              0 |    89662144199 |  3.735923e+09 |
|               CAS_COUNT_WR STAT               | MBOX7C1 |     47359062837 |              0 |    47359062837 |  1.973294e+09 |
+-----------------------------------------------+---------+-----------------+----------------+----------------+---------------+

+-----------------------------------+-------------+-----------+-----------+-----------+-----------+-----------+-----------+-----------+-----------+-----------+-------------+-------------+-------------+-------------+-------------+-------------+-------------+-------------+-------------+-------------+-------------+-------------+-------------+-------------+
|               Metric              |  f0314:0:0  | f0314:1:1 | f0314:2:2 | f0314:3:3 | f0314:4:4 | f0314:5:5 | f0314:6:6 | f0314:7:7 | f0314:8:8 | f0314:9:9 | f0314:10:10 | f0314:11:11 | f0314:12:12 | f0314:13:13 | f0314:14:14 | f0314:15:15 | f0314:16:16 | f0314:17:17 | f0314:18:18 | f0314:19:19 | f0314:20:20 | f0314:21:21 | f0314:22:22 | f0314:23:23 |
+-----------------------------------+-------------+-----------+-----------+-----------+-----------+-----------+-----------+-----------+-----------+-----------+-------------+-------------+-------------+-------------+-------------+-------------+-------------+-------------+-------------+-------------+-------------+-------------+-------------+-------------+
|        Runtime (RDTSC) [s]        |   2004.5450 | 2004.7190 | 2004.3650 | 2004.3690 | 2004.3770 | 2004.3870 | 2004.8530 | 2004.8050 | 2004.5650 | 2004.4080 |   2004.5980 |   2004.3700 |   2004.3650 |   2004.6270 |   2004.4770 |   2004.5470 |   2004.3840 |   2004.3620 |   2004.3910 |   2004.7590 |   2004.4110 |   2004.3640 |   2004.3900 |   2004.3550 |
|        Runtime unhalted [s]       |   1997.2030 | 1997.8333 | 1996.8920 | 1997.3909 | 1997.2107 | 1996.4518 | 1997.6445 | 1997.8345 | 1997.5605 | 1997.4290 |   1997.6021 |   1997.3316 |   1997.3912 |   1997.5419 |   1997.6288 |   1997.7989 |   1998.0333 |   1997.7655 |   1999.0487 |   1999.4285 |   1998.8229 |   1999.0175 |   1999.1284 |   1999.0417 |
|            Clock [MHz]            |   2394.2853 | 2393.9240 | 2394.3251 | 2394.3243 | 2394.3240 | 2394.3148 | 2393.7619 | 2393.8194 | 2394.2681 | 2394.3291 |   2394.0948 |   2394.3250 |   2394.3255 |   2394.0140 |   2394.3264 |   2394.1462 |   2394.3270 |   2394.3258 |   2394.3253 |   2393.8872 |   2394.3281 |   2394.3292 |   2394.3257 |   2394.3248 |
|                CPI                |      0.6430 |    0.7100 |    0.7929 |    0.8231 |    0.7203 |    0.8525 |    0.8589 |    0.8525 |    0.8600 |    0.7847 |      0.8562 |      0.8514 |      0.8043 |      0.8603 |      0.8211 |      0.8538 |      0.8494 |      0.8594 |      0.4440 |      0.4431 |      0.4377 |      0.4468 |      0.4408 |      0.4378 |
|             Energy [J]            | 372149.1523 |         0 |         0 |         0 |         0 |         0 |         0 |         0 |         0 |         0 |           0 |           0 |           0 |           0 |           0 |           0 |           0 |           0 |           0 |           0 |           0 |           0 |           0 |           0 |
|             Power [W]             |    185.6527 |         0 |         0 |         0 |         0 |         0 |         0 |         0 |         0 |         0 |           0 |           0 |           0 |           0 |           0 |           0 |           0 |           0 |           0 |           0 |           0 |           0 |           0 |           0 |
|          Energy DRAM [J]          |  34299.4979 |         0 |         0 |         0 |         0 |         0 |         0 |         0 |         0 |         0 |           0 |           0 |           0 |           0 |           0 |           0 |           0 |           0 |           0 |           0 |           0 |           0 |           0 |           0 |
|           Power DRAM [W]          |     17.1109 |         0 |         0 |         0 |         0 |         0 |         0 |         0 |         0 |         0 |           0 |           0 |           0 |           0 |           0 |           0 |           0 |           0 |           0 |           0 |           0 |           0 |           0 |           0 |
|            DP [MFLOP/s]           |   1598.7893 | 1598.4695 | 1598.7518 | 1598.7486 | 1598.7422 | 1598.7343 | 1598.3627 | 1598.4009 | 1598.5923 | 1598.7175 |   1598.5660 |   1598.7478 |   1598.7518 |   1598.5428 |   1598.6625 |   1598.6066 |   1598.7366 |   1598.7542 |   1598.7311 |   1598.4376 |   1598.7151 |   1598.7526 |   1598.7319 |   1598.7598 |
|          AVX DP [MFLOP/s]         |    251.0593 |  250.8568 |  250.9011 |  250.9006 |  250.8996 |  250.8983 |  250.8400 |  250.8460 |  250.8761 |  250.8957 |    250.8719 |    250.9005 |    250.9011 |    250.8683 |    250.8871 |    250.8783 |    250.8987 |    250.9015 |    250.8978 |    250.8518 |    250.8953 |    250.9012 |    250.8980 |    250.9023 |
|          Packed [MUOPS/s]         |     31.3824 |   31.3571 |   31.3626 |   31.3626 |   31.3624 |   31.3623 |   31.3550 |   31.3558 |   31.3595 |   31.3620 |     31.3590 |     31.3626 |     31.3626 |     31.3585 |     31.3609 |     31.3598 |     31.3623 |     31.3627 |     31.3622 |     31.3565 |     31.3619 |     31.3627 |     31.3622 |     31.3628 |
|          Scalar [MUOPS/s]         |   1347.7300 | 1347.6127 | 1347.8507 | 1347.8480 | 1347.8427 | 1347.8359 | 1347.5226 | 1347.5549 | 1347.7163 | 1347.8218 |   1347.6941 |   1347.8474 |   1347.8507 |   1347.6746 |   1347.7754 |   1347.7283 |   1347.8379 |   1347.8527 |   1347.8332 |   1347.5858 |   1347.8198 |   1347.8514 |   1347.8339 |   1347.8574 |
|  Memory read bandwidth [MBytes/s] |  48368.2851 |         0 |         0 |         0 |         0 |         0 |         0 |         0 |         0 |         0 |           0 |           0 |           0 |           0 |           0 |           0 |           0 |           0 |           0 |           0 |           0 |           0 |           0 |           0 |
|  Memory read data volume [GBytes] |  96956.4040 |         0 |         0 |         0 |         0 |         0 |         0 |         0 |         0 |         0 |           0 |           0 |           0 |           0 |           0 |           0 |           0 |           0 |           0 |           0 |           0 |           0 |           0 |           0 |
| Memory write bandwidth [MBytes/s] |  24885.5472 |         0 |         0 |         0 |         0 |         0 |         0 |         0 |         0 |         0 |           0 |           0 |           0 |           0 |           0 |           0 |           0 |           0 |           0 |           0 |           0 |           0 |           0 |           0 |
| Memory write data volume [GBytes] |  49884.1993 |         0 |         0 |         0 |         0 |         0 |         0 |         0 |         0 |         0 |           0 |           0 |           0 |           0 |           0 |           0 |           0 |           0 |           0 |           0 |           0 |           0 |           0 |           0 |
|    Memory bandwidth [MBytes/s]    |  73253.8323 |         0 |         0 |         0 |         0 |         0 |         0 |         0 |         0 |         0 |           0 |           0 |           0 |           0 |           0 |           0 |           0 |           0 |           0 |           0 |           0 |           0 |           0 |           0 |
|    Memory data volume [GBytes]    | 146840.6033 |         0 |         0 |         0 |         0 |         0 |         0 |         0 |         0 |         0 |           0 |           0 |           0 |           0 |           0 |           0 |           0 |           0 |           0 |           0 |           0 |           0 |           0 |           0 |
|       Operational intensity       |      0.0218 |         0 |         0 |         0 |         0 |         0 |         0 |         0 |         0 |         0 |           0 |           0 |           0 |           0 |           0 |           0 |           0 |           0 |           0 |           0 |           0 |           0 |           0 |           0 |
+-----------------------------------+-------------+-----------+-----------+-----------+-----------+-----------+-----------+-----------+-----------+-----------+-------------+-------------+-------------+-------------+-------------+-------------+-------------+-------------+-------------+-------------+-------------+-------------+-------------+-------------+

+----------------------------------------+-------------+-----------+-------------+------------+-----------+-----------+-----------+
|                 Metric                 |     Sum     |    Min    |     Max     |     Avg    |  %ile 25  |  %ile 50  |  %ile 75  |
+----------------------------------------+-------------+-----------+-------------+------------+-----------+-----------+-----------+
|        Runtime (RDTSC) [s] STAT        |  48107.7930 | 2004.3550 |   2004.8530 |  2004.4914 | 2004.3690 | 2004.3910 | 2004.5650 |
|        Runtime unhalted [s] STAT       |  47949.0312 | 1996.4518 |   1999.4285 |  1997.8763 | 1997.3909 | 1997.6288 | 1998.0333 |
|            Clock [MHz] STAT            |  57461.0810 | 2393.7619 |   2394.3292 |  2394.2117 | 2394.0948 | 2394.3243 | 2394.3257 |
|                CPI STAT                |     17.3040 |    0.4377 |      0.8603 |     0.7210 |    0.4468 |    0.8043 |    0.8525 |
|             Energy [J] STAT            | 372149.1523 |         0 | 372149.1523 | 15506.2147 |         0 |         0 |         0 |
|             Power [W] STAT             |    185.6527 |         0 |    185.6527 |     7.7355 |         0 |         0 |         0 |
|          Energy DRAM [J] STAT          |  34299.4979 |         0 |  34299.4979 |  1429.1457 |         0 |         0 |         0 |
|           Power DRAM [W] STAT          |     17.1109 |         0 |     17.1109 |     0.7130 |         0 |         0 |         0 |
|            DP [MFLOP/s] STAT           |  38367.8055 | 1598.3627 |   1598.7893 |  1598.6586 | 1598.5660 | 1598.7311 | 1598.7486 |
|          AVX DP [MFLOP/s] STAT         |   6021.4273 |  250.8400 |    251.0593 |   250.8928 |  250.8719 |  250.8978 |  250.9006 |
|          Packed [MUOPS/s] STAT         |    752.6784 |   31.3550 |     31.3824 |    31.3616 |   31.3590 |   31.3622 |   31.3626 |
|          Scalar [MUOPS/s] STAT         |  32346.3782 | 1347.5226 |   1347.8574 |  1347.7658 | 1347.6941 | 1347.8218 | 1347.8474 |
|  Memory read bandwidth [MBytes/s] STAT |  48368.2851 |         0 |  48368.2851 |  2015.3452 |         0 |         0 |         0 |
|  Memory read data volume [GBytes] STAT |  96956.4040 |         0 |  96956.4040 |  4039.8502 |         0 |         0 |         0 |
| Memory write bandwidth [MBytes/s] STAT |  24885.5472 |         0 |  24885.5472 |  1036.8978 |         0 |         0 |         0 |
| Memory write data volume [GBytes] STAT |  49884.1993 |         0 |  49884.1993 |  2078.5083 |         0 |         0 |         0 |
|    Memory bandwidth [MBytes/s] STAT    |  73253.8323 |         0 |  73253.8323 |  3052.2430 |         0 |         0 |         0 |
|    Memory data volume [GBytes] STAT    | 146840.6033 |         0 | 146840.6033 |  6118.3585 |         0 |         0 |         0 |
|       Operational intensity STAT       |      0.0218 |         0 |      0.0218 |     0.0009 |         0 |         0 |         0 |
+----------------------------------------+-------------+-----------+-------------+------------+-----------+-----------+-----------+

