WARN: Cannot extract OpenMP vendor from executable or commandline, assuming no OpenMP
 nx_glob, nz_glob:                  3000                  1250
 dx,dz:    8.00000000000000        8.00000000000000     
 dt:   2.666666666666666E-002
Group: 1
+------------------------------------------+---------+----------------+----------------+----------------+----------------+----------------+----------------+----------------+----------------+----------------+----------------+----------------+----------------+----------------+----------------+----------------+----------------+----------------+----------------+----------------+----------------+
|                   Event                  | Counter |    f0314:0:0   |    f0314:1:1   |    f0314:2:2   |    f0314:3:3   |    f0314:4:4   |    f0314:5:5   |    f0314:6:6   |    f0314:7:7   |    f0314:8:8   |    f0314:9:9   |   f0314:10:10  |   f0314:11:11  |   f0314:12:12  |   f0314:13:13  |   f0314:14:14  |   f0314:15:15  |   f0314:16:16  |   f0314:17:17  |   f0314:18:18  |   f0314:19:19  |
+------------------------------------------+---------+----------------+----------------+----------------+----------------+----------------+----------------+----------------+----------------+----------------+----------------+----------------+----------------+----------------+----------------+----------------+----------------+----------------+----------------+----------------+----------------+
|             INSTR_RETIRED_ANY            |  FIXC0  |  6870420621918 |  6788485050408 |  6789571726600 |  7396555641906 |  6671606903561 |  6837282252786 |  6651110818505 |  6624266293475 |  6747302609513 |  6851770804611 |  7394818626530 |  9023366736024 |  8740789209608 |  7456194868242 |  6746028794753 |  6659008410061 |  6748486619671 |  6814216953788 | 13277925085672 | 12854101019053 |
|           CPU_CLK_UNHALTED_CORE          |  FIXC1  |  5643052403354 |  5644211659992 |  5643175558550 |  5643490878214 |  5643761217794 |  5643770657084 |  5642413284289 |  5643532390106 |  5644160869346 |  5644207350244 |  5644139882742 |  5643722574611 |  5644057453867 |  5644094067872 |  5644579161858 |  5645703572986 |  5645902701181 |  5645314041210 |  5649585060174 |  5649232563277 |
|           CPU_CLK_UNHALTED_REF           |  FIXC2  |  5643051781344 |  5644208730528 |  5643175984032 |  5643487158144 |  5643759437952 |  5643767870784 |  5642411241216 |  5643529769760 |  5644156985952 |  5644205664480 |  5644137787872 |  5643722769696 |  5644053531168 |  5644097080032 |  5644579435776 |  5645703944640 |  5645903745600 |  5645315715552 |  5649587490720 |  5649230964000 |
|               TOPDOWN_SLOTS              |  FIXC3  | 28215262016770 | 28221058299960 | 28215877792750 | 28217454391070 | 28218806088970 | 28218853285420 | 28212066421445 | 28217661950530 | 28220804346730 | 28221036751220 | 28220699413710 | 28218612873055 | 28220287269335 | 28220470339360 | 28222895809290 | 28228517864930 | 28229513505905 | 28226570206050 | 28247925300870 | 28246162816385 |
|              PWR_PKG_ENERGY              |   PWR0  |    406836.2573 |              0 |              0 |              0 |              0 |              0 |              0 |              0 |              0 |              0 |              0 |              0 |              0 |              0 |              0 |              0 |              0 |              0 |              0 |              0 |
|              PWR_DRAM_ENERGY             |   PWR3  |     35911.7857 |              0 |              0 |              0 |              0 |              0 |              0 |              0 |              0 |              0 |              0 |              0 |              0 |              0 |              0 |              0 |              0 |              0 |              0 |              0 |
| FP_ARITH_INST_RETIRED_128B_PACKED_DOUBLE |   PMC0  |              0 |              0 |              0 |              0 |              0 |              0 |              0 |              0 |              0 |              0 |              0 |              0 |              0 |              0 |              0 |              0 |              0 |              0 |              0 |              0 |
|    FP_ARITH_INST_RETIRED_SCALAR_DOUBLE   |   PMC1  |  3239757526045 |  3239756915014 |  3239756910030 |  3239756916385 |  3239756906661 |  3239756906563 |  3239756906284 |  3239756905243 |  3239756893153 |  3239756896133 |  3239756897828 |  3239756920986 |  3239756886286 |  3239756910736 |  3239756889830 |  3239756882614 |  3239756907234 |  3239756887681 |  3239756889178 |  3239756883966 |
| FP_ARITH_INST_RETIRED_256B_PACKED_DOUBLE |   PMC2  |              0 |              0 |              0 |              0 |              0 |              0 |              0 |              0 |              0 |              0 |              0 |              0 |              0 |              0 |              0 |              0 |              0 |              0 |              0 |              0 |
| FP_ARITH_INST_RETIRED_512B_PACKED_DOUBLE |   PMC3  |    69489005763 |    69443711250 |    69443711250 |    69443711250 |    69443711250 |    69443711250 |    69443711250 |    69443711250 |    69443711250 |    69443711250 |    69443711250 |    69443711250 |    69443711250 |    69443711250 |    69443711250 |    69443711250 |    69443711250 |    69443711250 |    69443711250 |    69443711250 |
|               CAS_COUNT_RD               | MBOX0C0 |   338206471711 |              0 |              0 |              0 |              0 |              0 |              0 |              0 |              0 |              0 |              0 |              0 |              0 |              0 |              0 |              0 |              0 |              0 |              0 |              0 |
|               CAS_COUNT_WR               | MBOX0C1 |   175896335023 |              0 |              0 |              0 |              0 |              0 |              0 |              0 |              0 |              0 |              0 |              0 |              0 |              0 |              0 |              0 |              0 |              0 |              0 |              0 |
|               CAS_COUNT_RD               | MBOX1C0 |   338267438523 |              0 |              0 |              0 |              0 |              0 |              0 |              0 |              0 |              0 |              0 |              0 |              0 |              0 |              0 |              0 |              0 |              0 |              0 |              0 |
|               CAS_COUNT_WR               | MBOX1C1 |   175890525995 |              0 |              0 |              0 |              0 |              0 |              0 |              0 |              0 |              0 |              0 |              0 |              0 |              0 |              0 |              0 |              0 |              0 |              0 |              0 |
|               CAS_COUNT_RD               | MBOX2C0 |   338252394987 |              0 |              0 |              0 |              0 |              0 |              0 |              0 |              0 |              0 |              0 |              0 |              0 |              0 |              0 |              0 |              0 |              0 |              0 |              0 |
|               CAS_COUNT_WR               | MBOX2C1 |   175891072225 |              0 |              0 |              0 |              0 |              0 |              0 |              0 |              0 |              0 |              0 |              0 |              0 |              0 |              0 |              0 |              0 |              0 |              0 |              0 |
|               CAS_COUNT_RD               | MBOX3C0 |   338276233072 |              0 |              0 |              0 |              0 |              0 |              0 |              0 |              0 |              0 |              0 |              0 |              0 |              0 |              0 |              0 |              0 |              0 |              0 |              0 |
|               CAS_COUNT_WR               | MBOX3C1 |   175886864786 |              0 |              0 |              0 |              0 |              0 |              0 |              0 |              0 |              0 |              0 |              0 |              0 |              0 |              0 |              0 |              0 |              0 |              0 |              0 |
|               CAS_COUNT_RD               | MBOX4C0 |    21872759612 |              0 |              0 |              0 |              0 |              0 |              0 |              0 |              0 |              0 |              0 |              0 |              0 |              0 |              0 |              0 |              0 |              0 |              0 |              0 |
|               CAS_COUNT_WR               | MBOX4C1 |    12844002742 |              0 |              0 |              0 |              0 |              0 |              0 |              0 |              0 |              0 |              0 |              0 |              0 |              0 |              0 |              0 |              0 |              0 |              0 |              0 |
|               CAS_COUNT_RD               | MBOX5C0 |    21867136376 |              0 |              0 |              0 |              0 |              0 |              0 |              0 |              0 |              0 |              0 |              0 |              0 |              0 |              0 |              0 |              0 |              0 |              0 |              0 |
|               CAS_COUNT_WR               | MBOX5C1 |    12834839496 |              0 |              0 |              0 |              0 |              0 |              0 |              0 |              0 |              0 |              0 |              0 |              0 |              0 |              0 |              0 |              0 |              0 |              0 |              0 |
|               CAS_COUNT_RD               | MBOX6C0 |    21881661415 |              0 |              0 |              0 |              0 |              0 |              0 |              0 |              0 |              0 |              0 |              0 |              0 |              0 |              0 |              0 |              0 |              0 |              0 |              0 |
|               CAS_COUNT_WR               | MBOX6C1 |    12848575501 |              0 |              0 |              0 |              0 |              0 |              0 |              0 |              0 |              0 |              0 |              0 |              0 |              0 |              0 |              0 |              0 |              0 |              0 |              0 |
|               CAS_COUNT_RD               | MBOX7C0 |    21868074160 |              0 |              0 |              0 |              0 |              0 |              0 |              0 |              0 |              0 |              0 |              0 |              0 |              0 |              0 |              0 |              0 |              0 |              0 |              0 |
|               CAS_COUNT_WR               | MBOX7C1 |    12836913733 |              0 |              0 |              0 |              0 |              0 |              0 |              0 |              0 |              0 |              0 |              0 |              0 |              0 |              0 |              0 |              0 |              0 |              0 |              0 |
+------------------------------------------+---------+----------------+----------------+----------------+----------------+----------------+----------------+----------------+----------------+----------------+----------------+----------------+----------------+----------------+----------------+----------------+----------------+----------------+----------------+----------------+----------------+

+-----------------------------------------------+---------+-----------------+----------------+----------------+--------------+
|                     Event                     | Counter |       Sum       |       Min      |       Max      |      Avg     |
+-----------------------------------------------+---------+-----------------+----------------+----------------+--------------+
|             INSTR_RETIRED_ANY STAT            |  FIXC0  | 153943309046685 |  6624266293475 | 13277925085672 | 7.697165e+12 |
|           CPU_CLK_UNHALTED_CORE STAT          |  FIXC1  | 112892107348751 |  5642413284289 |  5649585060174 | 5.644605e+12 |
|           CPU_CLK_UNHALTED_REF STAT           |  FIXC2  | 112892087089248 |  5642411241216 |  5649587490720 | 5.644604e+12 |
|               TOPDOWN_SLOTS STAT              |  FIXC3  | 564460536743755 | 28212066421445 | 28247925300870 |      nil     |
|              PWR_PKG_ENERGY STAT              |   PWR0  |     406836.2573 |              0 |    406836.2573 |   20341.8129 |
|              PWR_DRAM_ENERGY STAT             |   PWR3  |      35911.7857 |              0 |     35911.7857 |    1795.5893 |
| FP_ARITH_INST_RETIRED_128B_PACKED_DOUBLE STAT |   PMC0  |               0 |              0 |              0 |            0 |
|    FP_ARITH_INST_RETIRED_SCALAR_DOUBLE STAT   |   PMC1  |  64795138637850 |  3239756882614 |  3239757526045 | 3.239757e+12 |
| FP_ARITH_INST_RETIRED_256B_PACKED_DOUBLE STAT |   PMC2  |               0 |              0 |              0 |            0 |
| FP_ARITH_INST_RETIRED_512B_PACKED_DOUBLE STAT |   PMC3  |   1388919519513 |    69443711250 |    69489005763 | 6.944598e+10 |
|               CAS_COUNT_RD STAT               | MBOX0C0 |    338206471711 |              0 |   338206471711 | 1.691032e+10 |
|               CAS_COUNT_WR STAT               | MBOX0C1 |    175896335023 |              0 |   175896335023 | 8.794817e+09 |
|               CAS_COUNT_RD STAT               | MBOX1C0 |    338267438523 |              0 |   338267438523 | 1.691337e+10 |
|               CAS_COUNT_WR STAT               | MBOX1C1 |    175890525995 |              0 |   175890525995 | 8.794526e+09 |
|               CAS_COUNT_RD STAT               | MBOX2C0 |    338252394987 |              0 |   338252394987 | 1.691262e+10 |
|               CAS_COUNT_WR STAT               | MBOX2C1 |    175891072225 |              0 |   175891072225 | 8.794554e+09 |
|               CAS_COUNT_RD STAT               | MBOX3C0 |    338276233072 |              0 |   338276233072 | 1.691381e+10 |
|               CAS_COUNT_WR STAT               | MBOX3C1 |    175886864786 |              0 |   175886864786 | 8.794343e+09 |
|               CAS_COUNT_RD STAT               | MBOX4C0 |     21872759612 |              0 |    21872759612 | 1.093638e+09 |
|               CAS_COUNT_WR STAT               | MBOX4C1 |     12844002742 |              0 |    12844002742 | 6.422001e+08 |
|               CAS_COUNT_RD STAT               | MBOX5C0 |     21867136376 |              0 |    21867136376 | 1.093357e+09 |
|               CAS_COUNT_WR STAT               | MBOX5C1 |     12834839496 |              0 |    12834839496 | 6.417420e+08 |
|               CAS_COUNT_RD STAT               | MBOX6C0 |     21881661415 |              0 |    21881661415 | 1.094083e+09 |
|               CAS_COUNT_WR STAT               | MBOX6C1 |     12848575501 |              0 |    12848575501 | 6.424288e+08 |
|               CAS_COUNT_RD STAT               | MBOX7C0 |     21868074160 |              0 |    21868074160 |   1093403708 |
|               CAS_COUNT_WR STAT               | MBOX7C1 |     12836913733 |              0 |    12836913733 | 6.418457e+08 |
+-----------------------------------------------+---------+-----------------+----------------+----------------+--------------+

+-----------------------------------+-------------+-----------+-----------+-----------+-----------+-----------+-----------+-----------+-----------+-----------+-------------+-------------+-------------+-------------+-------------+-------------+-------------+-------------+-------------+-------------+
|               Metric              |  f0314:0:0  | f0314:1:1 | f0314:2:2 | f0314:3:3 | f0314:4:4 | f0314:5:5 | f0314:6:6 | f0314:7:7 | f0314:8:8 | f0314:9:9 | f0314:10:10 | f0314:11:11 | f0314:12:12 | f0314:13:13 | f0314:14:14 | f0314:15:15 | f0314:16:16 | f0314:17:17 | f0314:18:18 | f0314:19:19 |
+-----------------------------------+-------------+-----------+-----------+-----------+-----------+-----------+-----------+-----------+-----------+-----------+-------------+-------------+-------------+-------------+-------------+-------------+-------------+-------------+-------------+-------------+
|        Runtime (RDTSC) [s]        |   2410.3040 | 2365.4650 | 2410.4410 | 2410.3370 | 2410.4980 | 2410.3280 | 2410.3300 | 2410.4430 | 2380.4510 | 2395.5320 |   2410.3300 |   2410.3160 |   2410.3220 |   2410.3420 |   2410.3280 |   2410.5990 |   2410.3160 |   2410.3170 |   2410.4200 |   2395.5280 |
|        Runtime unhalted [s]       |   2356.8423 | 2357.3675 | 2356.9861 | 2357.0255 | 2357.3148 | 2357.1442 | 2356.5905 | 2357.1454 | 2357.3193 | 2357.3267 |   2357.2936 |   2357.1209 |   2357.2607 |   2357.2778 |   2357.4822 |   2358.2013 |   2358.0321 |   2357.7882 |   2359.6540 |   2359.4310 |
|            Clock [MHz]            |   2394.3278 | 2394.2871 | 2394.2335 | 2394.3290 | 2394.1490 | 2394.3268 | 2394.3130 | 2394.2244 | 2394.3150 | 2394.3261 |   2394.3313 |   2394.3288 |   2394.3306 |   2394.3258 |   2394.3251 |   2394.0718 |   2394.3278 |   2394.3255 |   2394.2420 |   2394.3205 |
|                CPI                |      0.8214 |    0.8314 |    0.8312 |    0.7630 |    0.8459 |    0.8254 |    0.8483 |    0.8519 |    0.8365 |    0.8238 |      0.7633 |      0.6255 |      0.6457 |      0.7570 |      0.8367 |      0.8478 |      0.8366 |      0.8285 |      0.4255 |      0.4395 |
|             Energy [J]            | 406836.2573 |         0 |         0 |         0 |         0 |         0 |         0 |         0 |         0 |         0 |           0 |           0 |           0 |           0 |           0 |           0 |           0 |           0 |           0 |           0 |
|             Power [W]             |    168.7904 |         0 |         0 |         0 |         0 |         0 |         0 |         0 |         0 |         0 |           0 |           0 |           0 |           0 |           0 |           0 |           0 |           0 |           0 |           0 |
|          Energy DRAM [J]          |  35911.7857 |         0 |         0 |         0 |         0 |         0 |         0 |         0 |         0 |         0 |           0 |           0 |           0 |           0 |           0 |           0 |           0 |           0 |           0 |           0 |
|           Power DRAM [W]          |     14.8993 |         0 |         0 |         0 |         0 |         0 |         0 |         0 |         0 |         0 |           0 |           0 |           0 |           0 |           0 |           0 |           0 |           0 |           0 |           0 |
|            DP [MFLOP/s]           |   1574.7680 | 1604.4653 | 1574.5279 | 1574.5958 | 1574.4907 | 1574.6017 | 1574.6004 | 1574.5266 | 1594.3645 | 1584.3272 |   1574.6004 |   1574.6096 |   1574.6056 |   1574.5926 |   1574.6017 |   1574.4247 |   1574.6096 |   1574.6089 |   1574.5416 |   1584.3299 |
|          AVX DP [MFLOP/s]         |    230.6398 |  234.8586 |  230.4764 |  230.4863 |  230.4709 |  230.4872 |  230.4870 |  230.4762 |  233.3800 |  231.9108 |    230.4870 |    230.4883 |    230.4877 |    230.4858 |    230.4872 |    230.4613 |    230.4883 |    230.4882 |    230.4784 |    231.9112 |
|          Packed [MUOPS/s]         |     28.8300 |   29.3573 |   28.8095 |   28.8108 |   28.8089 |   28.8109 |   28.8109 |   28.8095 |   29.1725 |   28.9888 |     28.8109 |     28.8110 |     28.8110 |     28.8107 |     28.8109 |     28.8077 |     28.8110 |     28.8110 |     28.8098 |     28.9889 |
|          Scalar [MUOPS/s]         |   1344.1282 | 1369.6068 | 1344.0515 | 1344.1095 | 1344.0197 | 1344.1145 | 1344.1134 | 1344.0504 | 1360.9845 | 1352.4165 |   1344.1134 |   1344.1212 |   1344.1179 |   1344.1067 |   1344.1145 |   1343.9634 |   1344.1212 |   1344.1207 |   1344.0632 |   1352.4187 |
|  Memory read bandwidth [MBytes/s] |  38248.9092 |         0 |         0 |         0 |         0 |         0 |         0 |         0 |         0 |         0 |           0 |           0 |           0 |           0 |           0 |           0 |           0 |           0 |           0 |           0 |
|  Memory read data volume [GBytes] |  92191.4989 |         0 |         0 |         0 |         0 |         0 |         0 |         0 |         0 |         0 |           0 |           0 |           0 |           0 |           0 |           0 |           0 |           0 |           0 |           0 |
| Memory write bandwidth [MBytes/s] |  20045.3819 |         0 |         0 |         0 |         0 |         0 |         0 |         0 |         0 |         0 |           0 |           0 |           0 |           0 |           0 |           0 |           0 |           0 |           0 |           0 |
| Memory write data volume [GBytes] |  48315.4643 |         0 |         0 |         0 |         0 |         0 |         0 |         0 |         0 |         0 |           0 |           0 |           0 |           0 |           0 |           0 |           0 |           0 |           0 |           0 |
|    Memory bandwidth [MBytes/s]    |  58294.2912 |         0 |         0 |         0 |         0 |         0 |         0 |         0 |         0 |         0 |           0 |           0 |           0 |           0 |           0 |           0 |           0 |           0 |           0 |           0 |
|    Memory data volume [GBytes]    | 140506.9632 |         0 |         0 |         0 |         0 |         0 |         0 |         0 |         0 |         0 |           0 |           0 |           0 |           0 |           0 |           0 |           0 |           0 |           0 |           0 |
|       Operational intensity       |      0.0270 |         0 |         0 |         0 |         0 |         0 |         0 |         0 |         0 |         0 |           0 |           0 |           0 |           0 |           0 |           0 |           0 |           0 |           0 |           0 |
+-----------------------------------+-------------+-----------+-----------+-----------+-----------+-----------+-----------+-----------+-----------+-----------+-------------+-------------+-------------+-------------+-------------+-------------+-------------+-------------+-------------+-------------+

+----------------------------------------+-------------+-----------+-------------+------------+-----------+-----------+-----------+
|                 Metric                 |     Sum     |    Min    |     Max     |     Avg    |  %ile 25  |  %ile 50  |  %ile 75  |
+----------------------------------------+-------------+-----------+-------------+------------+-----------+-----------+-----------+
|        Runtime (RDTSC) [s] STAT        |  48102.9470 | 2365.4650 |   2410.5990 |  2405.1474 | 2410.3040 | 2410.3280 | 2410.3420 |
|        Runtime unhalted [s] STAT       |  47150.6041 | 2356.5905 |   2359.6540 |  2357.5302 | 2357.1209 | 2357.2936 | 2357.4822 |
|            Clock [MHz] STAT            |  47885.7609 | 2394.0718 |   2394.3313 |  2394.2880 | 2394.2420 | 2394.3251 | 2394.3278 |
|                CPI STAT                |     15.2849 |    0.4255 |      0.8519 |     0.7642 |    0.7570 |    0.8254 |    0.8366 |
|             Energy [J] STAT            | 406836.2573 |         0 | 406836.2573 | 20341.8129 |         0 |         0 |         0 |
|             Power [W] STAT             |    168.7904 |         0 |    168.7904 |     8.4395 |         0 |         0 |         0 |
|          Energy DRAM [J] STAT          |  35911.7857 |         0 |  35911.7857 |  1795.5893 |         0 |         0 |         0 |
|           Power DRAM [W] STAT          |     14.8993 |         0 |     14.8993 |     0.7450 |         0 |         0 |         0 |
|            DP [MFLOP/s] STAT           |  31560.7927 | 1574.4247 |   1604.4653 |  1578.0396 | 1574.5416 | 1574.6017 | 1574.6096 |
|          AVX DP [MFLOP/s] STAT         |   4619.9366 |  230.4613 |    234.8586 |   230.9968 |  230.4784 |  230.4872 |  230.4883 |
|          Packed [MUOPS/s] STAT         |    577.4920 |   28.8077 |     29.3573 |    28.8746 |   28.8098 |   28.8109 |   28.8110 |
|          Scalar [MUOPS/s] STAT         |  26940.8559 | 1343.9634 |   1369.6068 |  1347.0428 | 1344.0632 | 1344.1145 | 1344.1212 |
|  Memory read bandwidth [MBytes/s] STAT |  38248.9092 |         0 |  38248.9092 |  1912.4455 |         0 |         0 |         0 |
|  Memory read data volume [GBytes] STAT |  92191.4989 |         0 |  92191.4989 |  4609.5749 |         0 |         0 |         0 |
| Memory write bandwidth [MBytes/s] STAT |  20045.3819 |         0 |  20045.3819 |  1002.2691 |         0 |         0 |         0 |
| Memory write data volume [GBytes] STAT |  48315.4643 |         0 |  48315.4643 |  2415.7732 |         0 |         0 |         0 |
|    Memory bandwidth [MBytes/s] STAT    |  58294.2912 |         0 |  58294.2912 |  2914.7146 |         0 |         0 |         0 |
|    Memory data volume [GBytes] STAT    | 140506.9632 |         0 | 140506.9632 |  7025.3482 |         0 |         0 |         0 |
|       Operational intensity STAT       |      0.0270 |         0 |      0.0270 |     0.0014 |         0 |         0 |         0 |
+----------------------------------------+-------------+-----------+-------------+------------+-----------+-----------+-----------+

