WARN: Cannot extract OpenMP vendor from executable or commandline, assuming no OpenMP
 nx_glob, nz_glob:                  3000                  1250
 dx,dz:    8.00000000000000        8.00000000000000     
 dt:   2.666666666666666E-002
Group: 1
+------------------------------------------+---------+----------------+----------------+----------------+----------------+----------------+----------------+----------------+----------------+----------------+----------------+----------------+----------------+----------------+----------------+----------------+----------------+----------------+----------------+----------------+----------------+----------------+----------------+----------------+----------------+----------------+----------------+----------------+----------------+----------------+----------------+----------------+----------------+
|                   Event                  | Counter |    f0314:0:0   |    f0314:1:1   |    f0314:2:2   |    f0314:3:3   |    f0314:4:4   |    f0314:5:5   |    f0314:6:6   |    f0314:7:7   |    f0314:8:8   |    f0314:9:9   |   f0314:10:10  |   f0314:11:11  |   f0314:12:12  |   f0314:13:13  |   f0314:14:14  |   f0314:15:15  |   f0314:16:16  |   f0314:17:17  |   f0314:18:18  |   f0314:19:19  |   f0314:20:20  |   f0314:21:21  |   f0314:22:22  |   f0314:23:23  |   f0314:24:24  |   f0314:25:25  |   f0314:26:26  |   f0314:27:27  |   f0314:28:28  |   f0314:29:29  |   f0314:30:30  |   f0314:31:31  |
+------------------------------------------+---------+----------------+----------------+----------------+----------------+----------------+----------------+----------------+----------------+----------------+----------------+----------------+----------------+----------------+----------------+----------------+----------------+----------------+----------------+----------------+----------------+----------------+----------------+----------------+----------------+----------------+----------------+----------------+----------------+----------------+----------------+----------------+----------------+
|             INSTR_RETIRED_ANY            |  FIXC0  |  4355763549177 |  4326643392043 |  4270701462083 |  4246595825083 |  4226876132981 |  4260802834081 |  4478013460721 |  4255018004725 |  4231809805988 |  4275600137862 |  4783781434481 |  4358008042152 |  4620298941347 |  4471261517600 |  4736369755197 |  4590888099221 |  4932801164228 |  4892630015657 |  7858291071379 |  7775178708749 |  7852214092984 |  7720110410338 |  7854290866527 |  7858173462572 |  7733481149131 |  7737442067581 |  7824375449821 |  7794299631854 |  7736128316612 |  7904496569210 |  8000570111240 |  7702243426819 |
|           CPU_CLK_UNHALTED_CORE          |  FIXC1  |  3623446423429 |  3623713121548 |  3623889127572 |  3625232299793 |  3624547758448 |  3624242591576 |  3624155719472 |  3624401574589 |  3625348511640 |  3624805436948 |  3624936214719 |  3624971479066 |  3625315996553 |  3624187890834 |  3626147016155 |  3625949755859 |  3626993914447 |  3626424865489 |  3627611582664 |  3627011942615 |  3627636254679 |  3627781775306 |  3628033442125 |  3627574150802 |  3627451236332 |  3627162058594 |  3627273133570 |  3626360534032 |  3627812364959 |  3627220747105 |  3627763159690 |  3627807912639 |
|           CPU_CLK_UNHALTED_REF           |  FIXC2  |  3623450641056 |  3623714231616 |  3623889554880 |  3625233284160 |  3624548558112 |  3624242391168 |  3624156885024 |  3624401424960 |  3625347777024 |  3624805764960 |  3624935706912 |  3624973068288 |  3625316720736 |  3624188366016 |  3626147475264 |  3625951102560 |  3626995362432 |  3626425711584 |  3627611839296 |  3627007625856 |  3627638087328 |  3627779266080 |  3628031924256 |  3627574420416 |  3627451027584 |  3627161456448 |  3627271001376 |  3626358867744 |  3627808352928 |  3627219121152 |  3627759582240 |  3627807155040 |
|               TOPDOWN_SLOTS              |  FIXC3  | 18117232117145 | 18118565607740 | 18119445637860 | 18126161498965 | 18122738792240 | 18121212957880 | 18120778597360 | 18122007872945 | 18126742558200 | 18124027184740 | 18124681073595 | 18124857395330 | 18126579982765 | 18120939454170 | 18130735080775 | 18129748779295 | 18134969572235 | 18132124327445 | 18138057913320 | 18135059713075 | 18138181273395 | 18138908876530 | 18140167210625 | 18137870754010 | 18137256181660 | 18135810292970 | 18136365667850 | 18131802670160 | 18139061824795 | 18136103735525 | 18138815798450 | 18139039563195 |
|              PWR_PKG_ENERGY              |   PWR0  |    332094.7953 |              0 |              0 |              0 |              0 |              0 |              0 |              0 |              0 |              0 |              0 |              0 |              0 |              0 |              0 |              0 |              0 |              0 |              0 |              0 |              0 |              0 |              0 |              0 |              0 |              0 |              0 |              0 |              0 |              0 |              0 |              0 |
|              PWR_DRAM_ENERGY             |   PWR3  |     30689.2460 |              0 |              0 |              0 |              0 |              0 |              0 |              0 |              0 |              0 |              0 |              0 |              0 |              0 |              0 |              0 |              0 |              0 |              0 |              0 |              0 |              0 |              0 |              0 |              0 |              0 |              0 |              0 |              0 |              0 |              0 |              0 |
| FP_ARITH_INST_RETIRED_128B_PACKED_DOUBLE |   PMC0  |              0 |              0 |              0 |              0 |              0 |              0 |              0 |              0 |              0 |              0 |              0 |              0 |              0 |              0 |              0 |              0 |              0 |              0 |              0 |              0 |              0 |              0 |              0 |              0 |              0 |              0 |              0 |              0 |              0 |              0 |              0 |              0 |
|    FP_ARITH_INST_RETIRED_SCALAR_DOUBLE   |   PMC1  |  2034252076363 |  2034251453090 |  2012724594941 |  2034251433849 |  2034251454150 |  2034251455398 |  2012724566275 |  2034251431536 |  2034251440247 |  2034251443742 |  2012724520792 |  2034251434689 |  2034251423257 |  2034251418436 |  2012724531940 |  2034251410546 |  2034251407129 |  2034251410968 |  2012724517875 |  2034251392095 |  2034251395075 |  2034251385930 |  2012724503261 |  2034251389903 |  2034251388170 |  2034251351956 |  2012724479909 |  2034251355401 |  2034251368585 |  2034251364943 |  2012724483608 |  2034251360141 |
| FP_ARITH_INST_RETIRED_256B_PACKED_DOUBLE |   PMC2  |              0 |              0 |              0 |              0 |              0 |              0 |              0 |              0 |              0 |              0 |              0 |              0 |              0 |              0 |              0 |              0 |              0 |              0 |              0 |              0 |              0 |              0 |              0 |              0 |              0 |              0 |              0 |              0 |              0 |              0 |              0 |              0 |
| FP_ARITH_INST_RETIRED_512B_PACKED_DOUBLE |   PMC3  |    50756923263 |    50711628750 |    51386658750 |    50711628750 |    50711628750 |    50711628750 |    51386658750 |    50711628750 |    50711628750 |    50711628750 |    51386658750 |    50711628750 |    50711628750 |    50711628750 |    51386658750 |    50711628750 |    50711628750 |    50711628750 |    51386658750 |    50711628750 |    50711628750 |    50711628750 |    51386658750 |    50711628750 |    50711628750 |    50711628750 |    51386658750 |    50711628750 |    50711628750 |    50711628750 |    51386658750 |    50711628750 |
|               CAS_COUNT_RD               | MBOX0C0 |   218402611709 |              0 |              0 |              0 |              0 |              0 |              0 |              0 |              0 |              0 |              0 |              0 |              0 |              0 |              0 |              0 |              0 |              0 |              0 |              0 |              0 |              0 |              0 |              0 |              0 |              0 |              0 |              0 |              0 |              0 |              0 |              0 |
|               CAS_COUNT_WR               | MBOX0C1 |   111470361493 |              0 |              0 |              0 |              0 |              0 |              0 |              0 |              0 |              0 |              0 |              0 |              0 |              0 |              0 |              0 |              0 |              0 |              0 |              0 |              0 |              0 |              0 |              0 |              0 |              0 |              0 |              0 |              0 |              0 |              0 |              0 |
|               CAS_COUNT_RD               | MBOX1C0 |   218386365737 |              0 |              0 |              0 |              0 |              0 |              0 |              0 |              0 |              0 |              0 |              0 |              0 |              0 |              0 |              0 |              0 |              0 |              0 |              0 |              0 |              0 |              0 |              0 |              0 |              0 |              0 |              0 |              0 |              0 |              0 |              0 |
|               CAS_COUNT_WR               | MBOX1C1 |   111462773061 |              0 |              0 |              0 |              0 |              0 |              0 |              0 |              0 |              0 |              0 |              0 |              0 |              0 |              0 |              0 |              0 |              0 |              0 |              0 |              0 |              0 |              0 |              0 |              0 |              0 |              0 |              0 |              0 |              0 |              0 |              0 |
|               CAS_COUNT_RD               | MBOX2C0 |   218431142402 |              0 |              0 |              0 |              0 |              0 |              0 |              0 |              0 |              0 |              0 |              0 |              0 |              0 |              0 |              0 |              0 |              0 |              0 |              0 |              0 |              0 |              0 |              0 |              0 |              0 |              0 |              0 |              0 |              0 |              0 |              0 |
|               CAS_COUNT_WR               | MBOX2C1 |   111457154851 |              0 |              0 |              0 |              0 |              0 |              0 |              0 |              0 |              0 |              0 |              0 |              0 |              0 |              0 |              0 |              0 |              0 |              0 |              0 |              0 |              0 |              0 |              0 |              0 |              0 |              0 |              0 |              0 |              0 |              0 |              0 |
|               CAS_COUNT_RD               | MBOX3C0 |   218415929647 |              0 |              0 |              0 |              0 |              0 |              0 |              0 |              0 |              0 |              0 |              0 |              0 |              0 |              0 |              0 |              0 |              0 |              0 |              0 |              0 |              0 |              0 |              0 |              0 |              0 |              0 |              0 |              0 |              0 |              0 |              0 |
|               CAS_COUNT_WR               | MBOX3C1 |   111464047676 |              0 |              0 |              0 |              0 |              0 |              0 |              0 |              0 |              0 |              0 |              0 |              0 |              0 |              0 |              0 |              0 |              0 |              0 |              0 |              0 |              0 |              0 |              0 |              0 |              0 |              0 |              0 |              0 |              0 |              0 |              0 |
|               CAS_COUNT_RD               | MBOX4C0 |   170329667865 |              0 |              0 |              0 |              0 |              0 |              0 |              0 |              0 |              0 |              0 |              0 |              0 |              0 |              0 |              0 |              0 |              0 |              0 |              0 |              0 |              0 |              0 |              0 |              0 |              0 |              0 |              0 |              0 |              0 |              0 |              0 |
|               CAS_COUNT_WR               | MBOX4C1 |    86214080099 |              0 |              0 |              0 |              0 |              0 |              0 |              0 |              0 |              0 |              0 |              0 |              0 |              0 |              0 |              0 |              0 |              0 |              0 |              0 |              0 |              0 |              0 |              0 |              0 |              0 |              0 |              0 |              0 |              0 |              0 |              0 |
|               CAS_COUNT_RD               | MBOX5C0 |   170309201614 |              0 |              0 |              0 |              0 |              0 |              0 |              0 |              0 |              0 |              0 |              0 |              0 |              0 |              0 |              0 |              0 |              0 |              0 |              0 |              0 |              0 |              0 |              0 |              0 |              0 |              0 |              0 |              0 |              0 |              0 |              0 |
|               CAS_COUNT_WR               | MBOX5C1 |    86204557010 |              0 |              0 |              0 |              0 |              0 |              0 |              0 |              0 |              0 |              0 |              0 |              0 |              0 |              0 |              0 |              0 |              0 |              0 |              0 |              0 |              0 |              0 |              0 |              0 |              0 |              0 |              0 |              0 |              0 |              0 |              0 |
|               CAS_COUNT_RD               | MBOX6C0 |   170328948919 |              0 |              0 |              0 |              0 |              0 |              0 |              0 |              0 |              0 |              0 |              0 |              0 |              0 |              0 |              0 |              0 |              0 |              0 |              0 |              0 |              0 |              0 |              0 |              0 |              0 |              0 |              0 |              0 |              0 |              0 |              0 |
|               CAS_COUNT_WR               | MBOX6C1 |    86210687253 |              0 |              0 |              0 |              0 |              0 |              0 |              0 |              0 |              0 |              0 |              0 |              0 |              0 |              0 |              0 |              0 |              0 |              0 |              0 |              0 |              0 |              0 |              0 |              0 |              0 |              0 |              0 |              0 |              0 |              0 |              0 |
|               CAS_COUNT_RD               | MBOX7C0 |   170344762890 |              0 |              0 |              0 |              0 |              0 |              0 |              0 |              0 |              0 |              0 |              0 |              0 |              0 |              0 |              0 |              0 |              0 |              0 |              0 |              0 |              0 |              0 |              0 |              0 |              0 |              0 |              0 |              0 |              0 |              0 |              0 |
|               CAS_COUNT_WR               | MBOX7C1 |    86209593169 |              0 |              0 |              0 |              0 |              0 |              0 |              0 |              0 |              0 |              0 |              0 |              0 |              0 |              0 |              0 |              0 |              0 |              0 |              0 |              0 |              0 |              0 |              0 |              0 |              0 |              0 |              0 |              0 |              0 |              0 |              0 |
+------------------------------------------+---------+----------------+----------------+----------------+----------------+----------------+----------------+----------------+----------------+----------------+----------------+----------------+----------------+----------------+----------------+----------------+----------------+----------------+----------------+----------------+----------------+----------------+----------------+----------------+----------------+----------------+----------------+----------------+----------------+----------------+----------------+----------------+----------------+

+-----------------------------------------------+---------+-----------------+----------------+----------------+---------------+
|                     Event                     | Counter |       Sum       |       Min      |       Max      |      Avg      |
+-----------------------------------------------+---------+-----------------+----------------+----------------+---------------+
|             INSTR_RETIRED_ANY STAT            |  FIXC0  | 189665158909444 |  4226876132981 |  8000570111240 |  5.927036e+12 |
|           CPU_CLK_UNHALTED_CORE STAT          |  FIXC1  | 116033209993249 |  3623446423429 |  3628033442125 |      nil      |
|           CPU_CLK_UNHALTED_REF STAT           |  FIXC2  | 116033203754496 |  3623450641056 |  3628031924256 | 3626037617328 |
|               TOPDOWN_SLOTS STAT              |  FIXC3  | 580166049966245 | 18117232117145 | 18140167210625 |      nil      |
|              PWR_PKG_ENERGY STAT              |   PWR0  |     332094.7953 |              0 |    332094.7953 |    10377.9624 |
|              PWR_DRAM_ENERGY STAT             |   PWR3  |      30689.2460 |              0 |     30689.2460 |      959.0389 |
| FP_ARITH_INST_RETIRED_128B_PACKED_DOUBLE STAT |   PMC0  |               0 |              0 |              0 |             0 |
|    FP_ARITH_INST_RETIRED_SCALAR_DOUBLE STAT   |   PMC1  |  64923830644200 |  2012724479909 |  2034252076363 |  2.028870e+12 |
| FP_ARITH_INST_RETIRED_256B_PACKED_DOUBLE STAT |   PMC2  |               0 |              0 |              0 |             0 |
| FP_ARITH_INST_RETIRED_512B_PACKED_DOUBLE STAT |   PMC3  |   1628217654513 |    50711628750 |    51386658750 |  5.088180e+10 |
|               CAS_COUNT_RD STAT               | MBOX0C0 |    218402611709 |              0 |   218402611709 |  6.825082e+09 |
|               CAS_COUNT_WR STAT               | MBOX0C1 |    111470361493 |              0 |   111470361493 |  3.483449e+09 |
|               CAS_COUNT_RD STAT               | MBOX1C0 |    218386365737 |              0 |   218386365737 |  6.824574e+09 |
|               CAS_COUNT_WR STAT               | MBOX1C1 |    111462773061 |              0 |   111462773061 |  3.483212e+09 |
|               CAS_COUNT_RD STAT               | MBOX2C0 |    218431142402 |              0 |   218431142402 |  6.825973e+09 |
|               CAS_COUNT_WR STAT               | MBOX2C1 |    111457154851 |              0 |   111457154851 |  3.483036e+09 |
|               CAS_COUNT_RD STAT               | MBOX3C0 |    218415929647 |              0 |   218415929647 |  6.825498e+09 |
|               CAS_COUNT_WR STAT               | MBOX3C1 |    111464047676 |              0 |   111464047676 |  3.483251e+09 |
|               CAS_COUNT_RD STAT               | MBOX4C0 |    170329667865 |              0 |   170329667865 |  5.322802e+09 |
|               CAS_COUNT_WR STAT               | MBOX4C1 |     86214080099 |              0 |    86214080099 |  2.694190e+09 |
|               CAS_COUNT_RD STAT               | MBOX5C0 |    170309201614 |              0 |   170309201614 |  5.322163e+09 |
|               CAS_COUNT_WR STAT               | MBOX5C1 |     86204557010 |              0 |    86204557010 |  2.693892e+09 |
|               CAS_COUNT_RD STAT               | MBOX6C0 |    170328948919 |              0 |   170328948919 |  5.322780e+09 |
|               CAS_COUNT_WR STAT               | MBOX6C1 |     86210687253 |              0 |    86210687253 |  2.694084e+09 |
|               CAS_COUNT_RD STAT               | MBOX7C0 |    170344762890 |              0 |   170344762890 |  5.323274e+09 |
|               CAS_COUNT_WR STAT               | MBOX7C1 |     86209593169 |              0 |    86209593169 |  2.694050e+09 |
+-----------------------------------------------+---------+-----------------+----------------+----------------+---------------+

+-----------------------------------+-------------+-----------+-----------+-----------+-----------+-----------+-----------+-----------+-----------+-----------+-------------+-------------+-------------+-------------+-------------+-------------+-------------+-------------+-------------+-------------+-------------+-------------+-------------+-------------+-------------+-------------+-------------+-------------+-------------+-------------+-------------+-------------+
|               Metric              |  f0314:0:0  | f0314:1:1 | f0314:2:2 | f0314:3:3 | f0314:4:4 | f0314:5:5 | f0314:6:6 | f0314:7:7 | f0314:8:8 | f0314:9:9 | f0314:10:10 | f0314:11:11 | f0314:12:12 | f0314:13:13 | f0314:14:14 | f0314:15:15 | f0314:16:16 | f0314:17:17 | f0314:18:18 | f0314:19:19 | f0314:20:20 | f0314:21:21 | f0314:22:22 | f0314:23:23 | f0314:24:24 | f0314:25:25 | f0314:26:26 | f0314:27:27 | f0314:28:28 | f0314:29:29 | f0314:30:30 | f0314:31:31 |
+-----------------------------------+-------------+-----------+-----------+-----------+-----------+-----------+-----------+-----------+-----------+-----------+-------------+-------------+-------------+-------------+-------------+-------------+-------------+-------------+-------------+-------------+-------------+-------------+-------------+-------------+-------------+-------------+-------------+-------------+-------------+-------------+-------------+-------------+
|        Runtime (RDTSC) [s]        |   1519.9380 | 1520.2990 | 1520.3150 | 1519.9180 | 1519.8800 | 1519.9040 | 1519.9410 | 1519.9100 | 1519.9200 | 1519.8880 |   1520.1070 |   1519.9010 |   1520.3490 |   1519.9200 |   1519.9080 |   1519.9420 |   1520.2510 |   1520.2270 |   1519.9250 |   1519.9030 |   1520.2310 |   1519.9410 |   1519.9370 |   1519.9220 |   1519.8950 |   1519.9170 |   1519.8930 |   1519.8990 |   1519.9790 |   1519.9380 |   1520.3000 |   1519.9180 |
|        Runtime unhalted [s]       |   1513.3490 | 1513.5223 | 1513.9347 | 1514.0933 | 1513.8069 | 1513.6817 | 1513.6438 | 1513.7461 | 1514.1413 | 1513.9216 |   1514.1673 |   1513.9849 |   1514.3624 |   1513.6595 |   1514.4783 |   1514.3944 |   1514.8583 |   1514.5926 |   1515.0872 |   1514.8404 |   1515.0973 |   1515.1577 |   1515.2618 |   1515.0713 |   1515.0196 |   1514.8996 |   1514.9479 |   1514.5662 |   1515.2511 |   1514.9258 |   1515.2145 |   1515.1691 |
|            Clock [MHz]            |   2394.3202 | 2394.2244 | 2393.6889 | 2394.3249 | 2394.3258 | 2394.3230 | 2394.3246 | 2394.3261 | 2394.3269 | 2394.3150 |   2394.0134 |   2394.3237 |   2393.9548 |   2394.3215 |   2394.3206 |   2394.3223 |   2394.2783 |   2394.3231 |   2394.3251 |   2394.3223 |   2394.3244 |   2394.3278 |   2394.3288 |   2394.3256 |   2394.3265 |   2394.3254 |   2394.3234 |   2394.3240 |   2394.2014 |   2394.3234 |   2394.2266 |   2394.3260 |
|                CPI                |      0.8319 |    0.8375 |    0.8485 |    0.8537 |    0.8575 |    0.8506 |    0.8093 |    0.8518 |    0.8567 |    0.8478 |      0.7578 |      0.8318 |      0.7846 |      0.8106 |      0.7656 |      0.7898 |      0.7353 |      0.7412 |      0.4616 |      0.4665 |      0.4620 |      0.4699 |      0.4619 |      0.4616 |      0.4691 |      0.4688 |      0.4636 |      0.4653 |      0.4689 |      0.4589 |      0.4534 |      0.4710 |
|             Energy [J]            | 332094.7953 |         0 |         0 |         0 |         0 |         0 |         0 |         0 |         0 |         0 |           0 |           0 |           0 |           0 |           0 |           0 |           0 |           0 |           0 |           0 |           0 |           0 |           0 |           0 |           0 |           0 |           0 |           0 |           0 |           0 |           0 |           0 |
|             Power [W]             |    218.4923 |         0 |         0 |         0 |         0 |         0 |         0 |         0 |         0 |         0 |           0 |           0 |           0 |           0 |           0 |           0 |           0 |           0 |           0 |           0 |           0 |           0 |           0 |           0 |           0 |           0 |           0 |           0 |           0 |           0 |           0 |           0 |
|          Energy DRAM [J]          |  30689.2460 |         0 |         0 |         0 |         0 |         0 |         0 |         0 |         0 |         0 |           0 |           0 |           0 |           0 |           0 |           0 |           0 |           0 |           0 |           0 |           0 |           0 |           0 |           0 |           0 |           0 |           0 |           0 |           0 |           0 |           0 |           0 |
|           Power DRAM [W]          |     20.1911 |         0 |         0 |         0 |         0 |         0 |         0 |         0 |         0 |         0 |           0 |           0 |           0 |           0 |           0 |           0 |           0 |           0 |           0 |           0 |           0 |           0 |           0 |           0 |           0 |           0 |           0 |           0 |           0 |           0 |           0 |           0 |
|            DP [MFLOP/s]           |   1605.5309 | 1604.9109 | 1594.2866 | 1605.3132 | 1605.3534 | 1605.3280 | 1594.6789 | 1605.3217 | 1605.3111 | 1605.3449 |   1594.5047 |   1605.3312 |   1604.8581 |   1605.3111 |   1594.7135 |   1605.2879 |   1604.9616 |   1604.9869 |   1594.6957 |   1605.3290 |   1604.9827 |   1605.2889 |   1594.6831 |   1605.3090 |   1605.3375 |   1605.3142 |   1594.7292 |   1605.3332 |   1605.2488 |   1605.2921 |   1594.3023 |   1605.3132 |
|          AVX DP [MFLOP/s]         |    267.1526 |  266.8508 |  270.4001 |  266.9177 |  266.9244 |  266.9202 |  270.4666 |  266.9191 |  266.9174 |  266.9230 |    270.4371 |    266.9207 |    266.8420 |    266.9174 |    270.4725 |    266.9135 |    266.8592 |    266.8635 |    270.4694 |    266.9203 |    266.8628 |    266.9137 |    270.4673 |    266.9170 |    266.9217 |    266.9179 |    270.4751 |    266.9210 |    266.9070 |    266.9142 |    270.4027 |    266.9177 |
|          Packed [MUOPS/s]         |     33.3941 |   33.3564 |   33.8000 |   33.3647 |   33.3655 |   33.3650 |   33.8083 |   33.3649 |   33.3647 |   33.3654 |     33.8046 |     33.3651 |     33.3553 |     33.3647 |     33.8091 |     33.3642 |     33.3574 |     33.3579 |     33.8087 |     33.3650 |     33.3578 |     33.3642 |     33.8084 |     33.3646 |     33.3652 |     33.3647 |     33.8094 |     33.3651 |     33.3634 |     33.3643 |     33.8003 |     33.3647 |
|          Scalar [MUOPS/s]         |   1338.3783 | 1338.0601 | 1323.8866 | 1338.3955 | 1338.4290 | 1338.4079 | 1324.2123 | 1338.4026 | 1338.3938 | 1338.4219 |   1324.0677 |   1338.4105 |   1338.0161 |   1338.3937 |   1324.2410 |   1338.3744 |   1338.1023 |   1338.1235 |   1324.2262 |   1338.4087 |   1338.1199 |   1338.3752 |   1324.2157 |   1338.3920 |   1338.4157 |   1338.3963 |   1324.2541 |   1338.4122 |   1338.3418 |   1338.3779 |   1323.8995 |   1338.3955 |
|  Memory read bandwidth [MBytes/s] |  65474.1920 |         0 |         0 |         0 |         0 |         0 |         0 |         0 |         0 |         0 |           0 |           0 |           0 |           0 |           0 |           0 |           0 |           0 |           0 |           0 |           0 |           0 |           0 |           0 |           0 |           0 |           0 |           0 |           0 |           0 |           0 |           0 |
|  Memory read data volume [GBytes] |  99516.7124 |         0 |         0 |         0 |         0 |         0 |         0 |         0 |         0 |         0 |           0 |           0 |           0 |           0 |           0 |           0 |           0 |           0 |           0 |           0 |           0 |           0 |           0 |           0 |           0 |           0 |           0 |           0 |           0 |           0 |           0 |           0 |
| Memory write bandwidth [MBytes/s] |  33293.7056 |         0 |         0 |         0 |         0 |         0 |         0 |         0 |         0 |         0 |           0 |           0 |           0 |           0 |           0 |           0 |           0 |           0 |           0 |           0 |           0 |           0 |           0 |           0 |           0 |           0 |           0 |           0 |           0 |           0 |           0 |           0 |
| Memory write data volume [GBytes] |  50604.3683 |         0 |         0 |         0 |         0 |         0 |         0 |         0 |         0 |         0 |           0 |           0 |           0 |           0 |           0 |           0 |           0 |           0 |           0 |           0 |           0 |           0 |           0 |           0 |           0 |           0 |           0 |           0 |           0 |           0 |           0 |           0 |
|    Memory bandwidth [MBytes/s]    |  98767.8975 |         0 |         0 |         0 |         0 |         0 |         0 |         0 |         0 |         0 |           0 |           0 |           0 |           0 |           0 |           0 |           0 |           0 |           0 |           0 |           0 |           0 |           0 |           0 |           0 |           0 |           0 |           0 |           0 |           0 |           0 |           0 |
|    Memory data volume [GBytes]    | 150121.0807 |         0 |         0 |         0 |         0 |         0 |         0 |         0 |         0 |         0 |           0 |           0 |           0 |           0 |           0 |           0 |           0 |           0 |           0 |           0 |           0 |           0 |           0 |           0 |           0 |           0 |           0 |           0 |           0 |           0 |           0 |           0 |
|       Operational intensity       |      0.0163 |         0 |         0 |         0 |         0 |         0 |         0 |         0 |         0 |         0 |           0 |           0 |           0 |           0 |           0 |           0 |           0 |           0 |           0 |           0 |           0 |           0 |           0 |           0 |           0 |           0 |           0 |           0 |           0 |           0 |           0 |           0 |
+-----------------------------------+-------------+-----------+-----------+-----------+-----------+-----------+-----------+-----------+-----------+-----------+-------------+-------------+-------------+-------------+-------------+-------------+-------------+-------------+-------------+-------------+-------------+-------------+-------------+-------------+-------------+-------------+-------------+-------------+-------------+-------------+-------------+-------------+

+----------------------------------------+-------------+-----------+-------------+------------+-----------+-----------+-----------+
|                 Metric                 |     Sum     |    Min    |     Max     |     Avg    |  %ile 25  |  %ile 50  |  %ile 75  |
+----------------------------------------+-------------+-----------+-------------+------------+-----------+-----------+-----------+
|        Runtime (RDTSC) [s] STAT        |  48640.1160 | 1519.8800 |   1520.3490 |  1520.0036 | 1519.9040 | 1519.9220 | 1519.9790 |
|        Runtime unhalted [s] STAT       |  48462.8479 | 1513.3490 |   1515.2618 |  1514.4640 | 1513.9216 | 1514.4783 | 1515.0196 |
|            Clock [MHz] STAT            |  76616.6882 | 2393.6889 |   2394.3288 |  2394.2715 | 2394.3150 | 2394.3234 | 2394.3254 |
|                CPI STAT                |     21.1645 |    0.4534 |      0.8575 |     0.6614 |    0.4653 |    0.7412 |    0.8319 |
|             Energy [J] STAT            | 332094.7953 |         0 | 332094.7953 | 10377.9624 |         0 |         0 |         0 |
|             Power [W] STAT             |    218.4923 |         0 |    218.4923 |     6.8279 |         0 |         0 |         0 |
|          Energy DRAM [J] STAT          |  30689.2460 |         0 |  30689.2460 |   959.0389 |         0 |         0 |         0 |
|           Power DRAM [W] STAT          |     20.1911 |         0 |     20.1911 |     0.6310 |         0 |         0 |         0 |
|            DP [MFLOP/s] STAT           |  51282.4935 | 1594.2866 |   1605.5309 |  1602.5779 | 1594.7292 | 1605.2889 | 1605.3217 |
|          AVX DP [MFLOP/s] STAT         |   8569.5456 |  266.8420 |    270.4751 |   267.7983 |  266.9137 |  266.9191 |  267.1526 |
|          Packed [MUOPS/s] STAT         |   1071.1931 |   33.3553 |     33.8094 |    33.4748 |   33.3642 |   33.3649 |   33.3941 |
|          Scalar [MUOPS/s] STAT         |  42712.9479 | 1323.8866 |   1338.4290 |  1334.7796 | 1324.2541 | 1338.3752 | 1338.3963 |
|  Memory read bandwidth [MBytes/s] STAT |  65474.1920 |         0 |  65474.1920 |  2046.0685 |         0 |         0 |         0 |
|  Memory read data volume [GBytes] STAT |  99516.7124 |         0 |  99516.7124 |  3109.8973 |         0 |         0 |         0 |
| Memory write bandwidth [MBytes/s] STAT |  33293.7056 |         0 |  33293.7056 |  1040.4283 |         0 |         0 |         0 |
| Memory write data volume [GBytes] STAT |  50604.3683 |         0 |  50604.3683 |  1581.3865 |         0 |         0 |         0 |
|    Memory bandwidth [MBytes/s] STAT    |  98767.8975 |         0 |  98767.8975 |  3086.4968 |         0 |         0 |         0 |
|    Memory data volume [GBytes] STAT    | 150121.0807 |         0 | 150121.0807 |  4691.2838 |         0 |         0 |         0 |
|       Operational intensity STAT       |      0.0163 |         0 |      0.0163 |     0.0005 |         0 |         0 |         0 |
+----------------------------------------+-------------+-----------+-------------+------------+-----------+-----------+-----------+

