WARN: Cannot extract OpenMP vendor from executable or commandline, assuming no OpenMP
 nx_glob, nz_glob:                  3000                  1250
 dx,dz:    8.00000000000000        8.00000000000000     
 dt:   2.666666666666666E-002
Group: 1
+------------------------------------------+---------+----------------+----------------+----------------+----------------+----------------+----------------+----------------+----------------+----------------+----------------+----------------+----------------+----------------+----------------+----------------+----------------+----------------+----------------+----------------+----------------+----------------+----------------+----------------+----------------+----------------+----------------+----------------+----------------+----------------+----------------+----------------+----------------+----------------+----------------+----------------+----------------+----------------+----------------+----------------+----------------+----------------+----------------+----------------+----------------+
|                   Event                  | Counter |    f0314:0:0   |    f0314:1:1   |    f0314:2:2   |    f0314:3:3   |    f0314:4:4   |    f0314:5:5   |    f0314:6:6   |    f0314:7:7   |    f0314:8:8   |    f0314:9:9   |   f0314:10:10  |   f0314:11:11  |   f0314:12:12  |   f0314:13:13  |   f0314:14:14  |   f0314:15:15  |   f0314:16:16  |   f0314:17:17  |   f0314:18:18  |   f0314:19:19  |   f0314:20:20  |   f0314:21:21  |   f0314:22:22  |   f0314:23:23  |   f0314:24:24  |   f0314:25:25  |   f0314:26:26  |   f0314:27:27  |   f0314:28:28  |   f0314:29:29  |   f0314:30:30  |   f0314:31:31  |   f0314:32:32  |   f0314:33:33  |   f0314:34:34  |   f0314:35:35  |   f0314:36:36  |   f0314:37:37  |   f0314:38:38  |   f0314:39:39  |   f0314:40:40  |   f0314:41:41  |   f0314:42:42  |   f0314:43:43  |
+------------------------------------------+---------+----------------+----------------+----------------+----------------+----------------+----------------+----------------+----------------+----------------+----------------+----------------+----------------+----------------+----------------+----------------+----------------+----------------+----------------+----------------+----------------+----------------+----------------+----------------+----------------+----------------+----------------+----------------+----------------+----------------+----------------+----------------+----------------+----------------+----------------+----------------+----------------+----------------+----------------+----------------+----------------+----------------+----------------+----------------+----------------+
|             INSTR_RETIRED_ANY            |  FIXC0  |  5434501937830 |  5318493047280 |  5206683461708 |  5356304337093 |  5257779645791 |  5248085917360 |  5389360196655 |  5433551605094 |  5251861527792 |  5421116873204 |  5521805297354 |  5430947417054 |  5289582156886 |  5285080261239 |  5525248978640 |  5426423316427 |  5179009007674 |  5290439904152 |  3196503600575 |  3160394794641 |  3243202052048 |  3303266981581 |  3191476584404 |  3204491442056 |  3152507261264 |  3182597239044 |  3354979461533 |  4239860259666 |  3229846324795 |  3212109387253 |  3152093115882 |  3268547293474 |  3483079200377 |  3369745597244 |  3207305972299 |  3151972300781 |  6289460603843 |  6327259177558 |  6318855259357 |  6293335844866 |  6319861945667 |  6213538136039 |  6303139431255 |  6324756187870 |
|           CPU_CLK_UNHALTED_CORE          |  FIXC1  |  2628939027912 |  2630545386820 |  2629741521009 |  2630651106227 |  2630208120070 |  2628731178928 |  2630132637666 |  2630469671199 |  2630268127524 |  2629989063799 |  2630253882991 |  2630290032645 |  2630076169665 |  2630156275881 |  2630739805018 |  2630673453441 |  2630520522195 |  2630388343197 |  2629593486643 |  2629677851045 |  2629674513101 |  2630092108778 |  2630191439109 |  2629883058347 |  2628861161249 |  2629585574140 |  2629672767820 |  2628465439903 |  2629773780573 |  2629330996442 |  2629736986903 |  2629833286918 |  2629266259256 |  2629977492454 |  2629709634765 |  2629916218615 |  2631835460166 |  2631126335944 |  2631908440137 |  2631366193735 |  2631502226357 |  2631786920167 |  2631555109984 |  2631684656769 |
|           CPU_CLK_UNHALTED_REF           |  FIXC2  |  2628943181376 |  2630544923136 |  2629741871232 |  2630649926976 |  2630207857152 |  2628728868480 |  2630133485184 |  2630468428512 |  2630267729760 |  2629989182496 |  2630254063200 |  2630291098176 |  2630076858240 |  2630157088800 |  2630741139072 |  2630674127616 |  2630521460352 |  2630388964320 |  2629595334624 |  2629678891392 |  2629675146240 |  2630094307104 |  2630192839488 |  2629883537376 |  2628862662624 |  2629587014208 |  2629674773280 |  2628463951968 |  2629775599776 |  2629331674944 |  2629737295200 |  2629835201760 |  2629269394656 |  2629980289344 |  2629712135424 |  2629918097184 |  2631838204320 |  2631125403552 |  2631911648928 |  2631363649920 |  2631502641504 |  2631788676096 |  2631555809088 |  2631683468256 |
|               TOPDOWN_SLOTS              |  FIXC3  | 13144695139560 | 13152726934100 | 13148707605045 | 13153255531135 | 13151040600350 | 13143655894640 | 13150663188330 | 13152348355995 | 13151340637620 | 13149945318995 | 13151269414955 | 13151450163225 | 13150380848325 | 13150781379405 | 13153699025090 | 13153367267205 | 13152602610975 | 13151941715985 | 13147967433215 | 13148389255225 | 13148372565505 | 13150460543890 | 13150957195545 | 13149415291735 | 13144305806245 | 13147927870700 | 13148363839100 | 13142327199515 | 13148868902865 | 13146654982210 | 13148684934515 | 13149166434590 | 13146331296280 | 13149887462270 | 13148548173825 | 13149581093075 | 13159177300830 | 13155631679720 | 13159542200685 | 13156830968675 | 13157511131785 | 13158934600835 | 13157775549920 | 13158423283845 |
|              PWR_PKG_ENERGY              |   PWR0  |    257279.8516 |              0 |              0 |              0 |              0 |              0 |              0 |              0 |              0 |              0 |              0 |              0 |              0 |              0 |              0 |              0 |              0 |              0 |              0 |              0 |              0 |              0 |              0 |              0 |              0 |              0 |              0 |              0 |              0 |              0 |              0 |              0 |              0 |              0 |              0 |              0 |    141626.0704 |              0 |              0 |              0 |              0 |              0 |              0 |              0 |
|              PWR_DRAM_ENERGY             |   PWR3  |     23686.6350 |              0 |              0 |              0 |              0 |              0 |              0 |              0 |              0 |              0 |              0 |              0 |              0 |              0 |              0 |              0 |              0 |              0 |              0 |              0 |              0 |              0 |              0 |              0 |              0 |              0 |              0 |              0 |              0 |              0 |              0 |              0 |              0 |              0 |              0 |              0 |     12080.6226 |              0 |              0 |              0 |              0 |              0 |              0 |              0 |
| FP_ARITH_INST_RETIRED_128B_PACKED_DOUBLE |   PMC0  |              0 |              0 |              0 |              0 |              0 |              0 |              0 |              0 |              0 |              0 |              0 |              0 |              0 |              0 |              0 |              0 |              0 |              0 |              0 |              0 |              0 |              0 |              0 |              0 |              0 |              0 |              0 |              0 |              0 |              0 |              0 |              0 |              0 |              0 |              0 |              0 |              0 |              0 |              0 |              0 |              0 |              0 |              0 |              0 |
|    FP_ARITH_INST_RETIRED_SCALAR_DOUBLE   |   PMC1  |  1474553239896 |  1474552638369 |  1496079528689 |  1474552605451 |  1474552599681 |  1474552556262 |  1474552581724 |  1474552553178 |  1496079433348 |  1474552583683 |  1474552588403 |  1474552568097 |  1474552570266 |  1496079451410 |  1474552552398 |  1474552550608 |  1474552561384 |  1474552526293 |  1474552525974 |  1496079365243 |  1474552486660 |  1474552480785 |  1474552461993 |  1474552459338 |  1496079334955 |  1474552447699 |  1474552462677 |  1474552452622 |  1474552427136 |  1474552421196 |  1496079304548 |  1474552410763 |  1474552403655 |  1474552398888 |  1474552422337 |  1496079270216 |  1474552428860 |  1474552420402 |  1474552415903 |  1474552411621 |  1474552361581 |  1496079283884 |  1474552392220 |  1474552393818 |
| FP_ARITH_INST_RETIRED_256B_PACKED_DOUBLE |   PMC2  |              0 |              0 |              0 |              0 |              0 |              0 |              0 |              0 |              0 |              0 |              0 |              0 |              0 |              0 |              0 |              0 |              0 |              0 |              0 |              0 |              0 |              0 |              0 |              0 |              0 |              0 |              0 |              0 |              0 |              0 |              0 |              0 |              0 |              0 |              0 |              0 |              0 |              0 |              0 |              0 |              0 |              0 |              0 |              0 |
| FP_ARITH_INST_RETIRED_512B_PACKED_DOUBLE |   PMC3  |    38015732013 |    37970437500 |    42104996250 |    37970437500 |    37970437500 |    37970437500 |    37970437500 |    37970437500 |    42104996250 |    37970437500 |    37970437500 |    37970437500 |    37970437500 |    42104996250 |    37970437500 |    37970437500 |    37970437500 |    37970437500 |    37970437500 |    42104996250 |    37970437500 |    37970437500 |    37970437500 |    37970437500 |    42104996250 |    37970437500 |    37970437500 |    37970437500 |    37970437500 |    37970437500 |    42104996250 |    37970437500 |    37970437500 |    37970437500 |    37970437500 |    42104996250 |    37970437500 |    37970437500 |    37970437500 |    37970437500 |    37970437500 |    42104996250 |    37970437500 |    37970437500 |
|               CAS_COUNT_RD               | MBOX0C0 |   157364276555 |              0 |              0 |              0 |              0 |              0 |              0 |              0 |              0 |              0 |              0 |              0 |              0 |              0 |              0 |              0 |              0 |              0 |              0 |              0 |              0 |              0 |              0 |              0 |              0 |              0 |              0 |              0 |              0 |              0 |              0 |              0 |              0 |              0 |              0 |              0 |    57766934852 |              0 |              0 |              0 |              0 |              0 |              0 |              0 |
|               CAS_COUNT_WR               | MBOX0C1 |    81757353741 |              0 |              0 |              0 |              0 |              0 |              0 |              0 |              0 |              0 |              0 |              0 |              0 |              0 |              0 |              0 |              0 |              0 |              0 |              0 |              0 |              0 |              0 |              0 |              0 |              0 |              0 |              0 |              0 |              0 |              0 |              0 |              0 |              0 |              0 |              0 |    33074896924 |              0 |              0 |              0 |              0 |              0 |              0 |              0 |
|               CAS_COUNT_RD               | MBOX1C0 |   157404881531 |              0 |              0 |              0 |              0 |              0 |              0 |              0 |              0 |              0 |              0 |              0 |              0 |              0 |              0 |              0 |              0 |              0 |              0 |              0 |              0 |              0 |              0 |              0 |              0 |              0 |              0 |              0 |              0 |              0 |              0 |              0 |              0 |              0 |              0 |              0 |    57744477115 |              0 |              0 |              0 |              0 |              0 |              0 |              0 |
|               CAS_COUNT_WR               | MBOX1C1 |    81747790796 |              0 |              0 |              0 |              0 |              0 |              0 |              0 |              0 |              0 |              0 |              0 |              0 |              0 |              0 |              0 |              0 |              0 |              0 |              0 |              0 |              0 |              0 |              0 |              0 |              0 |              0 |              0 |              0 |              0 |              0 |              0 |              0 |              0 |              0 |              0 |    33048381340 |              0 |              0 |              0 |              0 |              0 |              0 |              0 |
|               CAS_COUNT_RD               | MBOX2C0 |   157418667480 |              0 |              0 |              0 |              0 |              0 |              0 |              0 |              0 |              0 |              0 |              0 |              0 |              0 |              0 |              0 |              0 |              0 |              0 |              0 |              0 |              0 |              0 |              0 |              0 |              0 |              0 |              0 |              0 |              0 |              0 |              0 |              0 |              0 |              0 |              0 |    57769692975 |              0 |              0 |              0 |              0 |              0 |              0 |              0 |
|               CAS_COUNT_WR               | MBOX2C1 |    81749017557 |              0 |              0 |              0 |              0 |              0 |              0 |              0 |              0 |              0 |              0 |              0 |              0 |              0 |              0 |              0 |              0 |              0 |              0 |              0 |              0 |              0 |              0 |              0 |              0 |              0 |              0 |              0 |              0 |              0 |              0 |              0 |              0 |              0 |              0 |              0 |    33075514703 |              0 |              0 |              0 |              0 |              0 |              0 |              0 |
|               CAS_COUNT_RD               | MBOX3C0 |   157413729564 |              0 |              0 |              0 |              0 |              0 |              0 |              0 |              0 |              0 |              0 |              0 |              0 |              0 |              0 |              0 |              0 |              0 |              0 |              0 |              0 |              0 |              0 |              0 |              0 |              0 |              0 |              0 |              0 |              0 |              0 |              0 |              0 |              0 |              0 |              0 |    57742373806 |              0 |              0 |              0 |              0 |              0 |              0 |              0 |
|               CAS_COUNT_WR               | MBOX3C1 |    81759469987 |              0 |              0 |              0 |              0 |              0 |              0 |              0 |              0 |              0 |              0 |              0 |              0 |              0 |              0 |              0 |              0 |              0 |              0 |              0 |              0 |              0 |              0 |              0 |              0 |              0 |              0 |              0 |              0 |              0 |              0 |              0 |              0 |              0 |              0 |              0 |    33056996615 |              0 |              0 |              0 |              0 |              0 |              0 |              0 |
|               CAS_COUNT_RD               | MBOX4C0 |   156997673924 |              0 |              0 |              0 |              0 |              0 |              0 |              0 |              0 |              0 |              0 |              0 |              0 |              0 |              0 |              0 |              0 |              0 |              0 |              0 |              0 |              0 |              0 |              0 |              0 |              0 |              0 |              0 |              0 |              0 |              0 |              0 |              0 |              0 |              0 |              0 |       31392376 |              0 |              0 |              0 |              0 |              0 |              0 |              0 |
|               CAS_COUNT_WR               | MBOX4C1 |    81484405830 |              0 |              0 |              0 |              0 |              0 |              0 |              0 |              0 |              0 |              0 |              0 |              0 |              0 |              0 |              0 |              0 |              0 |              0 |              0 |              0 |              0 |              0 |              0 |              0 |              0 |              0 |              0 |              0 |              0 |              0 |              0 |              0 |              0 |              0 |              0 |       13021437 |              0 |              0 |              0 |              0 |              0 |              0 |              0 |
|               CAS_COUNT_RD               | MBOX5C0 |   156960120802 |              0 |              0 |              0 |              0 |              0 |              0 |              0 |              0 |              0 |              0 |              0 |              0 |              0 |              0 |              0 |              0 |              0 |              0 |              0 |              0 |              0 |              0 |              0 |              0 |              0 |              0 |              0 |              0 |              0 |              0 |              0 |              0 |              0 |              0 |              0 |       27065158 |              0 |              0 |              0 |              0 |              0 |              0 |              0 |
|               CAS_COUNT_WR               | MBOX5C1 |    81473613334 |              0 |              0 |              0 |              0 |              0 |              0 |              0 |              0 |              0 |              0 |              0 |              0 |              0 |              0 |              0 |              0 |              0 |              0 |              0 |              0 |              0 |              0 |              0 |              0 |              0 |              0 |              0 |              0 |              0 |              0 |              0 |              0 |              0 |              0 |              0 |       13537076 |              0 |              0 |              0 |              0 |              0 |              0 |              0 |
|               CAS_COUNT_RD               | MBOX6C0 |   156962415340 |              0 |              0 |              0 |              0 |              0 |              0 |              0 |              0 |              0 |              0 |              0 |              0 |              0 |              0 |              0 |              0 |              0 |              0 |              0 |              0 |              0 |              0 |              0 |              0 |              0 |              0 |              0 |              0 |              0 |              0 |              0 |              0 |              0 |              0 |              0 |       31449272 |              0 |              0 |              0 |              0 |              0 |              0 |              0 |
|               CAS_COUNT_WR               | MBOX6C1 |    81473818426 |              0 |              0 |              0 |              0 |              0 |              0 |              0 |              0 |              0 |              0 |              0 |              0 |              0 |              0 |              0 |              0 |              0 |              0 |              0 |              0 |              0 |              0 |              0 |              0 |              0 |              0 |              0 |              0 |              0 |              0 |              0 |              0 |              0 |              0 |              0 |       14600228 |              0 |              0 |              0 |              0 |              0 |              0 |              0 |
|               CAS_COUNT_RD               | MBOX7C0 |   156969579006 |              0 |              0 |              0 |              0 |              0 |              0 |              0 |              0 |              0 |              0 |              0 |              0 |              0 |              0 |              0 |              0 |              0 |              0 |              0 |              0 |              0 |              0 |              0 |              0 |              0 |              0 |              0 |              0 |              0 |              0 |              0 |              0 |              0 |              0 |              0 |       32605921 |              0 |              0 |              0 |              0 |              0 |              0 |              0 |
|               CAS_COUNT_WR               | MBOX7C1 |    81461882827 |              0 |              0 |              0 |              0 |              0 |              0 |              0 |              0 |              0 |              0 |              0 |              0 |              0 |              0 |              0 |              0 |              0 |              0 |              0 |              0 |              0 |              0 |              0 |              0 |              0 |              0 |              0 |              0 |              0 |              0 |              0 |              0 |              0 |              0 |              0 |       13594133 |              0 |              0 |              0 |              0 |              0 |              0 |              0 |
+------------------------------------------+---------+----------------+----------------+----------------+----------------+----------------+----------------+----------------+----------------+----------------+----------------+----------------+----------------+----------------+----------------+----------------+----------------+----------------+----------------+----------------+----------------+----------------+----------------+----------------+----------------+----------------+----------------+----------------+----------------+----------------+----------------+----------------+----------------+----------------+----------------+----------------+----------------+----------------+----------------+----------------+----------------+----------------+----------------+----------------+----------------+

+-----------------------------------------------+---------+-----------------+----------------+----------------+--------------+
|                     Event                     | Counter |       Sum       |       Min      |       Max      |      Avg     |
+-----------------------------------------------+---------+-----------------+----------------+----------------+--------------+
|             INSTR_RETIRED_ANY STAT            |  FIXC0  | 205960460344605 |  3151972300781 |  6327259177558 | 4.680920e+12 |
|           CPU_CLK_UNHALTED_CORE STAT          |  FIXC1  | 115728781725507 |  2628465439903 |  2631908440137 | 2.630200e+12 |
|           CPU_CLK_UNHALTED_REF STAT           |  FIXC2  | 115728817902336 |  2628463951968 |  2631911648928 | 2.630200e+12 |
|               TOPDOWN_SLOTS STAT              |  FIXC3  | 578643908627535 | 13142327199515 | 13159542200685 |      nil     |
|              PWR_PKG_ENERGY STAT              |   PWR0  |     398905.9220 |              0 |    257279.8516 |    9066.0437 |
|              PWR_DRAM_ENERGY STAT             |   PWR3  |      35767.2576 |              0 |     23686.6350 |     812.8922 |
| FP_ARITH_INST_RETIRED_128B_PACKED_DOUBLE STAT |   PMC0  |               0 |              0 |              0 |            0 |
|    FP_ARITH_INST_RETIRED_SCALAR_DOUBLE STAT   |   PMC1  |  65052525334114 |  1474552361581 |  1496079528689 | 1.478466e+12 |
| FP_ARITH_INST_RETIRED_256B_PACKED_DOUBLE STAT |   PMC2  |               0 |              0 |              0 |            0 |
| FP_ARITH_INST_RETIRED_512B_PACKED_DOUBLE STAT |   PMC3  |   1703821014513 |    37970437500 |    42104996250 | 3.872320e+10 |
|               CAS_COUNT_RD STAT               | MBOX0C0 |    215131211407 |              0 |   157364276555 | 4.889346e+09 |
|               CAS_COUNT_WR STAT               | MBOX0C1 |    114832250665 |              0 |    81757353741 | 2.609824e+09 |
|               CAS_COUNT_RD STAT               | MBOX1C0 |    215149358646 |              0 |   157404881531 | 4.889758e+09 |
|               CAS_COUNT_WR STAT               | MBOX1C1 |    114796172136 |              0 |    81747790796 | 2.609004e+09 |
|               CAS_COUNT_RD STAT               | MBOX2C0 |    215188360455 |              0 |   157418667480 | 4.890645e+09 |
|               CAS_COUNT_WR STAT               | MBOX2C1 |    114824532260 |              0 |    81749017557 | 2.609648e+09 |
|               CAS_COUNT_RD STAT               | MBOX3C0 |    215156103370 |              0 |   157413729564 | 4.889911e+09 |
|               CAS_COUNT_WR STAT               | MBOX3C1 |    114816466602 |              0 |    81759469987 | 2.609465e+09 |
|               CAS_COUNT_RD STAT               | MBOX4C0 |    157029066300 |              0 |   156997673924 | 3.568842e+09 |
|               CAS_COUNT_WR STAT               | MBOX4C1 |     81497427267 |              0 |    81484405830 | 1.852214e+09 |
|               CAS_COUNT_RD STAT               | MBOX5C0 |    156987185960 |              0 |   156960120802 |   3567890590 |
|               CAS_COUNT_WR STAT               | MBOX5C1 |     81487150410 |              0 |    81473613334 | 1.851981e+09 |
|               CAS_COUNT_RD STAT               | MBOX6C0 |    156993864612 |              0 |   156962415340 | 3.568042e+09 |
|               CAS_COUNT_WR STAT               | MBOX6C1 |     81488418654 |              0 |    81473818426 | 1.852010e+09 |
|               CAS_COUNT_RD STAT               | MBOX7C0 |    157002184927 |              0 |   156969579006 | 3.568231e+09 |
|               CAS_COUNT_WR STAT               | MBOX7C1 |     81475476960 |              0 |    81461882827 | 1.851715e+09 |
+-----------------------------------------------+---------+-----------------+----------------+----------------+--------------+

+-----------------------------------+-------------+-----------+-----------+-----------+-----------+-----------+-----------+-----------+-----------+-----------+-------------+-------------+-------------+-------------+-------------+-------------+-------------+-------------+-------------+-------------+-------------+-------------+-------------+-------------+-------------+-------------+-------------+-------------+-------------+-------------+-------------+-------------+-------------+-------------+-------------+-------------+-------------+-------------+-------------+-------------+-------------+-------------+-------------+-------------+
|               Metric              |  f0314:0:0  | f0314:1:1 | f0314:2:2 | f0314:3:3 | f0314:4:4 | f0314:5:5 | f0314:6:6 | f0314:7:7 | f0314:8:8 | f0314:9:9 | f0314:10:10 | f0314:11:11 | f0314:12:12 | f0314:13:13 | f0314:14:14 | f0314:15:15 | f0314:16:16 | f0314:17:17 | f0314:18:18 | f0314:19:19 | f0314:20:20 | f0314:21:21 | f0314:22:22 | f0314:23:23 | f0314:24:24 | f0314:25:25 | f0314:26:26 | f0314:27:27 | f0314:28:28 | f0314:29:29 | f0314:30:30 | f0314:31:31 | f0314:32:32 | f0314:33:33 | f0314:34:34 | f0314:35:35 | f0314:36:36 | f0314:37:37 | f0314:38:38 | f0314:39:39 | f0314:40:40 | f0314:41:41 | f0314:42:42 | f0314:43:43 |
+-----------------------------------+-------------+-----------+-----------+-----------+-----------+-----------+-----------+-----------+-----------+-----------+-------------+-------------+-------------+-------------+-------------+-------------+-------------+-------------+-------------+-------------+-------------+-------------+-------------+-------------+-------------+-------------+-------------+-------------+-------------+-------------+-------------+-------------+-------------+-------------+-------------+-------------+-------------+-------------+-------------+-------------+-------------+-------------+-------------+-------------+
|        Runtime (RDTSC) [s]        |   1103.6530 | 1103.6330 | 1103.6550 | 1103.9520 | 1103.6810 | 1103.9870 | 1103.7160 | 1104.0550 | 1103.8430 | 1103.6080 |   1103.6060 |   1103.8990 |   1103.6500 |   1103.6290 |   1104.0650 |   1103.7080 |   1103.6090 |   1103.7560 |   1103.9750 |   1103.5860 |   1103.6640 |   1103.5950 |   1104.0330 |   1103.9570 |   1103.7260 |   1103.5920 |   1103.5890 |   1104.0130 |   1103.8430 |   1103.5970 |   1103.6540 |   1103.6110 |   1103.8750 |   1104.0090 |   1103.5930 |   1103.9420 |   1104.0610 |   1103.5990 |   1104.0610 |   1103.6710 |   1103.5870 |   1103.9160 |   1103.7950 |   1104.0730 |
|        Runtime unhalted [s]       |   1097.9892 | 1098.6581 | 1098.3235 | 1098.9950 | 1098.6181 | 1097.9070 | 1098.6122 | 1098.6367 | 1098.7812 | 1098.4257 |   1098.5372 |   1098.8084 |   1098.4649 |   1098.5289 |   1098.7468 |   1098.7555 |   1098.6478 |   1098.5916 |   1098.2606 |   1098.2960 |   1098.3692 |   1098.4752 |   1098.8980 |   1098.3820 |   1097.9575 |   1098.2592 |   1098.2955 |   1097.9940 |   1098.5162 |   1098.1519 |   1098.3227 |   1098.3625 |   1098.1287 |   1098.4292 |   1098.3107 |   1098.3955 |   1099.1995 |   1098.9017 |   1099.2287 |   1099.0034 |   1099.0574 |   1099.1780 |   1099.1716 |   1099.1707 |
|            Clock [MHz]            |   2394.3176 | 2394.3263 | 2394.3231 | 2393.6890 | 2394.1061 | 2394.3134 | 2394.0493 | 2394.3046 | 2393.8056 | 2394.3257 |   2394.3237 |   2393.7649 |   2394.3192 |   2394.2523 |   2394.3081 |   2394.2294 |   2394.3247 |   2394.3272 |   2394.3239 |   2394.3243 |   2394.1621 |   2394.3097 |   2393.4797 |   2394.3242 |   2394.3182 |   2394.3202 |   2394.3198 |   2393.8809 |   2393.9309 |   2394.3229 |   2394.3207 |   2394.3201 |   2394.3125 |   2394.3052 |   2394.3198 |   2394.3237 |   2394.3177 |   2394.3246 |   2394.3201 |   2394.3226 |   2394.3261 |   2394.3213 |   2394.1251 |   2394.2468 |
|                CPI                |      0.4837 |    0.4946 |    0.5051 |    0.4911 |    0.5003 |    0.5009 |    0.4880 |    0.4841 |    0.5008 |    0.4851 |      0.4763 |      0.4843 |      0.4972 |      0.4977 |      0.4761 |      0.4848 |      0.5079 |      0.4972 |      0.8226 |      0.8321 |      0.8108 |      0.7962 |      0.8241 |      0.8207 |      0.8339 |      0.8262 |      0.7838 |      0.6199 |      0.8142 |      0.8186 |      0.8343 |      0.8046 |      0.7549 |      0.7805 |      0.8199 |      0.8344 |      0.4185 |      0.4158 |      0.4165 |      0.4181 |      0.4164 |      0.4236 |      0.4175 |      0.4161 |
|             Energy [J]            | 257279.8516 |         0 |         0 |         0 |         0 |         0 |         0 |         0 |         0 |         0 |           0 |           0 |           0 |           0 |           0 |           0 |           0 |           0 |           0 |           0 |           0 |           0 |           0 |           0 |           0 |           0 |           0 |           0 |           0 |           0 |           0 |           0 |           0 |           0 |           0 |           0 | 141626.0704 |           0 |           0 |           0 |           0 |           0 |           0 |           0 |
|             Power [W]             |    233.1166 |         0 |         0 |         0 |         0 |         0 |         0 |         0 |         0 |         0 |           0 |           0 |           0 |           0 |           0 |           0 |           0 |           0 |           0 |           0 |           0 |           0 |           0 |           0 |           0 |           0 |           0 |           0 |           0 |           0 |           0 |           0 |           0 |           0 |           0 |           0 |    128.2774 |           0 |           0 |           0 |           0 |           0 |           0 |           0 |
|          Energy DRAM [J]          |  23686.6350 |         0 |         0 |         0 |         0 |         0 |         0 |         0 |         0 |         0 |           0 |           0 |           0 |           0 |           0 |           0 |           0 |           0 |           0 |           0 |           0 |           0 |           0 |           0 |           0 |           0 |           0 |           0 |           0 |           0 |           0 |           0 |           0 |           0 |           0 |           0 |  12080.6226 |           0 |           0 |           0 |           0 |           0 |           0 |           0 |
|           Power DRAM [W]          |     21.4620 |         0 |         0 |         0 |         0 |         0 |         0 |         0 |         0 |         0 |           0 |           0 |           0 |           0 |           0 |           0 |           0 |           0 |           0 |           0 |           0 |           0 |           0 |           0 |           0 |           0 |           0 |           0 |           0 |           0 |           0 |           0 |           0 |           0 |           0 |           0 |     10.9420 |           0 |           0 |           0 |           0 |           0 |           0 |           0 |
|            DP [MFLOP/s]           |   1611.6289 | 1611.3293 | 1660.7722 | 1610.8636 | 1611.2591 | 1610.8125 | 1611.2080 | 1610.7133 | 1660.4892 | 1611.3657 |   1611.3686 |   1610.9409 |   1611.3044 |   1660.8112 |   1610.6987 |   1611.2197 |   1611.3642 |   1611.1496 |   1610.8300 |   1660.8758 |   1611.2839 |   1611.3846 |   1610.7453 |   1610.8562 |   1660.6652 |   1611.3889 |   1611.3933 |   1610.7745 |   1611.0225 |   1611.3816 |   1660.7735 |   1611.3612 |   1610.9758 |   1610.7803 |   1611.3875 |   1660.3402 |   1610.7044 |   1611.3787 |   1610.7044 |   1611.2736 |   1611.3962 |   1660.3793 |   1611.0925 |   1610.6869 |
|          AVX DP [MFLOP/s]         |    275.5629 |  275.2396 |  305.2040 |  275.1601 |  275.2276 |  275.1513 |  275.2189 |  275.1344 |  305.1521 |  275.2458 |    275.2463 |    275.1733 |    275.2354 |    305.2112 |    275.1319 |    275.2209 |    275.2456 |    275.2089 |    275.1543 |    305.2231 |    275.2319 |    275.2491 |    275.1399 |    275.1588 |    305.1844 |    275.2498 |    275.2506 |    275.1449 |    275.1872 |    275.2486 |    305.2043 |    275.2451 |    275.1793 |    275.1459 |    275.2496 |    305.1247 |    275.1329 |    275.2481 |    275.1329 |    275.2301 |    275.2511 |    305.1319 |    275.1992 |    275.1299 |
|          Packed [MUOPS/s]         |     34.4454 |   34.4049 |   38.1505 |   34.3950 |   34.4035 |   34.3939 |   34.4024 |   34.3918 |   38.1440 |   34.4057 |     34.4058 |     34.3967 |     34.4044 |     38.1514 |     34.3915 |     34.4026 |     34.4057 |     34.4011 |     34.3943 |     38.1529 |     34.4040 |     34.4061 |     34.3925 |     34.3949 |     38.1481 |     34.4062 |     34.4063 |     34.3931 |     34.3984 |     34.4061 |     38.1505 |     34.4056 |     34.3974 |     34.3932 |     34.4062 |     38.1406 |     34.3916 |     34.4060 |     34.3916 |     34.4038 |     34.4064 |     38.1415 |     34.3999 |     34.3912 |
|          Scalar [MUOPS/s]         |   1336.0660 | 1336.0897 | 1355.5681 | 1335.7036 | 1336.0315 | 1335.6612 | 1335.9891 | 1335.5789 | 1355.3372 | 1336.1199 |   1336.1223 |   1335.7676 |   1336.0690 |   1355.6000 |   1335.5668 |   1335.9988 |   1336.1186 |   1335.9407 |   1335.6757 |   1355.6527 |   1336.0520 |   1336.1355 |   1335.6054 |   1335.6974 |   1355.4807 |   1336.1391 |   1336.1428 |   1335.6296 |   1335.8353 |   1336.1330 |   1355.5691 |   1336.1161 |   1335.7965 |   1335.6344 |   1336.1379 |   1355.2155 |   1335.5715 |   1336.1306 |   1335.5715 |   1336.0435 |   1336.1451 |   1355.2474 |   1335.8933 |   1335.5570 |
|  Memory read bandwidth [MBytes/s] |  72920.9688 |         0 |         0 |         0 |         0 |         0 |         0 |         0 |         0 |         0 |           0 |           0 |           0 |           0 |           0 |           0 |           0 |           0 |           0 |           0 |           0 |           0 |           0 |           0 |           0 |           0 |           0 |           0 |           0 |           0 |           0 |           0 |           0 |           0 |           0 |           0 |  13399.0273 |           0 |           0 |           0 |           0 |           0 |           0 |           0 |
|  Memory read data volume [GBytes] |  80479.4460 |         0 |         0 |         0 |         0 |         0 |         0 |         0 |         0 |         0 |           0 |           0 |           0 |           0 |           0 |           0 |           0 |           0 |           0 |           0 |           0 |           0 |           0 |           0 |           0 |           0 |           0 |           0 |           0 |           0 |           0 |           0 |           0 |           0 |           0 |           0 |  14793.3435 |           0 |           0 |           0 |           0 |           0 |           0 |           0 |
| Memory write bandwidth [MBytes/s] |  37861.6019 |         0 |         0 |         0 |         0 |         0 |         0 |         0 |         0 |         0 |           0 |           0 |           0 |           0 |           0 |           0 |           0 |           0 |           0 |           0 |           0 |           0 |           0 |           0 |           0 |           0 |           0 |           0 |           0 |           0 |           0 |           0 |           0 |           0 |           0 |           0 |   7669.7526 |           0 |           0 |           0 |           0 |           0 |           0 |           0 |
| Memory write data volume [GBytes] |  41786.0706 |         0 |         0 |         0 |         0 |         0 |         0 |         0 |         0 |         0 |           0 |           0 |           0 |           0 |           0 |           0 |           0 |           0 |           0 |           0 |           0 |           0 |           0 |           0 |           0 |           0 |           0 |           0 |           0 |           0 |           0 |           0 |           0 |           0 |           0 |           0 |   8467.8747 |           0 |           0 |           0 |           0 |           0 |           0 |           0 |
|    Memory bandwidth [MBytes/s]    | 110782.5708 |         0 |         0 |         0 |         0 |         0 |         0 |         0 |         0 |         0 |           0 |           0 |           0 |           0 |           0 |           0 |           0 |           0 |           0 |           0 |           0 |           0 |           0 |           0 |           0 |           0 |           0 |           0 |           0 |           0 |           0 |           0 |           0 |           0 |           0 |           0 |  21068.7799 |           0 |           0 |           0 |           0 |           0 |           0 |           0 |
|    Memory data volume [GBytes]    | 122265.5166 |         0 |         0 |         0 |         0 |         0 |         0 |         0 |         0 |         0 |           0 |           0 |           0 |           0 |           0 |           0 |           0 |           0 |           0 |           0 |           0 |           0 |           0 |           0 |           0 |           0 |           0 |           0 |           0 |           0 |           0 |           0 |           0 |           0 |           0 |           0 |  23261.2182 |           0 |           0 |           0 |           0 |           0 |           0 |           0 |
|       Operational intensity       |      0.0145 |         0 |         0 |         0 |         0 |         0 |         0 |         0 |         0 |         0 |           0 |           0 |           0 |           0 |           0 |           0 |           0 |           0 |           0 |           0 |           0 |           0 |           0 |           0 |           0 |           0 |           0 |           0 |           0 |           0 |           0 |           0 |           0 |           0 |           0 |           0 |      0.0764 |           0 |           0 |           0 |           0 |           0 |           0 |           0 |
+-----------------------------------+-------------+-----------+-----------+-----------+-----------+-----------+-----------+-----------+-----------+-----------+-------------+-------------+-------------+-------------+-------------+-------------+-------------+-------------+-------------+-------------+-------------+-------------+-------------+-------------+-------------+-------------+-------------+-------------+-------------+-------------+-------------+-------------+-------------+-------------+-------------+-------------+-------------+-------------+-------------+-------------+-------------+-------------+-------------+-------------+

+----------------------------------------+-------------+-----------+-------------+-----------+-----------+-----------+-----------+
|                 Metric                 |     Sum     |    Min    |     Max     |    Avg    |  %ile 25  |  %ile 50  |  %ile 75  |
+----------------------------------------+-------------+-----------+-------------+-----------+-----------+-----------+-----------+
|        Runtime (RDTSC) [s] STAT        |  48566.3220 | 1103.5860 |   1104.0730 | 1103.7800 | 1103.6090 | 1103.7080 | 1103.9520 |
|        Runtime unhalted [s] STAT       |  48336.7434 | 1097.9070 |   1099.2287 | 1098.5624 | 1098.3107 | 1098.5162 | 1098.7812 |
|            Clock [MHz] STAT            | 105345.6333 | 2393.4797 |   2394.3272 | 2394.2189 | 2394.2294 | 2394.3182 | 2394.3231 |
|                CPI STAT                |     26.6294 |    0.4158 |      0.8344 |    0.6052 |    0.4837 |    0.5003 |    0.8108 |
|             Energy [J] STAT            | 398905.9220 |         0 | 257279.8516 | 9066.0437 |         0 |         0 |         0 |
|             Power [W] STAT             |    361.3940 |         0 |    233.1166 |    8.2135 |         0 |         0 |         0 |
|          Energy DRAM [J] STAT          |  35767.2576 |         0 |  23686.6350 |  812.8922 |         0 |         0 |         0 |
|           Power DRAM [W] STAT          |     32.4040 |         0 |     21.4620 |    0.7365 |         0 |         0 |         0 |
|            DP [MFLOP/s] STAT           |  71285.1354 | 1610.6869 |   1660.8758 | 1620.1167 | 1610.8562 | 1611.2839 | 1611.3889 |
|          AVX DP [MFLOP/s] STAT         |  12348.9978 |  275.1299 |    305.2231 |  280.6590 |  275.1588 |  275.2319 |  275.2498 |
|          Packed [MUOPS/s] STAT         |   1543.6247 |   34.3912 |     38.1529 |   35.0824 |   34.3949 |   34.4040 |   34.4062 |
|          Scalar [MUOPS/s] STAT         |  58936.1376 | 1335.5570 |   1355.6527 | 1339.4577 | 1335.6974 | 1336.0520 | 1336.1379 |
|  Memory read bandwidth [MBytes/s] STAT |  86319.9961 |         0 |  72920.9688 | 1961.8181 |         0 |         0 |         0 |
|  Memory read data volume [GBytes] STAT |  95272.7895 |         0 |  80479.4460 | 2165.2907 |         0 |         0 |         0 |
| Memory write bandwidth [MBytes/s] STAT |  45531.3545 |         0 |  37861.6019 | 1034.8035 |         0 |         0 |         0 |
| Memory write data volume [GBytes] STAT |  50253.9453 |         0 |  41786.0706 | 1142.1351 |         0 |         0 |         0 |
|    Memory bandwidth [MBytes/s] STAT    | 131851.3507 |         0 | 110782.5708 | 2996.6216 |         0 |         0 |         0 |
|    Memory data volume [GBytes] STAT    | 145526.7348 |         0 | 122265.5166 | 3307.4258 |         0 |         0 |         0 |
|       Operational intensity STAT       |      0.0909 |         0 |      0.0764 |    0.0021 |         0 |         0 |         0 |
+----------------------------------------+-------------+-----------+-------------+-----------+-----------+-----------+-----------+

