WARN: Cannot extract OpenMP vendor from executable or commandline, assuming no OpenMP
 nx_glob, nz_glob:                  3000                  1250
 dx,dz:    8.00000000000000        8.00000000000000     
 dt:   2.666666666666666E-002
Group: 1
+------------------------------------------+---------+----------------+----------------+----------------+----------------+----------------+----------------+----------------+----------------+----------------+----------------+----------------+----------------+----------------+----------------+----------------+----------------+----------------+----------------+----------------+----------------+----------------+----------------+----------------+----------------+----------------+----------------+----------------+----------------+
|                   Event                  | Counter |    f0314:0:0   |    f0314:1:1   |    f0314:2:2   |    f0314:3:3   |    f0314:4:4   |    f0314:5:5   |    f0314:6:6   |    f0314:7:7   |    f0314:8:8   |    f0314:9:9   |   f0314:10:10  |   f0314:11:11  |   f0314:12:12  |   f0314:13:13  |   f0314:14:14  |   f0314:15:15  |   f0314:16:16  |   f0314:17:17  |   f0314:18:18  |   f0314:19:19  |   f0314:20:20  |   f0314:21:21  |   f0314:22:22  |   f0314:23:23  |   f0314:24:24  |   f0314:25:25  |   f0314:26:26  |   f0314:27:27  |
+------------------------------------------+---------+----------------+----------------+----------------+----------------+----------------+----------------+----------------+----------------+----------------+----------------+----------------+----------------+----------------+----------------+----------------+----------------+----------------+----------------+----------------+----------------+----------------+----------------+----------------+----------------+----------------+----------------+----------------+----------------+
|             INSTR_RETIRED_ANY            |  FIXC0  |  5566199241404 |  4985646305698 |  4835330294809 |  5681274468409 |  6004615382866 |  5126923973877 |  4789017811981 |  4811908522242 |  5053163093218 |  5459618652613 |  4992838947931 |  4934025129269 |  4789131328917 |  4792862346687 |  4905068018023 |  4926834543687 |  4795603908315 |  5130631662341 |  9150613142398 |  9301525949330 |  9299042249537 |  9118300999823 |  9259528888343 |  9336580128324 |  9252018610529 |  9188675735662 |  9216976709892 |  9265599712142 |
|           CPU_CLK_UNHALTED_CORE          |  FIXC1  |  4142278452906 |  4143275529316 |  4143003641474 |  4142407187603 |  4143498469846 |  4142874191542 |  4143064314573 |  4143693377460 |  4143403855946 |  4143059898136 |  4142761790536 |  4143168778490 |  4143148292683 |  4142716084339 |  4144191890260 |  4143530378034 |  4145124352525 |  4144767775370 |  4146745606660 |  4146150050713 |  4146057545827 |  4146477225279 |  4146794741494 |  4146676648598 |  4146468662002 |  4146442298925 |  4146799411082 |  4145798919731 |
|           CPU_CLK_UNHALTED_REF           |  FIXC2  |  4142280727680 |  4143274594560 |  4143003674784 |  4142406711936 |  4143497768736 |  4142872036416 |  4143065084352 |  4143692584224 |  4143402305856 |  4143059482848 |  4142761144128 |  4143169640160 |  4143148476480 |  4142715853440 |  4144192783488 |  4143531789408 |  4145125743456 |  4144768503744 |  4146748636608 |  4146146612448 |  4146054963840 |  4146473810976 |  4146792734496 |  4146673418304 |  4146466021536 |  4146442786848 |  4146798897408 |  4145795866848 |
|               TOPDOWN_SLOTS              |  FIXC3  | 20711392264530 | 20716377646580 | 20715018207370 | 20712035938015 | 20717492349230 | 20714370957710 | 20715321572865 | 20718466887300 | 20717019279730 | 20715299490680 | 20713808952680 | 20715843892450 | 20715741463415 | 20713580421695 | 20720959451300 | 20717651890170 | 20725621762625 | 20723838876850 | 20733728033300 | 20730750253565 | 20730287729135 | 20732386126395 | 20733973707470 | 20733383242990 | 20732343310010 | 20732211494625 | 20733997055410 | 20728994598655 |
|              PWR_PKG_ENERGY              |   PWR0  |    350542.2218 |              0 |              0 |              0 |              0 |              0 |              0 |              0 |              0 |              0 |              0 |              0 |              0 |              0 |              0 |              0 |              0 |              0 |              0 |              0 |              0 |              0 |              0 |              0 |              0 |              0 |              0 |              0 |
|              PWR_DRAM_ENERGY             |   PWR3  |     32502.9579 |              0 |              0 |              0 |              0 |              0 |              0 |              0 |              0 |              0 |              0 |              0 |              0 |              0 |              0 |              0 |              0 |              0 |              0 |              0 |              0 |              0 |              0 |              0 |              0 |              0 |              0 |              0 |
| FP_ARITH_INST_RETIRED_128B_PACKED_DOUBLE |   PMC0  |              0 |              0 |              0 |              0 |              0 |              0 |              0 |              0 |              0 |              0 |              0 |              0 |              0 |              0 |              0 |              0 |              0 |              0 |              0 |              0 |              0 |              0 |              0 |              0 |              0 |              0 |              0 |              0 |
|    FP_ARITH_INST_RETIRED_SCALAR_DOUBLE   |   PMC1  |  2314101556689 |  2314100921454 |  2314100926369 |  2335627809726 |  2314100921759 |  2314100911861 |  2314100903287 |  2314100907748 |  2314100897159 |  2314100894872 |  2335627783421 |  2314100897554 |  2314100887600 |  2314100870074 |  2314100882049 |  2314100873431 |  2314100877637 |  2335627750504 |  2314100871187 |  2314100856613 |  2314100845956 |  2314100856609 |  2314100849451 |  2314100842936 |  2335627725182 |  2314100844210 |  2314100845240 |  2314100813814 |
| FP_ARITH_INST_RETIRED_256B_PACKED_DOUBLE |   PMC2  |              0 |              0 |              0 |              0 |              0 |              0 |              0 |              0 |              0 |              0 |              0 |              0 |              0 |              0 |              0 |              0 |              0 |              0 |              0 |              0 |              0 |              0 |              0 |              0 |              0 |              0 |              0 |              0 |
| FP_ARITH_INST_RETIRED_512B_PACKED_DOUBLE |   PMC3  |    56452421385 |    56407126872 |    56407126872 |    55014945000 |    56407126872 |    56407126872 |    56407126872 |    56407126872 |    56407126872 |    56407126872 |    55014945000 |    56407126872 |    56407126872 |    56407126872 |    56407126872 |    56407126872 |    56407126872 |    55014945000 |    56407126872 |    56407126872 |    56407126872 |    56407126872 |    56407126872 |    56407126872 |    55014945000 |    56407126872 |    56407126872 |    56407126872 |
|               CAS_COUNT_RD               | MBOX0C0 |   247256331692 |              0 |              0 |              0 |              0 |              0 |              0 |              0 |              0 |              0 |              0 |              0 |              0 |              0 |              0 |              0 |              0 |              0 |              0 |              0 |              0 |              0 |              0 |              0 |              0 |              0 |              0 |              0 |
|               CAS_COUNT_WR               | MBOX0C1 |   126884373823 |              0 |              0 |              0 |              0 |              0 |              0 |              0 |              0 |              0 |              0 |              0 |              0 |              0 |              0 |              0 |              0 |              0 |              0 |              0 |              0 |              0 |              0 |              0 |              0 |              0 |              0 |              0 |
|               CAS_COUNT_RD               | MBOX1C0 |   247305286473 |              0 |              0 |              0 |              0 |              0 |              0 |              0 |              0 |              0 |              0 |              0 |              0 |              0 |              0 |              0 |              0 |              0 |              0 |              0 |              0 |              0 |              0 |              0 |              0 |              0 |              0 |              0 |
|               CAS_COUNT_WR               | MBOX1C1 |   126885722450 |              0 |              0 |              0 |              0 |              0 |              0 |              0 |              0 |              0 |              0 |              0 |              0 |              0 |              0 |              0 |              0 |              0 |              0 |              0 |              0 |              0 |              0 |              0 |              0 |              0 |              0 |              0 |
|               CAS_COUNT_RD               | MBOX2C0 |   247307469844 |              0 |              0 |              0 |              0 |              0 |              0 |              0 |              0 |              0 |              0 |              0 |              0 |              0 |              0 |              0 |              0 |              0 |              0 |              0 |              0 |              0 |              0 |              0 |              0 |              0 |              0 |              0 |
|               CAS_COUNT_WR               | MBOX2C1 |   126880127397 |              0 |              0 |              0 |              0 |              0 |              0 |              0 |              0 |              0 |              0 |              0 |              0 |              0 |              0 |              0 |              0 |              0 |              0 |              0 |              0 |              0 |              0 |              0 |              0 |              0 |              0 |              0 |
|               CAS_COUNT_RD               | MBOX3C0 |   247324993883 |              0 |              0 |              0 |              0 |              0 |              0 |              0 |              0 |              0 |              0 |              0 |              0 |              0 |              0 |              0 |              0 |              0 |              0 |              0 |              0 |              0 |              0 |              0 |              0 |              0 |              0 |              0 |
|               CAS_COUNT_WR               | MBOX3C1 |   126870774035 |              0 |              0 |              0 |              0 |              0 |              0 |              0 |              0 |              0 |              0 |              0 |              0 |              0 |              0 |              0 |              0 |              0 |              0 |              0 |              0 |              0 |              0 |              0 |              0 |              0 |              0 |              0 |
|               CAS_COUNT_RD               | MBOX4C0 |   135590482215 |              0 |              0 |              0 |              0 |              0 |              0 |              0 |              0 |              0 |              0 |              0 |              0 |              0 |              0 |              0 |              0 |              0 |              0 |              0 |              0 |              0 |              0 |              0 |              0 |              0 |              0 |              0 |
|               CAS_COUNT_WR               | MBOX4C1 |    69496956050 |              0 |              0 |              0 |              0 |              0 |              0 |              0 |              0 |              0 |              0 |              0 |              0 |              0 |              0 |              0 |              0 |              0 |              0 |              0 |              0 |              0 |              0 |              0 |              0 |              0 |              0 |              0 |
|               CAS_COUNT_RD               | MBOX5C0 |   135601654606 |              0 |              0 |              0 |              0 |              0 |              0 |              0 |              0 |              0 |              0 |              0 |              0 |              0 |              0 |              0 |              0 |              0 |              0 |              0 |              0 |              0 |              0 |              0 |              0 |              0 |              0 |              0 |
|               CAS_COUNT_WR               | MBOX5C1 |    69499043811 |              0 |              0 |              0 |              0 |              0 |              0 |              0 |              0 |              0 |              0 |              0 |              0 |              0 |              0 |              0 |              0 |              0 |              0 |              0 |              0 |              0 |              0 |              0 |              0 |              0 |              0 |              0 |
|               CAS_COUNT_RD               | MBOX6C0 |   135608396429 |              0 |              0 |              0 |              0 |              0 |              0 |              0 |              0 |              0 |              0 |              0 |              0 |              0 |              0 |              0 |              0 |              0 |              0 |              0 |              0 |              0 |              0 |              0 |              0 |              0 |              0 |              0 |
|               CAS_COUNT_WR               | MBOX6C1 |    69500628356 |              0 |              0 |              0 |              0 |              0 |              0 |              0 |              0 |              0 |              0 |              0 |              0 |              0 |              0 |              0 |              0 |              0 |              0 |              0 |              0 |              0 |              0 |              0 |              0 |              0 |              0 |              0 |
|               CAS_COUNT_RD               | MBOX7C0 |   135635256994 |              0 |              0 |              0 |              0 |              0 |              0 |              0 |              0 |              0 |              0 |              0 |              0 |              0 |              0 |              0 |              0 |              0 |              0 |              0 |              0 |              0 |              0 |              0 |              0 |              0 |              0 |              0 |
|               CAS_COUNT_WR               | MBOX7C1 |    69504852180 |              0 |              0 |              0 |              0 |              0 |              0 |              0 |              0 |              0 |              0 |              0 |              0 |              0 |              0 |              0 |              0 |              0 |              0 |              0 |              0 |              0 |              0 |              0 |              0 |              0 |              0 |              0 |
+------------------------------------------+---------+----------------+----------------+----------------+----------------+----------------+----------------+----------------+----------------+----------------+----------------+----------------+----------------+----------------+----------------+----------------+----------------+----------------+----------------+----------------+----------------+----------------+----------------+----------------+----------------+----------------+----------------+----------------+----------------+

+-----------------------------------------------+---------+-----------------+----------------+----------------+--------------+
|                     Event                     | Counter |       Sum       |       Min      |       Max      |      Avg     |
+-----------------------------------------------+---------+-----------------+----------------+----------------+--------------+
|             INSTR_RETIRED_ANY STAT            |  FIXC0  | 183969555758267 |  4789017811981 |  9336580128324 |      nil     |
|           CPU_CLK_UNHALTED_CORE STAT          |  FIXC1  | 116044379371350 |  4142278452906 |  4146799411082 | 4.144442e+12 |
|           CPU_CLK_UNHALTED_REF STAT           |  FIXC2  | 116044362655008 |  4142280727680 |  4146798897408 | 4.144442e+12 |
|               TOPDOWN_SLOTS STAT              |  FIXC3  | 580221896856750 | 20711392264530 | 20733997055410 |      nil     |
|              PWR_PKG_ENERGY STAT              |   PWR0  |     350542.2218 |              0 |    350542.2218 |   12519.3651 |
|              PWR_DRAM_ENERGY STAT             |   PWR3  |      32502.9579 |              0 |     32502.9579 |    1160.8199 |
| FP_ARITH_INST_RETIRED_128B_PACKED_DOUBLE STAT |   PMC0  |               0 |              0 |              0 |            0 |
|    FP_ARITH_INST_RETIRED_SCALAR_DOUBLE STAT   |   PMC1  |  64880932824392 |  2314100813814 |  2335627809726 | 2.317176e+12 |
| FP_ARITH_INST_RETIRED_256B_PACKED_DOUBLE STAT |   PMC2  |               0 |              0 |              0 |            0 |
| FP_ARITH_INST_RETIRED_512B_PACKED_DOUBLE STAT |   PMC3  |   1573876119441 |    55014945000 |    56452421385 | 5.620986e+10 |
|               CAS_COUNT_RD STAT               | MBOX0C0 |    247256331692 |              0 |   247256331692 | 8.830583e+09 |
|               CAS_COUNT_WR STAT               | MBOX0C1 |    126884373823 |              0 |   126884373823 | 4.531585e+09 |
|               CAS_COUNT_RD STAT               | MBOX1C0 |    247305286473 |              0 |   247305286473 | 8.832332e+09 |
|               CAS_COUNT_WR STAT               | MBOX1C1 |    126885722450 |              0 |   126885722450 | 4.531633e+09 |
|               CAS_COUNT_RD STAT               | MBOX2C0 |    247307469844 |              0 |   247307469844 | 8.832410e+09 |
|               CAS_COUNT_WR STAT               | MBOX2C1 |    126880127397 |              0 |   126880127397 | 4.531433e+09 |
|               CAS_COUNT_RD STAT               | MBOX3C0 |    247324993883 |              0 |   247324993883 | 8.833035e+09 |
|               CAS_COUNT_WR STAT               | MBOX3C1 |    126870774035 |              0 |   126870774035 | 4.531099e+09 |
|               CAS_COUNT_RD STAT               | MBOX4C0 |    135590482215 |              0 |   135590482215 | 4.842517e+09 |
|               CAS_COUNT_WR STAT               | MBOX4C1 |     69496956050 |              0 |    69496956050 | 2.482034e+09 |
|               CAS_COUNT_RD STAT               | MBOX5C0 |    135601654606 |              0 |   135601654606 | 4.842916e+09 |
|               CAS_COUNT_WR STAT               | MBOX5C1 |     69499043811 |              0 |    69499043811 | 2.482109e+09 |
|               CAS_COUNT_RD STAT               | MBOX6C0 |    135608396429 |              0 |   135608396429 | 4.843157e+09 |
|               CAS_COUNT_WR STAT               | MBOX6C1 |     69500628356 |              0 |    69500628356 | 2.482165e+09 |
|               CAS_COUNT_RD STAT               | MBOX7C0 |    135635256994 |              0 |   135635256994 | 4.844116e+09 |
|               CAS_COUNT_WR STAT               | MBOX7C1 |     69504852180 |              0 |    69504852180 | 2.482316e+09 |
+-----------------------------------------------+---------+-----------------+----------------+----------------+--------------+

+-----------------------------------+-------------+-----------+-----------+-----------+-----------+-----------+-----------+-----------+-----------+-----------+-------------+-------------+-------------+-------------+-------------+-------------+-------------+-------------+-------------+-------------+-------------+-------------+-------------+-------------+-------------+-------------+-------------+-------------+
|               Metric              |  f0314:0:0  | f0314:1:1 | f0314:2:2 | f0314:3:3 | f0314:4:4 | f0314:5:5 | f0314:6:6 | f0314:7:7 | f0314:8:8 | f0314:9:9 | f0314:10:10 | f0314:11:11 | f0314:12:12 | f0314:13:13 | f0314:14:14 | f0314:15:15 | f0314:16:16 | f0314:17:17 | f0314:18:18 | f0314:19:19 | f0314:20:20 | f0314:21:21 | f0314:22:22 | f0314:23:23 | f0314:24:24 | f0314:25:25 | f0314:26:26 | f0314:27:27 |
+-----------------------------------+-------------+-----------+-----------+-----------+-----------+-----------+-----------+-----------+-----------+-----------+-------------+-------------+-------------+-------------+-------------+-------------+-------------+-------------+-------------+-------------+-------------+-------------+-------------+-------------+-------------+-------------+-------------+-------------+
|        Runtime (RDTSC) [s]        |   1736.8510 | 1736.7930 | 1736.7990 | 1736.7690 | 1736.7790 | 1736.7810 | 1737.2720 | 1736.7820 | 1737.0280 | 1737.0380 |   1736.7620 |   1736.8110 |   1736.7830 |   1736.7830 |   1736.8360 |   1736.9290 |   1736.9230 |   1737.0380 |   1736.9320 |   1736.7670 |   1736.7610 |   1736.8440 |   1736.8070 |   1736.7430 |   1736.7770 |   1736.8230 |   1736.7620 |   1736.7790 |
|        Runtime unhalted [s]       |   1730.0397 | 1730.4747 | 1730.3418 | 1730.0950 | 1730.5492 | 1730.2890 | 1730.8742 | 1730.6310 | 1730.7552 | 1730.5942 |   1730.2392 |   1730.4205 |   1730.4042 |   1730.2231 |   1730.8380 |   1730.5665 |   1731.2414 |   1731.3089 |   1731.9193 |   1731.6576 |   1731.6173 |   1731.8304 |   1731.9266 |   1731.8756 |   1731.7896 |   1731.7805 |   1731.9277 |   1731.5107 |
|            Clock [MHz]            |   2394.3244 | 2394.3005 | 2394.3267 | 2394.3238 | 2394.3261 | 2394.3262 | 2393.6249 | 2394.3257 | 2393.9870 | 2394.0103 |   2394.3293 |   2394.3127 |   2394.3240 |   2394.3250 |   2394.3263 |   2394.3194 |   2394.3068 |   2394.0078 |   2394.3047 |   2394.3264 |   2394.3281 |   2394.2764 |   2394.3259 |   2394.3290 |   2394.3274 |   2394.3230 |   2394.3262 |   2394.3265 |
|                CPI                |      0.7442 |    0.8310 |    0.8568 |    0.7291 |    0.6901 |    0.8081 |    0.8651 |    0.8611 |    0.8200 |    0.7589 |      0.8297 |      0.8397 |      0.8651 |      0.8644 |      0.8449 |      0.8410 |      0.8644 |      0.8078 |      0.4532 |      0.4457 |      0.4459 |      0.4547 |      0.4478 |      0.4441 |      0.4482 |      0.4513 |      0.4499 |      0.4474 |
|             Energy [J]            | 350542.2218 |         0 |         0 |         0 |         0 |         0 |         0 |         0 |         0 |         0 |           0 |           0 |           0 |           0 |           0 |           0 |           0 |           0 |           0 |           0 |           0 |           0 |           0 |           0 |           0 |           0 |           0 |           0 |
|             Power [W]             |    201.8263 |         0 |         0 |         0 |         0 |         0 |         0 |         0 |         0 |         0 |           0 |           0 |           0 |           0 |           0 |           0 |           0 |           0 |           0 |           0 |           0 |           0 |           0 |           0 |           0 |           0 |           0 |           0 |
|          Energy DRAM [J]          |  32502.9579 |         0 |         0 |         0 |         0 |         0 |         0 |         0 |         0 |         0 |           0 |           0 |           0 |           0 |           0 |           0 |           0 |           0 |           0 |           0 |           0 |           0 |           0 |           0 |           0 |           0 |           0 |           0 |
|           Power DRAM [W]          |     18.7137 |         0 |         0 |         0 |         0 |         0 |         0 |         0 |         0 |         0 |           0 |           0 |           0 |           0 |           0 |           0 |           0 |           0 |           0 |           0 |           0 |           0 |           0 |           0 |           0 |           0 |           0 |           0 |
|            DP [MFLOP/s]           |   1592.3766 | 1592.2208 | 1592.2153 | 1598.2248 | 1592.2336 | 1592.2318 | 1591.7818 | 1592.2309 | 1592.0054 | 1591.9962 |   1598.2313 |   1592.2043 |   1592.2299 |   1592.2299 |   1592.1814 |   1592.0961 |   1592.1016 |   1597.9773 |   1592.0933 |   1592.2446 |   1592.2501 |   1592.1740 |   1592.2079 |   1592.2666 |   1598.2174 |   1592.1933 |   1592.2492 |   1592.2336 |
|          AVX DP [MFLOP/s]         |    260.0219 |  259.8220 |  259.8211 |  253.4128 |  259.8241 |  259.8238 |  259.7504 |  259.8236 |  259.7868 |  259.7853 |    253.4139 |    259.8193 |    259.8235 |    259.8235 |    259.8156 |    259.8016 |    259.8025 |    253.3736 |    259.8012 |    259.8259 |    259.8268 |    259.8144 |    259.8199 |    259.8295 |    253.4117 |    259.8175 |    259.8266 |    259.8241 |
|          Packed [MUOPS/s]         |     32.5027 |   32.4777 |   32.4776 |   31.6766 |   32.4780 |   32.4780 |   32.4688 |   32.4780 |   32.4734 |   32.4732 |     31.6767 |     32.4774 |     32.4779 |     32.4779 |     32.4769 |     32.4752 |     32.4753 |     31.6717 |     32.4751 |     32.4782 |     32.4783 |     32.4768 |     32.4775 |     32.4787 |     31.6765 |     32.4772 |     32.4783 |     32.4780 |
|          Scalar [MUOPS/s]         |   1332.3547 | 1332.3988 | 1332.3942 | 1344.8120 | 1332.4095 | 1332.4080 | 1332.0314 | 1332.4072 | 1332.2185 | 1332.2109 |   1344.8174 |   1332.3850 |   1332.4065 |   1332.4064 |   1332.3658 |   1332.2945 |   1332.2991 |   1344.6037 |   1332.2922 |   1332.4187 |   1332.4233 |   1332.3596 |   1332.3880 |   1332.4371 |   1344.8058 |   1332.3757 |   1332.4225 |   1332.4095 |
|  Memory read bandwidth [MBytes/s] |  56437.9511 |         0 |         0 |         0 |         0 |         0 |         0 |         0 |         0 |         0 |           0 |           0 |           0 |           0 |           0 |           0 |           0 |           0 |           0 |           0 |           0 |           0 |           0 |           0 |           0 |           0 |           0 |           0 |
|  Memory read data volume [GBytes] |  98024.3118 |         0 |         0 |         0 |         0 |         0 |         0 |         0 |         0 |         0 |           0 |           0 |           0 |           0 |           0 |           0 |           0 |           0 |           0 |           0 |           0 |           0 |           0 |           0 |           0 |           0 |           0 |           0 |
| Memory write bandwidth [MBytes/s] |  28945.1649 |         0 |         0 |         0 |         0 |         0 |         0 |         0 |         0 |         0 |           0 |           0 |           0 |           0 |           0 |           0 |           0 |           0 |           0 |           0 |           0 |           0 |           0 |           0 |           0 |           0 |           0 |           0 |
| Memory write data volume [GBytes] |  50273.4386 |         0 |         0 |         0 |         0 |         0 |         0 |         0 |         0 |         0 |           0 |           0 |           0 |           0 |           0 |           0 |           0 |           0 |           0 |           0 |           0 |           0 |           0 |           0 |           0 |           0 |           0 |           0 |
|    Memory bandwidth [MBytes/s]    |  85383.1160 |         0 |         0 |         0 |         0 |         0 |         0 |         0 |         0 |         0 |           0 |           0 |           0 |           0 |           0 |           0 |           0 |           0 |           0 |           0 |           0 |           0 |           0 |           0 |           0 |           0 |           0 |           0 |
|    Memory data volume [GBytes]    | 148297.7504 |         0 |         0 |         0 |         0 |         0 |         0 |         0 |         0 |         0 |           0 |           0 |           0 |           0 |           0 |           0 |           0 |           0 |           0 |           0 |           0 |           0 |           0 |           0 |           0 |           0 |           0 |           0 |
|       Operational intensity       |      0.0186 |         0 |         0 |         0 |         0 |         0 |         0 |         0 |         0 |         0 |           0 |           0 |           0 |           0 |           0 |           0 |           0 |           0 |           0 |           0 |           0 |           0 |           0 |           0 |           0 |           0 |           0 |           0 |
+-----------------------------------+-------------+-----------+-----------+-----------+-----------+-----------+-----------+-----------+-----------+-----------+-------------+-------------+-------------+-------------+-------------+-------------+-------------+-------------+-------------+-------------+-------------+-------------+-------------+-------------+-------------+-------------+-------------+-------------+

+----------------------------------------+-------------+-----------+-------------+------------+-----------+-----------+-----------+
|                 Metric                 |     Sum     |    Min    |     Max     |     Avg    |  %ile 25  |  %ile 50  |  %ile 75  |
+----------------------------------------+-------------+-----------+-------------+------------+-----------+-----------+-----------+
|        Runtime (RDTSC) [s] STAT        |  48631.7520 | 1736.7430 |   1737.2720 |  1736.8483 | 1736.7770 | 1736.7930 | 1736.8510 |
|        Runtime unhalted [s] STAT       |  48467.7211 | 1730.0397 |   1731.9277 |  1730.9900 | 1730.4042 | 1730.7552 | 1731.6576 |
|            Clock [MHz] STAT            |  67039.3205 | 2393.6249 |   2394.3293 |  2394.2614 | 2394.3047 | 2394.3244 | 2394.3263 |
|                CPI STAT                |     19.2096 |    0.4441 |      0.8651 |     0.6861 |    0.4499 |    0.7589 |    0.8410 |
|             Energy [J] STAT            | 350542.2218 |         0 | 350542.2218 | 12519.3651 |         0 |         0 |         0 |
|             Power [W] STAT             |    201.8263 |         0 |    201.8263 |     7.2081 |         0 |         0 |         0 |
|          Energy DRAM [J] STAT          |  32502.9579 |         0 |  32502.9579 |  1160.8199 |         0 |         0 |         0 |
|           Power DRAM [W] STAT          |     18.7137 |         0 |     18.7137 |     0.6683 |         0 |         0 |         0 |
|            DP [MFLOP/s] STAT           |  44604.8990 | 1591.7818 |   1598.2313 |  1593.0321 | 1592.1740 | 1592.2299 | 1592.2492 |
|          AVX DP [MFLOP/s] STAT         |   7249.3429 |  253.3736 |    260.0219 |   258.9051 |  259.7868 |  259.8193 |  259.8238 |
|          Packed [MUOPS/s] STAT         |    906.1676 |   31.6717 |     32.5027 |    32.3631 |   32.4734 |   32.4774 |   32.4780 |
|          Scalar [MUOPS/s] STAT         |  37355.5560 | 1332.0314 |   1344.8174 |  1334.1270 | 1332.3547 | 1332.3988 | 1332.4187 |
|  Memory read bandwidth [MBytes/s] STAT |  56437.9511 |         0 |  56437.9511 |  2015.6411 |         0 |         0 |         0 |
|  Memory read data volume [GBytes] STAT |  98024.3118 |         0 |  98024.3118 |  3500.8683 |         0 |         0 |         0 |
| Memory write bandwidth [MBytes/s] STAT |  28945.1649 |         0 |  28945.1649 |  1033.7559 |         0 |         0 |         0 |
| Memory write data volume [GBytes] STAT |  50273.4386 |         0 |  50273.4386 |  1795.4800 |         0 |         0 |         0 |
|    Memory bandwidth [MBytes/s] STAT    |  85383.1160 |         0 |  85383.1160 |  3049.3970 |         0 |         0 |         0 |
|    Memory data volume [GBytes] STAT    | 148297.7504 |         0 | 148297.7504 |  5296.3482 |         0 |         0 |         0 |
|       Operational intensity STAT       |      0.0186 |         0 |      0.0186 |     0.0007 |         0 |         0 |         0 |
+----------------------------------------+-------------+-----------+-------------+------------+-----------+-----------+-----------+

