WARN: Cannot extract OpenMP vendor from executable or commandline, assuming no OpenMP
 nx_glob, nz_glob:                  3000                  1250
 dx,dz:    8.00000000000000        8.00000000000000     
 dt:   2.666666666666666E-002
Group: 1
+------------------------------------------+---------+----------------+----------------+----------------+----------------+----------------+----------------+----------------+----------------+----------------+----------------+----------------+----------------+----------------+----------------+----------------+----------------+----------------+----------------+----------------+----------------+----------------+----------------+----------------+----------------+----------------+----------------+----------------+
|                   Event                  | Counter |    f0314:0:0   |    f0314:1:1   |    f0314:2:2   |    f0314:3:3   |    f0314:4:4   |    f0314:5:5   |    f0314:6:6   |    f0314:7:7   |    f0314:8:8   |    f0314:9:9   |   f0314:10:10  |   f0314:11:11  |   f0314:12:12  |   f0314:13:13  |   f0314:14:14  |   f0314:15:15  |   f0314:16:16  |   f0314:17:17  |   f0314:18:18  |   f0314:19:19  |   f0314:20:20  |   f0314:21:21  |   f0314:22:22  |   f0314:23:23  |   f0314:24:24  |   f0314:25:25  |   f0314:26:26  |
+------------------------------------------+---------+----------------+----------------+----------------+----------------+----------------+----------------+----------------+----------------+----------------+----------------+----------------+----------------+----------------+----------------+----------------+----------------+----------------+----------------+----------------+----------------+----------------+----------------+----------------+----------------+----------------+----------------+----------------+
|             INSTR_RETIRED_ANY            |  FIXC0  |  7721724800956 |  7765246068882 |  6011110278259 |  5002086636133 |  5052893489904 |  4968674281128 |  5016706736948 |  5289452908783 |  5393220803899 |  5021296878090 |  5497709265794 |  5368627685962 |  4987662079426 |  5013590757631 |  5363774461148 |  4960925552769 |  5058304650589 |  5272891421552 |  9401058807314 |  9682641678393 |  9642558581006 |  9376975335415 |  9596181417426 |  9417802823289 |  9671165282702 |  9479719887784 |  9435304644290 |
|           CPU_CLK_UNHALTED_CORE          |  FIXC1  |  4242382472037 |  4242772855393 |  4242069196374 |  4240979283721 |  4242456025662 |  4242033028123 |  4241946251485 |  4241806990898 |  4242145806196 |  4242576050527 |  4241279225444 |  4241957171459 |  4241951529698 |  4242883798247 |  4242270254151 |  4243571327882 |  4243706257712 |  4243435777594 |  4246136608109 |  4245623409351 |  4245987142018 |  4246114438668 |  4246399161202 |  4245955713952 |  4245942701060 |  4246067248324 |  4246099716939 |
|           CPU_CLK_UNHALTED_REF           |  FIXC2  |  4242384532224 |  4242770076864 |  4242068393088 |  4240978549920 |  4242455717664 |  4242030805536 |  4241945828736 |  4241805468000 |  4242142748736 |  4242574235616 |  4241275858656 |  4241957054688 |  4241949419424 |  4242883539456 |  4242268714464 |  4243571755008 |  4243704726624 |  4243435769376 |  4246134996480 |  4245619901856 |  4245989592576 |  4246110436512 |  4246398125760 |  4245951174720 |  4245938453280 |  4246064157888 |  4246097379840 |
|               TOPDOWN_SLOTS              |  FIXC3  | 21211912360185 | 21213864276965 | 21210345981870 | 21204896418605 | 21212280128310 | 21210165140615 | 21209731257425 | 21209034954490 | 21210729030980 | 21212880252635 | 21206396127220 | 21209785857295 | 21209757648490 | 21214418991235 | 21211351270755 | 21217856639410 | 21218531288560 | 21217178887970 | 21230683040545 | 21228117046755 | 21229935710090 | 21230572193340 | 21231995806010 | 21229778569760 | 21229713505300 | 21230336241620 | 21230498584695 |
|              PWR_PKG_ENERGY              |   PWR0  |    353738.6521 |              0 |              0 |              0 |              0 |              0 |              0 |              0 |              0 |              0 |              0 |              0 |              0 |              0 |              0 |              0 |              0 |              0 |              0 |              0 |              0 |              0 |              0 |              0 |              0 |              0 |              0 |
|              PWR_DRAM_ENERGY             |   PWR3  |     32868.5725 |              0 |              0 |              0 |              0 |              0 |              0 |              0 |              0 |              0 |              0 |              0 |              0 |              0 |              0 |              0 |              0 |              0 |              0 |              0 |              0 |              0 |              0 |              0 |              0 |              0 |              0 |
| FP_ARITH_INST_RETIRED_128B_PACKED_DOUBLE |   PMC0  |              0 |              0 |              0 |              0 |              0 |              0 |              0 |              0 |              0 |              0 |              0 |              0 |              0 |              0 |              0 |              0 |              0 |              0 |              0 |              0 |              0 |              0 |              0 |              0 |              0 |              0 |              0 |
|    FP_ARITH_INST_RETIRED_SCALAR_DOUBLE   |   PMC1  |  2400209075208 |  2400208459287 |  2400208468041 |  2400208462379 |  2421735328235 |  2400208450050 |  2400208444340 |  2400208436086 |  2400208434618 |  2400208441976 |  2400208437196 |  2400208416956 |  2400208428981 |  2421735295220 |  2400208403817 |  2400208407365 |  2400208405293 |  2400208407411 |  2400208376190 |  2400208406327 |  2400208391337 |  2400208406172 |  2421735265036 |  2400208382768 |  2400208381082 |  2400208380583 |  2400208378945 |
| FP_ARITH_INST_RETIRED_256B_PACKED_DOUBLE |   PMC2  |              0 |              0 |              0 |              0 |              0 |              0 |              0 |              0 |              0 |              0 |              0 |              0 |              0 |              0 |              0 |              0 |              0 |              0 |              0 |              0 |              0 |              0 |              0 |              0 |              0 |              0 |              0 |
| FP_ARITH_INST_RETIRED_512B_PACKED_DOUBLE |   PMC3  |    57886860135 |    57841565622 |    57841565622 |    57841565622 |    59233882500 |    57841565622 |    57841565622 |    57841565622 |    57841565622 |    57841565622 |    57841565622 |    57841565622 |    57841565622 |    59233882500 |    57841565622 |    57841565622 |    57841565622 |    57841565622 |    57841565622 |    57841565622 |    57841565622 |    57841565622 |    59233882500 |    57841565622 |    57841565622 |    57841565622 |    57841565622 |
|               CAS_COUNT_RD               | MBOX0C0 |   260853988806 |              0 |              0 |              0 |              0 |              0 |              0 |              0 |              0 |              0 |              0 |              0 |              0 |              0 |              0 |              0 |              0 |              0 |              0 |              0 |              0 |              0 |              0 |              0 |              0 |              0 |              0 |
|               CAS_COUNT_WR               | MBOX0C1 |   131624182048 |              0 |              0 |              0 |              0 |              0 |              0 |              0 |              0 |              0 |              0 |              0 |              0 |              0 |              0 |              0 |              0 |              0 |              0 |              0 |              0 |              0 |              0 |              0 |              0 |              0 |              0 |
|               CAS_COUNT_RD               | MBOX1C0 |   260869807105 |              0 |              0 |              0 |              0 |              0 |              0 |              0 |              0 |              0 |              0 |              0 |              0 |              0 |              0 |              0 |              0 |              0 |              0 |              0 |              0 |              0 |              0 |              0 |              0 |              0 |              0 |
|               CAS_COUNT_WR               | MBOX1C1 |   131595174049 |              0 |              0 |              0 |              0 |              0 |              0 |              0 |              0 |              0 |              0 |              0 |              0 |              0 |              0 |              0 |              0 |              0 |              0 |              0 |              0 |              0 |              0 |              0 |              0 |              0 |              0 |
|               CAS_COUNT_RD               | MBOX2C0 |   260915536906 |              0 |              0 |              0 |              0 |              0 |              0 |              0 |              0 |              0 |              0 |              0 |              0 |              0 |              0 |              0 |              0 |              0 |              0 |              0 |              0 |              0 |              0 |              0 |              0 |              0 |              0 |
|               CAS_COUNT_WR               | MBOX2C1 |   131611202020 |              0 |              0 |              0 |              0 |              0 |              0 |              0 |              0 |              0 |              0 |              0 |              0 |              0 |              0 |              0 |              0 |              0 |              0 |              0 |              0 |              0 |              0 |              0 |              0 |              0 |              0 |
|               CAS_COUNT_RD               | MBOX3C0 |   260895059123 |              0 |              0 |              0 |              0 |              0 |              0 |              0 |              0 |              0 |              0 |              0 |              0 |              0 |              0 |              0 |              0 |              0 |              0 |              0 |              0 |              0 |              0 |              0 |              0 |              0 |              0 |
|               CAS_COUNT_WR               | MBOX3C1 |   131595821024 |              0 |              0 |              0 |              0 |              0 |              0 |              0 |              0 |              0 |              0 |              0 |              0 |              0 |              0 |              0 |              0 |              0 |              0 |              0 |              0 |              0 |              0 |              0 |              0 |              0 |              0 |
|               CAS_COUNT_RD               | MBOX4C0 |   125288292303 |              0 |              0 |              0 |              0 |              0 |              0 |              0 |              0 |              0 |              0 |              0 |              0 |              0 |              0 |              0 |              0 |              0 |              0 |              0 |              0 |              0 |              0 |              0 |              0 |              0 |              0 |
|               CAS_COUNT_WR               | MBOX4C1 |    64660490336 |              0 |              0 |              0 |              0 |              0 |              0 |              0 |              0 |              0 |              0 |              0 |              0 |              0 |              0 |              0 |              0 |              0 |              0 |              0 |              0 |              0 |              0 |              0 |              0 |              0 |              0 |
|               CAS_COUNT_RD               | MBOX5C0 |   125275580057 |              0 |              0 |              0 |              0 |              0 |              0 |              0 |              0 |              0 |              0 |              0 |              0 |              0 |              0 |              0 |              0 |              0 |              0 |              0 |              0 |              0 |              0 |              0 |              0 |              0 |              0 |
|               CAS_COUNT_WR               | MBOX5C1 |    64657934542 |              0 |              0 |              0 |              0 |              0 |              0 |              0 |              0 |              0 |              0 |              0 |              0 |              0 |              0 |              0 |              0 |              0 |              0 |              0 |              0 |              0 |              0 |              0 |              0 |              0 |              0 |
|               CAS_COUNT_RD               | MBOX6C0 |   125288977261 |              0 |              0 |              0 |              0 |              0 |              0 |              0 |              0 |              0 |              0 |              0 |              0 |              0 |              0 |              0 |              0 |              0 |              0 |              0 |              0 |              0 |              0 |              0 |              0 |              0 |              0 |
|               CAS_COUNT_WR               | MBOX6C1 |    64657795002 |              0 |              0 |              0 |              0 |              0 |              0 |              0 |              0 |              0 |              0 |              0 |              0 |              0 |              0 |              0 |              0 |              0 |              0 |              0 |              0 |              0 |              0 |              0 |              0 |              0 |              0 |
|               CAS_COUNT_RD               | MBOX7C0 |   125331198418 |              0 |              0 |              0 |              0 |              0 |              0 |              0 |              0 |              0 |              0 |              0 |              0 |              0 |              0 |              0 |              0 |              0 |              0 |              0 |              0 |              0 |              0 |              0 |              0 |              0 |              0 |
|               CAS_COUNT_WR               | MBOX7C1 |    64656069682 |              0 |              0 |              0 |              0 |              0 |              0 |              0 |              0 |              0 |              0 |              0 |              0 |              0 |              0 |              0 |              0 |              0 |              0 |              0 |              0 |              0 |              0 |              0 |              0 |              0 |              0 |
+------------------------------------------+---------+----------------+----------------+----------------+----------------+----------------+----------------+----------------+----------------+----------------+----------------+----------------+----------------+----------------+----------------+----------------+----------------+----------------+----------------+----------------+----------------+----------------+----------------+----------------+----------------+----------------+----------------+----------------+

+-----------------------------------------------+---------+-----------------+----------------+----------------+---------------+
|                     Event                     | Counter |       Sum       |       Min      |       Max      |      Avg      |
+-----------------------------------------------+---------+-----------------+----------------+----------------+---------------+
|             INSTR_RETIRED_ANY STAT            |  FIXC0  | 184469307215472 |  4960925552769 |  9682641678393 | 6832196563536 |
|           CPU_CLK_UNHALTED_CORE STAT          |  FIXC1  | 114576549442226 |  4240979283721 |  4246399161202 |  4.243576e+12 |
|           CPU_CLK_UNHALTED_REF STAT           |  FIXC2  | 114576507412992 |  4240978549920 |  4246398125760 |  4.243574e+12 |
|               TOPDOWN_SLOTS STAT              |  FIXC3  | 572882747211130 | 21204896418605 | 21231995806010 |      nil      |
|              PWR_PKG_ENERGY STAT              |   PWR0  |     353738.6521 |              0 |    353738.6521 |    13101.4316 |
|              PWR_DRAM_ENERGY STAT             |   PWR3  |      32868.5725 |              0 |     32868.5725 |     1217.3545 |
| FP_ARITH_INST_RETIRED_128B_PACKED_DOUBLE STAT |   PMC0  |               0 |              0 |              0 |             0 |
|    FP_ARITH_INST_RETIRED_SCALAR_DOUBLE STAT   |   PMC1  |  64870208570899 |  2400208376190 |  2421735328235 |  2.402600e+12 |
| FP_ARITH_INST_RETIRED_256B_PACKED_DOUBLE STAT |   PMC2  |               0 |              0 |              0 |             0 |
| FP_ARITH_INST_RETIRED_512B_PACKED_DOUBLE STAT |   PMC3  |   1565944516941 |    57841565622 |    59233882500 |  5.799795e+10 |
|               CAS_COUNT_RD STAT               | MBOX0C0 |    260853988806 |              0 |   260853988806 |  9.661259e+09 |
|               CAS_COUNT_WR STAT               | MBOX0C1 |    131624182048 |              0 |   131624182048 |  4.874970e+09 |
|               CAS_COUNT_RD STAT               | MBOX1C0 |    260869807105 |              0 |   260869807105 |  9.661845e+09 |
|               CAS_COUNT_WR STAT               | MBOX1C1 |    131595174049 |              0 |   131595174049 |  4.873895e+09 |
|               CAS_COUNT_RD STAT               | MBOX2C0 |    260915536906 |              0 |   260915536906 |  9.663538e+09 |
|               CAS_COUNT_WR STAT               | MBOX2C1 |    131611202020 |              0 |   131611202020 |  4.874489e+09 |
|               CAS_COUNT_RD STAT               | MBOX3C0 |    260895059123 |              0 |   260895059123 |  9.662780e+09 |
|               CAS_COUNT_WR STAT               | MBOX3C1 |    131595821024 |              0 |   131595821024 |  4.873919e+09 |
|               CAS_COUNT_RD STAT               | MBOX4C0 |    125288292303 |              0 |   125288292303 |  4.640307e+09 |
|               CAS_COUNT_WR STAT               | MBOX4C1 |     64660490336 |              0 |    64660490336 |  2.394833e+09 |
|               CAS_COUNT_RD STAT               | MBOX5C0 |    125275580057 |              0 |   125275580057 |  4.639836e+09 |
|               CAS_COUNT_WR STAT               | MBOX5C1 |     64657934542 |              0 |    64657934542 |  2.394738e+09 |
|               CAS_COUNT_RD STAT               | MBOX6C0 |    125288977261 |              0 |   125288977261 |  4.640332e+09 |
|               CAS_COUNT_WR STAT               | MBOX6C1 |     64657795002 |              0 |    64657795002 |  2.394733e+09 |
|               CAS_COUNT_RD STAT               | MBOX7C0 |    125331198418 |              0 |   125331198418 |  4.641896e+09 |
|               CAS_COUNT_WR STAT               | MBOX7C1 |     64656069682 |              0 |    64656069682 |  2.394669e+09 |
+-----------------------------------------------+---------+-----------------+----------------+----------------+---------------+

+-----------------------------------+-------------+-----------+-----------+-----------+-----------+-----------+-----------+-----------+-----------+-----------+-------------+-------------+-------------+-------------+-------------+-------------+-------------+-------------+-------------+-------------+-------------+-------------+-------------+-------------+-------------+-------------+-------------+
|               Metric              |  f0314:0:0  | f0314:1:1 | f0314:2:2 | f0314:3:3 | f0314:4:4 | f0314:5:5 | f0314:6:6 | f0314:7:7 | f0314:8:8 | f0314:9:9 | f0314:10:10 | f0314:11:11 | f0314:12:12 | f0314:13:13 | f0314:14:14 | f0314:15:15 | f0314:16:16 | f0314:17:17 | f0314:18:18 | f0314:19:19 | f0314:20:20 | f0314:21:21 | f0314:22:22 | f0314:23:23 | f0314:24:24 | f0314:25:25 | f0314:26:26 |
+-----------------------------------+-------------+-----------+-----------+-----------+-----------+-----------+-----------+-----------+-----------+-----------+-------------+-------------+-------------+-------------+-------------+-------------+-------------+-------------+-------------+-------------+-------------+-------------+-------------+-------------+-------------+-------------+-------------+
|        Runtime (RDTSC) [s]        |   1778.3690 | 1778.3790 | 1778.5490 | 1778.3750 | 1778.3710 | 1778.4610 | 1778.3770 | 1778.9340 | 1778.3800 | 1778.3770 |   1778.4050 |   1778.4000 |   1778.3690 |   1778.4000 |   1778.7820 |   1778.4160 |   1778.3700 |   1778.3730 |   1778.3810 |   1778.3780 |   1778.6680 |   1778.5970 |   1778.4310 |   1778.7900 |   1778.3620 |   1778.6050 |   1778.3630 |
|        Runtime unhalted [s]       |   1771.8500 | 1772.0116 | 1771.8328 | 1771.2664 | 1771.8810 | 1771.7015 | 1771.6705 | 1772.1237 | 1771.7615 | 1771.9397 |   1771.4329 |   1771.6713 |   1771.6682 |   1772.0584 |   1772.2060 |   1772.3443 |   1772.4094 |   1772.2879 |   1773.4171 |   1773.2039 |   1773.5283 |   1773.4965 |   1773.5247 |   1773.6994 |   1773.3359 |   1773.4665 |   1773.4127 |
|            Clock [MHz]            |   2394.3225 | 2394.3273 | 2394.1706 | 2394.3208 | 2394.3235 | 2394.3284 | 2394.3203 | 2393.6301 | 2394.3114 | 2394.3128 |   2394.2666 |   2394.3252 |   2394.3274 |   2394.3252 |   2393.7802 |   2394.3265 |   2394.3157 |   2394.3264 |   2394.3258 |   2394.3253 |   2394.0890 |   2394.2074 |   2394.3282 |   2393.8443 |   2394.3275 |   2394.2207 |   2394.3113 |
|                CPI                |      0.5494 |    0.5464 |    0.7057 |    0.8478 |    0.8396 |    0.8538 |    0.8456 |    0.8019 |    0.7866 |    0.8449 |      0.7715 |      0.7901 |      0.8505 |      0.8463 |      0.7909 |      0.8554 |      0.8390 |      0.8048 |      0.4517 |      0.4385 |      0.4403 |      0.4528 |      0.4425 |      0.4508 |      0.4390 |      0.4479 |      0.4500 |
|             Energy [J]            | 353738.6521 |         0 |         0 |         0 |         0 |         0 |         0 |         0 |         0 |         0 |           0 |           0 |           0 |           0 |           0 |           0 |           0 |           0 |           0 |           0 |           0 |           0 |           0 |           0 |           0 |           0 |           0 |
|             Power [W]             |    198.9118 |         0 |         0 |         0 |         0 |         0 |         0 |         0 |         0 |         0 |           0 |           0 |           0 |           0 |           0 |           0 |           0 |           0 |           0 |           0 |           0 |           0 |           0 |           0 |           0 |           0 |           0 |
|          Energy DRAM [J]          |  32868.5725 |         0 |         0 |         0 |         0 |         0 |         0 |         0 |         0 |         0 |           0 |           0 |           0 |           0 |           0 |           0 |           0 |           0 |           0 |           0 |           0 |           0 |           0 |           0 |           0 |           0 |           0 |
|           Power DRAM [W]          |     18.4824 |         0 |         0 |         0 |         0 |         0 |         0 |         0 |         0 |         0 |           0 |           0 |           0 |           0 |           0 |           0 |           0 |           0 |           0 |           0 |           0 |           0 |           0 |           0 |           0 |           0 |           0 |
|            DP [MFLOP/s]           |   1610.0730 | 1609.8599 | 1609.7060 | 1609.8635 | 1628.2353 | 1609.7856 | 1609.8617 | 1609.3576 | 1609.8590 | 1609.8617 |   1609.8363 |   1609.8408 |   1609.8689 |   1628.2087 |   1609.4951 |   1609.8263 |   1609.8680 |   1609.8653 |   1609.8580 |   1609.8607 |   1609.5983 |   1609.6625 |   1628.1803 |   1609.4879 |   1609.8752 |   1609.6553 |   1609.8743 |
|          AVX DP [MFLOP/s]         |    260.4043 |  260.1990 |  260.1742 |  260.1996 |  266.4636 |  260.1871 |  260.1993 |  260.1179 |  260.1989 |  260.1993 |    260.1952 |    260.1960 |    260.2005 |    266.4592 |    260.1401 |    260.1936 |    260.2004 |    260.1999 |    260.1988 |    260.1992 |    260.1568 |    260.1672 |    266.4546 |    260.1389 |    260.2015 |    260.1660 |    260.2014 |
|          Packed [MUOPS/s]         |     32.5505 |   32.5249 |   32.5218 |   32.5250 |   33.3079 |   32.5234 |   32.5249 |   32.5147 |   32.5249 |   32.5249 |     32.5244 |     32.5245 |     32.5251 |     33.3074 |     32.5175 |     32.5242 |     32.5250 |     32.5250 |     32.5248 |     32.5249 |     32.5196 |     32.5209 |     33.3068 |     32.5174 |     32.5252 |     32.5207 |     32.5252 |
|          Scalar [MUOPS/s]         |   1349.6688 | 1349.6608 | 1349.5318 | 1349.6639 | 1361.7717 | 1349.5986 | 1349.6623 | 1349.2397 | 1349.6600 | 1349.6623 |   1349.6411 |   1349.6449 |   1349.6684 |   1361.7495 |   1349.3550 |   1349.6327 |   1349.6676 |   1349.6653 |   1349.6593 |   1349.6615 |   1349.4415 |   1349.4954 |   1361.7257 |   1349.3489 |   1349.6737 |   1349.4893 |   1349.6729 |
|  Memory read bandwidth [MBytes/s] |  55591.3762 |         0 |         0 |         0 |         0 |         0 |         0 |         0 |         0 |         0 |           0 |           0 |           0 |           0 |           0 |           0 |           0 |           0 |           0 |           0 |           0 |           0 |           0 |           0 |           0 |           0 |           0 |
|  Memory read data volume [GBytes] |  98861.9802 |         0 |         0 |         0 |         0 |         0 |         0 |         0 |         0 |         0 |           0 |           0 |           0 |           0 |           0 |           0 |           0 |           0 |           0 |           0 |           0 |           0 |           0 |           0 |           0 |           0 |           0 |
| Memory write bandwidth [MBytes/s] |  28252.7163 |         0 |         0 |         0 |         0 |         0 |         0 |         0 |         0 |         0 |           0 |           0 |           0 |           0 |           0 |           0 |           0 |           0 |           0 |           0 |           0 |           0 |           0 |           0 |           0 |           0 |           0 |
| Memory write data volume [GBytes] |  50243.7548 |         0 |         0 |         0 |         0 |         0 |         0 |         0 |         0 |         0 |           0 |           0 |           0 |           0 |           0 |           0 |           0 |           0 |           0 |           0 |           0 |           0 |           0 |           0 |           0 |           0 |           0 |
|    Memory bandwidth [MBytes/s]    |  83844.0925 |         0 |         0 |         0 |         0 |         0 |         0 |         0 |         0 |         0 |           0 |           0 |           0 |           0 |           0 |           0 |           0 |           0 |           0 |           0 |           0 |           0 |           0 |           0 |           0 |           0 |           0 |
|    Memory data volume [GBytes]    | 149105.7350 |         0 |         0 |         0 |         0 |         0 |         0 |         0 |         0 |         0 |           0 |           0 |           0 |           0 |           0 |           0 |           0 |           0 |           0 |           0 |           0 |           0 |           0 |           0 |           0 |           0 |           0 |
|       Operational intensity       |      0.0192 |         0 |         0 |         0 |         0 |         0 |         0 |         0 |         0 |         0 |           0 |           0 |           0 |           0 |           0 |           0 |           0 |           0 |           0 |           0 |           0 |           0 |           0 |           0 |           0 |           0 |           0 |
+-----------------------------------+-------------+-----------+-----------+-----------+-----------+-----------+-----------+-----------+-----------+-----------+-------------+-------------+-------------+-------------+-------------+-------------+-------------+-------------+-------------+-------------+-------------+-------------+-------------+-------------+-------------+-------------+-------------+

+----------------------------------------+-------------+-----------+-------------+------------+-----------+-----------+-----------+
|                 Metric                 |     Sum     |    Min    |     Max     |     Avg    |  %ile 25  |  %ile 50  |  %ile 75  |
+----------------------------------------+-------------+-----------+-------------+------------+-----------+-----------+-----------+
|        Runtime (RDTSC) [s] STAT        |  48018.6620 | 1778.3620 |   1778.9340 |  1778.4690 | 1778.3730 | 1778.3810 | 1778.4610 |
|        Runtime unhalted [s] STAT       |  47855.2021 | 1771.2664 |   1773.6994 |  1772.4149 | 1771.7615 | 1772.1237 | 1773.3359 |
|            Clock [MHz] STAT            |  64644.3404 | 2393.6301 |   2394.3284 |  2394.2348 | 2394.2207 | 2394.3208 | 2394.3258 |
|                CPI STAT                |     18.1837 |    0.4385 |      0.8554 |     0.6735 |    0.4508 |    0.7866 |    0.8396 |
|             Energy [J] STAT            | 353738.6521 |         0 | 353738.6521 | 13101.4316 |         0 |         0 |         0 |
|             Power [W] STAT             |    198.9118 |         0 |    198.9118 |     7.3671 |         0 |         0 |         0 |
|          Energy DRAM [J] STAT          |  32868.5725 |         0 |  32868.5725 |  1217.3545 |         0 |         0 |         0 |
|           Power DRAM [W] STAT          |     18.4824 |         0 |     18.4824 |     0.6845 |         0 |         0 |         0 |
|            DP [MFLOP/s] STAT           |  43519.3252 | 1609.3576 |   1628.2353 |  1611.8269 | 1609.7060 | 1609.8599 | 1609.8680 |
|          AVX DP [MFLOP/s] STAT         |   7044.0125 |  260.1179 |    266.4636 |   260.8894 |  260.1742 |  260.1990 |  260.2004 |
|          Packed [MUOPS/s] STAT         |    880.5015 |   32.5147 |     33.3079 |    32.6112 |   32.5218 |   32.5249 |   32.5250 |
|          Scalar [MUOPS/s] STAT         |  36475.3126 | 1349.2397 |   1361.7717 |  1350.9375 | 1349.5318 | 1349.6608 | 1349.6676 |
|  Memory read bandwidth [MBytes/s] STAT |  55591.3762 |         0 |  55591.3762 |  2058.9399 |         0 |         0 |         0 |
|  Memory read data volume [GBytes] STAT |  98861.9802 |         0 |  98861.9802 |  3661.5548 |         0 |         0 |         0 |
| Memory write bandwidth [MBytes/s] STAT |  28252.7163 |         0 |  28252.7163 |  1046.3969 |         0 |         0 |         0 |
| Memory write data volume [GBytes] STAT |  50243.7548 |         0 |  50243.7548 |  1860.8798 |         0 |         0 |         0 |
|    Memory bandwidth [MBytes/s] STAT    |  83844.0925 |         0 |  83844.0925 |  3105.3368 |         0 |         0 |         0 |
|    Memory data volume [GBytes] STAT    | 149105.7350 |         0 | 149105.7350 |  5522.4346 |         0 |         0 |         0 |
|       Operational intensity STAT       |      0.0192 |         0 |      0.0192 |     0.0007 |         0 |         0 |         0 |
+----------------------------------------+-------------+-----------+-------------+------------+-----------+-----------+-----------+

