WARN: Cannot extract OpenMP vendor from executable or commandline, assuming no OpenMP
 nx_glob, nz_glob:                  3000                  1250
 dx,dz:    8.00000000000000        8.00000000000000     
 dt:   2.666666666666666E-002
Group: 1
+------------------------------------------+---------+----------------+----------------+----------------+----------------+----------------+----------------+----------------+----------------+----------------+----------------+----------------+----------------+----------------+----------------+----------------+----------------+----------------+----------------+----------------+----------------+----------------+----------------+----------------+----------------+----------------+----------------+----------------+----------------+----------------+----------------+----------------+
|                   Event                  | Counter |    f0314:0:0   |    f0314:1:1   |    f0314:2:2   |    f0314:3:3   |    f0314:4:4   |    f0314:5:5   |    f0314:6:6   |    f0314:7:7   |    f0314:8:8   |    f0314:9:9   |   f0314:10:10  |   f0314:11:11  |   f0314:12:12  |   f0314:13:13  |   f0314:14:14  |   f0314:15:15  |   f0314:16:16  |   f0314:17:17  |   f0314:18:18  |   f0314:19:19  |   f0314:20:20  |   f0314:21:21  |   f0314:22:22  |   f0314:23:23  |   f0314:24:24  |   f0314:25:25  |   f0314:26:26  |   f0314:27:27  |   f0314:28:28  |   f0314:29:29  |   f0314:30:30  |
+------------------------------------------+---------+----------------+----------------+----------------+----------------+----------------+----------------+----------------+----------------+----------------+----------------+----------------+----------------+----------------+----------------+----------------+----------------+----------------+----------------+----------------+----------------+----------------+----------------+----------------+----------------+----------------+----------------+----------------+----------------+----------------+----------------+----------------+
|             INSTR_RETIRED_ANY            |  FIXC0  |  5535346363625 |  6491610954006 |  6156143983931 |  5095286346595 |  4625850326297 |  4766535144267 |  4997755614205 |  4982286287862 |  5010040404022 |  4727154216349 |  4417580063127 |  4932365837393 |  4356390183391 |  4375821072765 |  4417189183684 |  5217379081411 |  4767386800280 |  4980887055765 |  7739000969480 |  7927983705079 |  7896472872245 |  7666859024170 |  7720119112809 |  7756199548464 |  7871163516821 |  7737700820927 |  7732516850609 |  7799455948551 |  7948020121383 |  7836331672779 |  7731906074925 |
|           CPU_CLK_UNHALTED_CORE          |  FIXC1  |  3619095146506 |  3619352756650 |  3619198037622 |  3619244413124 |  3619561443427 |  3618689623286 |  3619156702979 |  3619394374263 |  3619123158170 |  3619391803458 |  3618625479532 |  3619592446850 |  3619437853667 |  3619569856423 |  3619420547178 |  3620167722267 |  3621212580898 |  3620936461219 |  3622204138392 |  3621763656407 |  3621762614082 |  3622220800499 |  3622379551749 |  3622243782837 |  3622172641898 |  3621921159608 |  3620466226780 |  3620930936657 |  3622166530818 |  3621866785709 |  3622032451713 |
|           CPU_CLK_UNHALTED_REF           |  FIXC2  |  3619096986624 |  3619351864800 |  3619198219392 |  3619244414592 |  3619561997376 |  3618688417536 |  3619157140512 |  3619393434144 |  3619121320704 |  3619390876800 |  3618625407264 |  3619592761344 |  3619437122016 |  3619569763104 |  3619420458624 |  3620168401632 |  3621213141792 |  3620936375712 |  3622205028384 |  3621761380032 |  3621761381472 |  3622217521632 |  3622376714592 |  3622240578336 |  3622169855040 |  3621920985696 |  3620462169984 |  3620926739040 |  3622166089152 |  3621864037152 |  3622031899200 |
|               TOPDOWN_SLOTS              |  FIXC3  | 18095475732530 | 18096763783250 | 18095990188110 | 18096222065620 | 18097807217135 | 18093448116430 | 18095783514895 | 18096971871315 | 18095615790850 | 18096959017290 | 18093127397660 | 18097962234250 | 18097189268335 | 18097849282115 | 18097102735890 | 18100838611335 | 18106062904490 | 18104682306095 | 18111020691960 | 18108818282035 | 18108813070410 | 18111104002495 | 18111897758745 | 18111218914185 | 18110863209490 | 18109605798040 | 18102331133900 | 18104654683285 | 18110832654090 | 18109333928545 | 18110162258565 |
|              PWR_PKG_ENERGY              |   PWR0  |    330976.7811 |              0 |              0 |              0 |              0 |              0 |              0 |              0 |              0 |              0 |              0 |              0 |              0 |              0 |              0 |              0 |              0 |              0 |              0 |              0 |              0 |              0 |              0 |              0 |              0 |              0 |              0 |              0 |              0 |              0 |              0 |
|              PWR_DRAM_ENERGY             |   PWR3  |     30733.7342 |              0 |              0 |              0 |              0 |              0 |              0 |              0 |              0 |              0 |              0 |              0 |              0 |              0 |              0 |              0 |              0 |              0 |              0 |              0 |              0 |              0 |              0 |              0 |              0 |              0 |              0 |              0 |              0 |              0 |              0 |
| FP_ARITH_INST_RETIRED_128B_PACKED_DOUBLE |   PMC0  |              0 |              0 |              0 |              0 |              0 |              0 |              0 |              0 |              0 |              0 |              0 |              0 |              0 |              0 |              0 |              0 |              0 |              0 |              0 |              0 |              0 |              0 |              0 |              0 |              0 |              0 |              0 |              0 |              0 |              0 |              0 |
|    FP_ARITH_INST_RETIRED_SCALAR_DOUBLE   |   PMC1  |  2098832718445 |  2098832102792 |  2077305231043 |  2098832091048 |  2098832088481 |  2098832091251 |  2077305202577 |  2098832083789 |  2098832093166 |  2098832088192 |  2098832074529 |  2077305179316 |  2098832045293 |  2098832065171 |  2098832059233 |  2077305158050 |  2098832049156 |  2098832052024 |  2098832024033 |  2077305170015 |  2098832013977 |  2098832014350 |  2098832011248 |  2098832026324 |  2077305136283 |  2098832020207 |  2098832020571 |  2098832007286 |  2077305131212 |  2098832008759 |  2098832005414 |
| FP_ARITH_INST_RETIRED_256B_PACKED_DOUBLE |   PMC2  |              0 |              0 |              0 |              0 |              0 |              0 |              0 |              0 |              0 |              0 |              0 |              0 |              0 |              0 |              0 |              0 |              0 |              0 |              0 |              0 |              0 |              0 |              0 |              0 |              0 |              0 |              0 |              0 |              0 |              0 |              0 |
| FP_ARITH_INST_RETIRED_512B_PACKED_DOUBLE |   PMC3  |    52191362013 |    52146067500 |    53496127500 |    52146067500 |    52146067500 |    52146067500 |    53496127500 |    52146067500 |    52146067500 |    52146067500 |    52146067500 |    53496127500 |    52146067500 |    52146067500 |    52146067500 |    53496127500 |    52146067500 |    52146067500 |    52146067500 |    53496127500 |    52146067500 |    52146067500 |    52146067500 |    52146067500 |    53496127500 |    52146067500 |    52146067500 |    52146067500 |    53496127500 |    52146067500 |    52146067500 |
|               CAS_COUNT_RD               | MBOX0C0 |   230961964859 |              0 |              0 |              0 |              0 |              0 |              0 |              0 |              0 |              0 |              0 |              0 |              0 |              0 |              0 |              0 |              0 |              0 |              0 |              0 |              0 |              0 |              0 |              0 |              0 |              0 |              0 |              0 |              0 |              0 |              0 |
|               CAS_COUNT_WR               | MBOX0C1 |   115187237769 |              0 |              0 |              0 |              0 |              0 |              0 |              0 |              0 |              0 |              0 |              0 |              0 |              0 |              0 |              0 |              0 |              0 |              0 |              0 |              0 |              0 |              0 |              0 |              0 |              0 |              0 |              0 |              0 |              0 |              0 |
|               CAS_COUNT_RD               | MBOX1C0 |   230998709784 |              0 |              0 |              0 |              0 |              0 |              0 |              0 |              0 |              0 |              0 |              0 |              0 |              0 |              0 |              0 |              0 |              0 |              0 |              0 |              0 |              0 |              0 |              0 |              0 |              0 |              0 |              0 |              0 |              0 |              0 |
|               CAS_COUNT_WR               | MBOX1C1 |   115176059386 |              0 |              0 |              0 |              0 |              0 |              0 |              0 |              0 |              0 |              0 |              0 |              0 |              0 |              0 |              0 |              0 |              0 |              0 |              0 |              0 |              0 |              0 |              0 |              0 |              0 |              0 |              0 |              0 |              0 |              0 |
|               CAS_COUNT_RD               | MBOX2C0 |   231020760695 |              0 |              0 |              0 |              0 |              0 |              0 |              0 |              0 |              0 |              0 |              0 |              0 |              0 |              0 |              0 |              0 |              0 |              0 |              0 |              0 |              0 |              0 |              0 |              0 |              0 |              0 |              0 |              0 |              0 |              0 |
|               CAS_COUNT_WR               | MBOX2C1 |   115181526680 |              0 |              0 |              0 |              0 |              0 |              0 |              0 |              0 |              0 |              0 |              0 |              0 |              0 |              0 |              0 |              0 |              0 |              0 |              0 |              0 |              0 |              0 |              0 |              0 |              0 |              0 |              0 |              0 |              0 |              0 |
|               CAS_COUNT_RD               | MBOX3C0 |   230996038864 |              0 |              0 |              0 |              0 |              0 |              0 |              0 |              0 |              0 |              0 |              0 |              0 |              0 |              0 |              0 |              0 |              0 |              0 |              0 |              0 |              0 |              0 |              0 |              0 |              0 |              0 |              0 |              0 |              0 |              0 |
|               CAS_COUNT_WR               | MBOX3C1 |   115163107974 |              0 |              0 |              0 |              0 |              0 |              0 |              0 |              0 |              0 |              0 |              0 |              0 |              0 |              0 |              0 |              0 |              0 |              0 |              0 |              0 |              0 |              0 |              0 |              0 |              0 |              0 |              0 |              0 |              0 |              0 |
|               CAS_COUNT_RD               | MBOX4C0 |   163065614768 |              0 |              0 |              0 |              0 |              0 |              0 |              0 |              0 |              0 |              0 |              0 |              0 |              0 |              0 |              0 |              0 |              0 |              0 |              0 |              0 |              0 |              0 |              0 |              0 |              0 |              0 |              0 |              0 |              0 |              0 |
|               CAS_COUNT_WR               | MBOX4C1 |    82570634876 |              0 |              0 |              0 |              0 |              0 |              0 |              0 |              0 |              0 |              0 |              0 |              0 |              0 |              0 |              0 |              0 |              0 |              0 |              0 |              0 |              0 |              0 |              0 |              0 |              0 |              0 |              0 |              0 |              0 |              0 |
|               CAS_COUNT_RD               | MBOX5C0 |   163067865423 |              0 |              0 |              0 |              0 |              0 |              0 |              0 |              0 |              0 |              0 |              0 |              0 |              0 |              0 |              0 |              0 |              0 |              0 |              0 |              0 |              0 |              0 |              0 |              0 |              0 |              0 |              0 |              0 |              0 |              0 |
|               CAS_COUNT_WR               | MBOX5C1 |    82569380524 |              0 |              0 |              0 |              0 |              0 |              0 |              0 |              0 |              0 |              0 |              0 |              0 |              0 |              0 |              0 |              0 |              0 |              0 |              0 |              0 |              0 |              0 |              0 |              0 |              0 |              0 |              0 |              0 |              0 |              0 |
|               CAS_COUNT_RD               | MBOX6C0 |   163050907985 |              0 |              0 |              0 |              0 |              0 |              0 |              0 |              0 |              0 |              0 |              0 |              0 |              0 |              0 |              0 |              0 |              0 |              0 |              0 |              0 |              0 |              0 |              0 |              0 |              0 |              0 |              0 |              0 |              0 |              0 |
|               CAS_COUNT_WR               | MBOX6C1 |    82568611313 |              0 |              0 |              0 |              0 |              0 |              0 |              0 |              0 |              0 |              0 |              0 |              0 |              0 |              0 |              0 |              0 |              0 |              0 |              0 |              0 |              0 |              0 |              0 |              0 |              0 |              0 |              0 |              0 |              0 |              0 |
|               CAS_COUNT_RD               | MBOX7C0 |   163085508912 |              0 |              0 |              0 |              0 |              0 |              0 |              0 |              0 |              0 |              0 |              0 |              0 |              0 |              0 |              0 |              0 |              0 |              0 |              0 |              0 |              0 |              0 |              0 |              0 |              0 |              0 |              0 |              0 |              0 |              0 |
|               CAS_COUNT_WR               | MBOX7C1 |    82563606995 |              0 |              0 |              0 |              0 |              0 |              0 |              0 |              0 |              0 |              0 |              0 |              0 |              0 |              0 |              0 |              0 |              0 |              0 |              0 |              0 |              0 |              0 |              0 |              0 |              0 |              0 |              0 |              0 |              0 |              0 |
+------------------------------------------+---------+----------------+----------------+----------------+----------------+----------------+----------------+----------------+----------------+----------------+----------------+----------------+----------------+----------------+----------------+----------------+----------------+----------------+----------------+----------------+----------------+----------------+----------------+----------------+----------------+----------------+----------------+----------------+----------------+----------------+----------------+----------------+

+-----------------------------------------------+---------+-----------------+----------------+----------------+--------------+
|                     Event                     | Counter |       Sum       |       Min      |       Max      |      Avg     |
+-----------------------------------------------+---------+-----------------+----------------+----------------+--------------+
|             INSTR_RETIRED_ANY STAT            |  FIXC0  | 191216739157217 |  4356390183391 |  7948020121383 | 6.168282e+12 |
|           CPU_CLK_UNHALTED_CORE STAT          |  FIXC1  | 112235301684668 |  3618625479532 |  3622379551749 | 3.620494e+12 |
|           CPU_CLK_UNHALTED_REF STAT           |  FIXC2  | 112235272483680 |  3618625407264 |  3622376714592 | 3.620493e+12 |
|               TOPDOWN_SLOTS STAT              |  FIXC3  | 561176508423340 | 18093127397660 | 18111897758745 |      nil     |
|              PWR_PKG_ENERGY STAT              |   PWR0  |     330976.7811 |              0 |    330976.7811 |   10676.6704 |
|              PWR_DRAM_ENERGY STAT             |   PWR3  |      30733.7342 |              0 |     30733.7342 |     991.4108 |
| FP_ARITH_INST_RETIRED_128B_PACKED_DOUBLE STAT |   PMC0  |               0 |              0 |              0 |            0 |
|    FP_ARITH_INST_RETIRED_SCALAR_DOUBLE STAT   |   PMC1  |  64913106063235 |  2077305131212 |  2098832718445 | 2.093971e+12 |
| FP_ARITH_INST_RETIRED_256B_PACKED_DOUBLE STAT |   PMC2  |               0 |              0 |              0 |            0 |
| FP_ARITH_INST_RETIRED_512B_PACKED_DOUBLE STAT |   PMC3  |   1626023807013 |    52146067500 |    53496127500 | 5.245238e+10 |
|               CAS_COUNT_RD STAT               | MBOX0C0 |    230961964859 |              0 |   230961964859 | 7.450386e+09 |
|               CAS_COUNT_WR STAT               | MBOX0C1 |    115187237769 |              0 |   115187237769 | 3.715717e+09 |
|               CAS_COUNT_RD STAT               | MBOX1C0 |    230998709784 |              0 |   230998709784 | 7.451571e+09 |
|               CAS_COUNT_WR STAT               | MBOX1C1 |    115176059386 |              0 |   115176059386 | 3.715357e+09 |
|               CAS_COUNT_RD STAT               | MBOX2C0 |    231020760695 |              0 |   231020760695 | 7.452283e+09 |
|               CAS_COUNT_WR STAT               | MBOX2C1 |    115181526680 |              0 |   115181526680 | 3.715533e+09 |
|               CAS_COUNT_RD STAT               | MBOX3C0 |    230996038864 |              0 |   230996038864 | 7.451485e+09 |
|               CAS_COUNT_WR STAT               | MBOX3C1 |    115163107974 |              0 |   115163107974 | 3.714939e+09 |
|               CAS_COUNT_RD STAT               | MBOX4C0 |    163065614768 |              0 |   163065614768 | 5.260181e+09 |
|               CAS_COUNT_WR STAT               | MBOX4C1 |     82570634876 |              0 |    82570634876 | 2.663569e+09 |
|               CAS_COUNT_RD STAT               | MBOX5C0 |    163067865423 |              0 |   163067865423 | 5.260254e+09 |
|               CAS_COUNT_WR STAT               | MBOX5C1 |     82569380524 |              0 |    82569380524 |   2663528404 |
|               CAS_COUNT_RD STAT               | MBOX6C0 |    163050907985 |              0 |   163050907985 | 5.259707e+09 |
|               CAS_COUNT_WR STAT               | MBOX6C1 |     82568611313 |              0 |    82568611313 | 2.663504e+09 |
|               CAS_COUNT_RD STAT               | MBOX7C0 |    163085508912 |              0 |   163085508912 | 5.260823e+09 |
|               CAS_COUNT_WR STAT               | MBOX7C1 |     82563606995 |              0 |    82563606995 | 2.663342e+09 |
+-----------------------------------------------+---------+-----------------+----------------+----------------+--------------+

+-----------------------------------+-------------+-----------+-----------+-----------+-----------+-----------+-----------+-----------+-----------+-----------+-------------+-------------+-------------+-------------+-------------+-------------+-------------+-------------+-------------+-------------+-------------+-------------+-------------+-------------+-------------+-------------+-------------+-------------+-------------+-------------+-------------+
|               Metric              |  f0314:0:0  | f0314:1:1 | f0314:2:2 | f0314:3:3 | f0314:4:4 | f0314:5:5 | f0314:6:6 | f0314:7:7 | f0314:8:8 | f0314:9:9 | f0314:10:10 | f0314:11:11 | f0314:12:12 | f0314:13:13 | f0314:14:14 | f0314:15:15 | f0314:16:16 | f0314:17:17 | f0314:18:18 | f0314:19:19 | f0314:20:20 | f0314:21:21 | f0314:22:22 | f0314:23:23 | f0314:24:24 | f0314:25:25 | f0314:26:26 | f0314:27:27 | f0314:28:28 | f0314:29:29 | f0314:30:30 |
+-----------------------------------+-------------+-----------+-----------+-----------+-----------+-----------+-----------+-----------+-----------+-----------+-------------+-------------+-------------+-------------+-------------+-------------+-------------+-------------+-------------+-------------+-------------+-------------+-------------+-------------+-------------+-------------+-------------+-------------+-------------+-------------+-------------+
|        Runtime (RDTSC) [s]        |   1517.5580 | 1517.5850 | 1517.9010 | 1517.9400 | 1517.6060 | 1517.7200 | 1517.9800 | 1517.8730 | 1517.5590 | 1517.5870 |   1517.5840 |   1517.6000 |   1517.7430 |   1517.6350 |   1517.7720 |   1517.5990 |   1517.5830 |   1517.9060 |   1517.8710 |   1517.5510 |   1517.5780 |   1517.5600 |   1517.5740 |   1517.5820 |   1517.5730 |   1517.5640 |   1517.8520 |   1517.6470 |   1517.7280 |   1517.8710 |   1517.8830 |
|        Runtime unhalted [s]       |   1511.5367 | 1511.6516 | 1511.5745 | 1511.6382 | 1511.7244 | 1511.3601 | 1511.9687 | 1511.9637 | 1511.5402 | 1511.6542 |   1511.3364 |   1511.7406 |   1511.7795 |   1511.7287 |   1511.8564 |   1511.9792 |   1512.4145 |   1512.3110 |   1512.8257 |   1512.6499 |   1512.6439 |   1512.8374 |   1512.9162 |   1512.8452 |   1512.8192 |   1512.7134 |   1512.1340 |   1512.3618 |   1512.9801 |   1512.6863 |   1512.7560 |
|            Clock [MHz]            |   2394.3138 | 2394.3040 | 2394.3232 | 2394.2530 | 2394.3260 | 2394.3274 | 2393.6715 | 2393.8374 | 2394.3292 | 2394.3258 |   2394.3218 |   2394.3210 |   2394.1578 |   2394.3251 |   2394.0242 |   2394.3233 |   2394.3251 |   2394.3068 |   2394.3295 |   2394.3188 |   2394.3268 |   2394.3248 |   2394.3047 |   2394.3275 |   2394.3215 |   2394.3209 |   2394.2788 |   2394.2254 |   2394.0612 |   2394.3296 |   2394.3273 |
|                CPI                |      0.6538 |    0.5575 |    0.5879 |    0.7103 |    0.7825 |    0.7592 |    0.7242 |    0.7265 |    0.7224 |    0.7657 |      0.8191 |      0.7338 |      0.8308 |      0.8272 |      0.8194 |      0.6939 |      0.7596 |      0.7270 |      0.4680 |      0.4568 |      0.4587 |      0.4725 |      0.4692 |      0.4670 |      0.4602 |      0.4681 |      0.4682 |      0.4643 |      0.4557 |      0.4622 |      0.4685 |
|             Energy [J]            | 330976.7811 |         0 |         0 |         0 |         0 |         0 |         0 |         0 |         0 |         0 |           0 |           0 |           0 |           0 |           0 |           0 |           0 |           0 |           0 |           0 |           0 |           0 |           0 |           0 |           0 |           0 |           0 |           0 |           0 |           0 |           0 |
|             Power [W]             |    218.0983 |         0 |         0 |         0 |         0 |         0 |         0 |         0 |         0 |         0 |           0 |           0 |           0 |           0 |           0 |           0 |           0 |           0 |           0 |           0 |           0 |           0 |           0 |           0 |           0 |           0 |           0 |           0 |           0 |           0 |           0 |
|          Energy DRAM [J]          |  30733.7342 |         0 |         0 |         0 |         0 |         0 |         0 |         0 |         0 |         0 |           0 |           0 |           0 |           0 |           0 |           0 |           0 |           0 |           0 |           0 |           0 |           0 |           0 |           0 |           0 |           0 |           0 |           0 |           0 |           0 |           0 |
|           Power DRAM [W]          |     20.2521 |         0 |         0 |         0 |         0 |         0 |         0 |         0 |         0 |         0 |           0 |           0 |           0 |           0 |           0 |           0 |           0 |           0 |           0 |           0 |           0 |           0 |           0 |           0 |           0 |           0 |           0 |           0 |           0 |           0 |           0 |
|            DP [MFLOP/s]           |   1658.1664 | 1657.8977 | 1650.4859 | 1657.5099 | 1657.8747 | 1657.7502 | 1650.4000 | 1657.5831 | 1657.9261 | 1657.8955 |   1657.8987 |   1650.8133 |   1657.7250 |   1657.8430 |   1657.6934 |   1650.8143 |   1657.8998 |   1657.5470 |   1657.5852 |   1650.8666 |   1657.9053 |   1657.9249 |   1657.9096 |   1657.9009 |   1650.8426 |   1657.9206 |   1657.6060 |   1657.8299 |   1650.6740 |   1657.5852 |   1657.5721 |
|          AVX DP [MFLOP/s]         |    275.1334 |  274.8897 |  281.9479 |  274.8254 |  274.8859 |  274.8653 |  281.9332 |  274.8376 |  274.8944 |  274.8894 |    274.8899 |    282.0038 |    274.8611 |    274.8807 |    274.8559 |    282.0040 |    274.8901 |    274.8316 |    274.8379 |    282.0129 |    274.8910 |    274.8943 |    274.8917 |    274.8903 |    282.0089 |    274.8935 |    274.8414 |    274.8785 |    281.9801 |    274.8379 |    274.8358 |
|          Packed [MUOPS/s]         |     34.3917 |   34.3612 |   35.2435 |   34.3532 |   34.3607 |   34.3582 |   35.2417 |   34.3547 |   34.3618 |   34.3612 |     34.3612 |     35.2505 |     34.3576 |     34.3601 |     34.3570 |     35.2505 |     34.3613 |     34.3540 |     34.3547 |     35.2516 |     34.3614 |     34.3618 |     34.3615 |     34.3613 |     35.2511 |     34.3617 |     34.3552 |     34.3598 |     35.2475 |     34.3547 |     34.3545 |
|          Scalar [MUOPS/s]         |   1383.0330 | 1383.0079 | 1368.5380 | 1382.6845 | 1382.9888 | 1382.8849 | 1368.4668 | 1382.7455 | 1383.0316 | 1383.0061 |   1383.0088 |   1368.8094 |   1382.8639 |   1382.9623 |   1382.8375 |   1368.8103 |   1383.0097 |   1382.7154 |   1382.7473 |   1368.8536 |   1383.0143 |   1383.0307 |   1383.0179 |   1383.0106 |   1368.8337 |   1383.0270 |   1382.7646 |   1382.9514 |   1368.6939 |   1382.7473 |   1382.7364 |
|  Memory read bandwidth [MBytes/s] |  66475.1079 |         0 |         0 |         0 |         0 |         0 |         0 |         0 |         0 |         0 |           0 |           0 |           0 |           0 |           0 |           0 |           0 |           0 |           0 |           0 |           0 |           0 |           0 |           0 |           0 |           0 |           0 |           0 |           0 |           0 |           0 |
|  Memory read data volume [GBytes] | 100879.8318 |         0 |         0 |         0 |         0 |         0 |         0 |         0 |         0 |         0 |           0 |           0 |           0 |           0 |           0 |           0 |           0 |           0 |           0 |           0 |           0 |           0 |           0 |           0 |           0 |           0 |           0 |           0 |           0 |           0 |           0 |
| Memory write bandwidth [MBytes/s] |  33358.0203 |         0 |         0 |         0 |         0 |         0 |         0 |         0 |         0 |         0 |           0 |           0 |           0 |           0 |           0 |           0 |           0 |           0 |           0 |           0 |           0 |           0 |           0 |           0 |           0 |           0 |           0 |           0 |           0 |           0 |           0 |
| Memory write data volume [GBytes] |  50622.7306 |         0 |         0 |         0 |         0 |         0 |         0 |         0 |         0 |         0 |           0 |           0 |           0 |           0 |           0 |           0 |           0 |           0 |           0 |           0 |           0 |           0 |           0 |           0 |           0 |           0 |           0 |           0 |           0 |           0 |           0 |
|    Memory bandwidth [MBytes/s]    |  99833.1282 |         0 |         0 |         0 |         0 |         0 |         0 |         0 |         0 |         0 |           0 |           0 |           0 |           0 |           0 |           0 |           0 |           0 |           0 |           0 |           0 |           0 |           0 |           0 |           0 |           0 |           0 |           0 |           0 |           0 |           0 |
|    Memory data volume [GBytes]    | 151502.5624 |         0 |         0 |         0 |         0 |         0 |         0 |         0 |         0 |         0 |           0 |           0 |           0 |           0 |           0 |           0 |           0 |           0 |           0 |           0 |           0 |           0 |           0 |           0 |           0 |           0 |           0 |           0 |           0 |           0 |           0 |
|       Operational intensity       |      0.0166 |         0 |         0 |         0 |         0 |         0 |         0 |         0 |         0 |         0 |           0 |           0 |           0 |           0 |           0 |           0 |           0 |           0 |           0 |           0 |           0 |           0 |           0 |           0 |           0 |           0 |           0 |           0 |           0 |           0 |           0 |
+-----------------------------------+-------------+-----------+-----------+-----------+-----------+-----------+-----------+-----------+-----------+-----------+-------------+-------------+-------------+-------------+-------------+-------------+-------------+-------------+-------------+-------------+-------------+-------------+-------------+-------------+-------------+-------------+-------------+-------------+-------------+-------------+-------------+

+----------------------------------------+-------------+-----------+-------------+------------+-----------+-----------+-----------+
|                 Metric                 |     Sum     |    Min    |     Max     |     Avg    |  %ile 25  |  %ile 50  |  %ile 75  |
+----------------------------------------+-------------+-----------+-------------+------------+-----------+-----------+-----------+
|        Runtime (RDTSC) [s] STAT        |  47048.5650 | 1517.5510 |   1517.9800 |  1517.6956 | 1517.5780 | 1517.6060 | 1517.8520 |
|        Runtime unhalted [s] STAT       |  46876.9277 | 1511.3364 |   1512.9801 |  1512.1590 | 1511.6542 | 1511.9792 | 1512.6863 |
|            Clock [MHz] STAT            |  74221.9132 | 2393.6715 |   2394.3296 |  2394.2553 | 2394.2788 | 2394.3215 | 2394.3258 |
|                CPI STAT                |     19.2402 |    0.4557 |      0.8308 |     0.6207 |    0.4680 |    0.6538 |    0.7338 |
|             Energy [J] STAT            | 330976.7811 |         0 | 330976.7811 | 10676.6704 |         0 |         0 |         0 |
|             Power [W] STAT             |    218.0983 |         0 |    218.0983 |     7.0354 |         0 |         0 |         0 |
|          Energy DRAM [J] STAT          |  30733.7342 |         0 |  30733.7342 |   991.4108 |         0 |         0 |         0 |
|           Power DRAM [W] STAT          |     20.2521 |         0 |     20.2521 |     0.6533 |         0 |         0 |         0 |
|            DP [MFLOP/s] STAT           |  51341.8469 | 1650.4000 |   1658.1664 |  1656.1886 | 1657.5099 | 1657.7250 | 1657.8987 |
|          AVX DP [MFLOP/s] STAT         |   8571.0135 |  274.8254 |    282.0129 |   276.4843 |  274.8559 |  274.8899 |  274.8944 |
|          Packed [MUOPS/s] STAT         |   1071.3769 |   34.3532 |     35.2516 |    34.5605 |   34.3570 |   34.3612 |   34.3618 |
|          Scalar [MUOPS/s] STAT         |  42770.8331 | 1368.4668 |   1383.0330 |  1379.7043 | 1382.6845 | 1382.8639 | 1383.0088 |
|  Memory read bandwidth [MBytes/s] STAT |  66475.1079 |         0 |  66475.1079 |  2144.3583 |         0 |         0 |         0 |
|  Memory read data volume [GBytes] STAT | 100879.8318 |         0 | 100879.8318 |  3254.1881 |         0 |         0 |         0 |
| Memory write bandwidth [MBytes/s] STAT |  33358.0203 |         0 |  33358.0203 |  1076.0652 |         0 |         0 |         0 |
| Memory write data volume [GBytes] STAT |  50622.7306 |         0 |  50622.7306 |  1632.9913 |         0 |         0 |         0 |
|    Memory bandwidth [MBytes/s] STAT    |  99833.1282 |         0 |  99833.1282 |  3220.4235 |         0 |         0 |         0 |
|    Memory data volume [GBytes] STAT    | 151502.5624 |         0 | 151502.5624 |  4887.1794 |         0 |         0 |         0 |
|       Operational intensity STAT       |      0.0166 |         0 |      0.0166 |     0.0005 |         0 |         0 |         0 |
+----------------------------------------+-------------+-----------+-------------+------------+-----------+-----------+-----------+

