WARN: Cannot extract OpenMP vendor from executable or commandline, assuming no OpenMP
 nx_glob, nz_glob:                  3000                  1250
 dx,dz:    8.00000000000000        8.00000000000000     
 dt:   2.666666666666666E-002
Group: 1
+------------------------------------------+---------+----------------+----------------+----------------+----------------+----------------+----------------+----------------+----------------+----------------+----------------+----------------+----------------+----------------+----------------+
|                   Event                  | Counter |    f0477:0:0   |    f0477:1:1   |    f0477:2:2   |    f0477:3:3   |    f0477:4:4   |    f0477:5:5   |    f0477:6:6   |    f0477:7:7   |    f0477:8:8   |    f0477:9:9   |   f0477:10:10  |   f0477:11:11  |   f0477:12:12  |   f0477:13:13  |
+------------------------------------------+---------+----------------+----------------+----------------+----------------+----------------+----------------+----------------+----------------+----------------+----------------+----------------+----------------+----------------+----------------+
|             INSTR_RETIRED_ANY            |  FIXC0  |  9486706807556 |  9447174069264 |  9992535464668 |  9623551369213 |  9809547595542 |  9417059268942 |  9617794608043 |  9475248710235 |  9415631271613 |  9711143974756 | 10570298176845 |  9809955843297 |  9469899673686 |  9436505769264 |
|           CPU_CLK_UNHALTED_CORE          |  FIXC1  |  7412619928578 |  7413822374669 |  7413982302368 |  7414398335532 |  7414465024280 |  7414131316698 |  7414596215691 |  7414112503613 |  7413905335713 |  7414808127961 |  7413675327206 |  7413661569433 |  7414965663271 |  7413826143073 |
|           CPU_CLK_UNHALTED_REF           |  FIXC2  |  7412621535744 |  7413821951232 |  7413979395936 |  7414394624256 |  7414465197024 |  7414131880800 |  7414593479424 |  7414111081632 |  7413906745440 |  7414803686016 |  7413672360480 |  7413666573408 |  7414965401472 |  7413821289504 |
|               TOPDOWN_SLOTS              |  FIXC3  | 37063099642890 | 37069111873345 | 37069911511840 | 37071991677660 | 37072325121400 | 37070656583490 | 37072981078455 | 37070562518065 | 37069526678565 | 37074040639805 | 37068376636030 | 37068307847165 | 37074828316355 | 37069130715365 |
|              PWR_PKG_ENERGY              |   PWR0  |    439951.7127 |              0 |              0 |              0 |              0 |              0 |              0 |              0 |              0 |              0 |              0 |              0 |              0 |              0 |
|              PWR_DRAM_ENERGY             |   PWR3  |    135264.5298 |              0 |              0 |              0 |              0 |              0 |              0 |              0 |              0 |              0 |              0 |              0 |              0 |              0 |
| FP_ARITH_INST_RETIRED_128B_PACKED_DOUBLE |   PMC0  |              0 |              0 |              0 |              0 |              0 |              0 |              0 |              0 |              0 |              0 |              0 |              0 |              0 |              0 |
|    FP_ARITH_INST_RETIRED_SCALAR_DOUBLE   |   PMC1  |  4617478097424 |  4639004364872 |  4617477481298 |  4617477481969 |  4617477477438 |  4639004370161 |  4617477476705 |  4617477479251 |  4639004361245 |  4617477474138 |  4617477466820 |  4617477468582 |  4639004355604 |  4617477471774 |
| FP_ARITH_INST_RETIRED_256B_PACKED_DOUBLE |   PMC2  |              0 |              0 |              0 |              0 |              0 |              0 |              0 |              0 |              0 |              0 |              0 |              0 |              0 |              0 |
| FP_ARITH_INST_RETIRED_512B_PACKED_DOUBLE |   PMC3  |    92440025763 |    94461943122 |    92394731250 |    92394731250 |    92394731250 |    94461943122 |    92394731250 |    92394731250 |    94461943122 |    92394731250 |    92394731250 |    92394731250 |    94461943122 |    92394731250 |
|               CAS_COUNT_RD               | MBOX0C0 |   385502334417 |              0 |              0 |              0 |              0 |              0 |              0 |              0 |              0 |              0 |              0 |              0 |              0 |              0 |
|               CAS_COUNT_WR               | MBOX0C1 |   193018799641 |              0 |              0 |              0 |              0 |              0 |              0 |              0 |              0 |              0 |              0 |              0 |              0 |              0 |
|               CAS_COUNT_RD               | MBOX1C0 |   385476524433 |              0 |              0 |              0 |              0 |              0 |              0 |              0 |              0 |              0 |              0 |              0 |              0 |              0 |
|               CAS_COUNT_WR               | MBOX1C1 |   193017854901 |              0 |              0 |              0 |              0 |              0 |              0 |              0 |              0 |              0 |              0 |              0 |              0 |              0 |
|               CAS_COUNT_RD               | MBOX2C0 |   385531356843 |              0 |              0 |              0 |              0 |              0 |              0 |              0 |              0 |              0 |              0 |              0 |              0 |              0 |
|               CAS_COUNT_WR               | MBOX2C1 |   193017809914 |              0 |              0 |              0 |              0 |              0 |              0 |              0 |              0 |              0 |              0 |              0 |              0 |              0 |
|               CAS_COUNT_RD               | MBOX3C0 |   385509350289 |              0 |              0 |              0 |              0 |              0 |              0 |              0 |              0 |              0 |              0 |              0 |              0 |              0 |
|               CAS_COUNT_WR               | MBOX3C1 |   193016878714 |              0 |              0 |              0 |              0 |              0 |              0 |              0 |              0 |              0 |              0 |              0 |              0 |              0 |
|               CAS_COUNT_RD               | MBOX4C0 |       12974677 |              0 |              0 |              0 |              0 |              0 |              0 |              0 |              0 |              0 |              0 |              0 |              0 |              0 |
|               CAS_COUNT_WR               | MBOX4C1 |       13813910 |              0 |              0 |              0 |              0 |              0 |              0 |              0 |              0 |              0 |              0 |              0 |              0 |              0 |
|               CAS_COUNT_RD               | MBOX5C0 |       12680967 |              0 |              0 |              0 |              0 |              0 |              0 |              0 |              0 |              0 |              0 |              0 |              0 |              0 |
|               CAS_COUNT_WR               | MBOX5C1 |       13500802 |              0 |              0 |              0 |              0 |              0 |              0 |              0 |              0 |              0 |              0 |              0 |              0 |              0 |
|               CAS_COUNT_RD               | MBOX6C0 |       13132633 |              0 |              0 |              0 |              0 |              0 |              0 |              0 |              0 |              0 |              0 |              0 |              0 |              0 |
|               CAS_COUNT_WR               | MBOX6C1 |       13951813 |              0 |              0 |              0 |              0 |              0 |              0 |              0 |              0 |              0 |              0 |              0 |              0 |              0 |
|               CAS_COUNT_RD               | MBOX7C0 |       13275091 |              0 |              0 |              0 |              0 |              0 |              0 |              0 |              0 |              0 |              0 |              0 |              0 |              0 |
|               CAS_COUNT_WR               | MBOX7C1 |       14025303 |              0 |              0 |              0 |              0 |              0 |              0 |              0 |              0 |              0 |              0 |              0 |              0 |              0 |
+------------------------------------------+---------+----------------+----------------+----------------+----------------+----------------+----------------+----------------+----------------+----------------+----------------+----------------+----------------+----------------+----------------+

+-----------------------------------------------+---------+-----------------+----------------+----------------+--------------+
|                     Event                     | Counter |       Sum       |       Min      |       Max      |      Avg     |
+-----------------------------------------------+---------+-----------------+----------------+----------------+--------------+
|             INSTR_RETIRED_ANY STAT            |  FIXC0  | 135283052602924 |  9415631271613 | 10570298176845 | 9.663075e+12 |
|           CPU_CLK_UNHALTED_CORE STAT          |  FIXC1  | 103796970168086 |  7412619928578 |  7414965663271 | 7.414069e+12 |
|           CPU_CLK_UNHALTED_REF STAT           |  FIXC2  | 103796955202368 |  7412621535744 |  7414965401472 | 7.414068e+12 |
|               TOPDOWN_SLOTS STAT              |  FIXC3  | 518984850840430 | 37063099642890 | 37074828316355 |      nil     |
|              PWR_PKG_ENERGY STAT              |   PWR0  |     439951.7127 |              0 |    439951.7127 |   31425.1223 |
|              PWR_DRAM_ENERGY STAT             |   PWR3  |     135264.5298 |              0 |    135264.5298 |    9661.7521 |
| FP_ARITH_INST_RETIRED_128B_PACKED_DOUBLE STAT |   PMC0  |               0 |              0 |              0 |            0 |
|    FP_ARITH_INST_RETIRED_SCALAR_DOUBLE STAT   |   PMC1  |  64730792827281 |  4617477466820 |  4639004370161 | 4.623628e+12 |
| FP_ARITH_INST_RETIRED_256B_PACKED_DOUBLE STAT |   PMC2  |               0 |              0 |              0 |            0 |
| FP_ARITH_INST_RETIRED_512B_PACKED_DOUBLE STAT |   PMC3  |   1301840379501 |    92394731250 |    94461943122 | 9.298860e+10 |
|               CAS_COUNT_RD STAT               | MBOX0C0 |    385502334417 |              0 |   385502334417 | 2.753588e+10 |
|               CAS_COUNT_WR STAT               | MBOX0C1 |    193018799641 |              0 |   193018799641 | 1.378706e+10 |
|               CAS_COUNT_RD STAT               | MBOX1C0 |    385476524433 |              0 |   385476524433 | 2.753404e+10 |
|               CAS_COUNT_WR STAT               | MBOX1C1 |    193017854901 |              0 |   193017854901 | 1.378699e+10 |
|               CAS_COUNT_RD STAT               | MBOX2C0 |    385531356843 |              0 |   385531356843 | 2.753795e+10 |
|               CAS_COUNT_WR STAT               | MBOX2C1 |    193017809914 |              0 |   193017809914 | 1.378699e+10 |
|               CAS_COUNT_RD STAT               | MBOX3C0 |    385509350289 |              0 |   385509350289 | 2.753638e+10 |
|               CAS_COUNT_WR STAT               | MBOX3C1 |    193016878714 |              0 |   193016878714 | 1.378692e+10 |
|               CAS_COUNT_RD STAT               | MBOX4C0 |        12974677 |              0 |       12974677 |  926762.6429 |
|               CAS_COUNT_WR STAT               | MBOX4C1 |        13813910 |              0 |       13813910 |  986707.8571 |
|               CAS_COUNT_RD STAT               | MBOX5C0 |        12680967 |              0 |       12680967 |  905783.3571 |
|               CAS_COUNT_WR STAT               | MBOX5C1 |        13500802 |              0 |       13500802 |       964343 |
|               CAS_COUNT_RD STAT               | MBOX6C0 |        13132633 |              0 |       13132633 |  938045.2143 |
|               CAS_COUNT_WR STAT               | MBOX6C1 |        13951813 |              0 |       13951813 |  996558.0714 |
|               CAS_COUNT_RD STAT               | MBOX7C0 |        13275091 |              0 |       13275091 |  948220.7857 |
|               CAS_COUNT_WR STAT               | MBOX7C1 |        14025303 |              0 |       14025303 | 1.001807e+06 |
+-----------------------------------------------+---------+-----------------+----------------+----------------+--------------+

+-----------------------------------+-------------+-----------+-----------+-----------+-----------+-----------+-----------+-----------+-----------+-----------+-------------+-------------+-------------+-------------+
|               Metric              |  f0477:0:0  | f0477:1:1 | f0477:2:2 | f0477:3:3 | f0477:4:4 | f0477:5:5 | f0477:6:6 | f0477:7:7 | f0477:8:8 | f0477:9:9 | f0477:10:10 | f0477:11:11 | f0477:12:12 | f0477:13:13 |
+-----------------------------------+-------------+-----------+-----------+-----------+-----------+-----------+-----------+-----------+-----------+-----------+-------------+-------------+-------------+-------------+
|        Runtime (RDTSC) [s]        |   3105.6280 | 3105.8160 | 3105.6240 | 3105.7110 | 3105.5850 | 3105.6040 | 3105.9340 | 3106.4000 | 3105.6100 | 3105.7610 |   3105.5810 |   3105.7070 |   3106.1570 |   3105.6550 |
|        Runtime unhalted [s]       |   3096.0077 | 3096.6752 | 3096.5291 | 3096.7942 | 3096.7184 | 3096.5744 | 3097.1026 | 3097.3692 | 3096.4926 | 3097.0205 |   3096.3814 |   3096.4884 |   3097.4855 |   3096.5133 |
|            Clock [MHz]            |   2394.2506 | 2394.1235 | 2394.2889 | 2394.2185 | 2394.2975 | 2394.3009 | 2394.0437 | 2393.6810 | 2394.2909 | 2394.1761 |   2394.3040 |   2394.2142 |   2393.8663 |   2394.2513 |
|                CPI                |      0.7814 |    0.7848 |    0.7420 |    0.7704 |    0.7558 |    0.7873 |    0.7709 |    0.7825 |    0.7874 |    0.7635 |      0.7014 |      0.7557 |      0.7830 |      0.7857 |
|             Energy [J]            | 439951.7127 |         0 |         0 |         0 |         0 |         0 |         0 |         0 |         0 |         0 |           0 |           0 |           0 |           0 |
|             Power [W]             |    141.6627 |         0 |         0 |         0 |         0 |         0 |         0 |         0 |         0 |         0 |           0 |           0 |           0 |           0 |
|          Energy DRAM [J]          | 135264.5298 |         0 |         0 |         0 |         0 |         0 |         0 |         0 |         0 |         0 |           0 |           0 |           0 |           0 |
|           Power DRAM [W]          |     43.5546 |         0 |         0 |         0 |         0 |         0 |         0 |         0 |         0 |         0 |           0 |           0 |           0 |           0 |
|            DP [MFLOP/s]           |   1724.9324 | 1736.9670 | 1724.8177 | 1724.7694 | 1724.8394 | 1737.0856 | 1724.6456 | 1724.3869 | 1737.0822 | 1724.7416 |   1724.8416 |   1724.7716 |   1736.7763 |   1724.8005 |
|          AVX DP [MFLOP/s]         |    238.1226 |  243.3163 |  238.0062 |  237.9996 |  238.0092 |  243.3329 |  237.9825 |  237.9468 |  243.3324 |  237.9957 |    238.0095 |    237.9999 |    243.2896 |    238.0039 |
|          Packed [MUOPS/s]         |     29.7653 |   30.4145 |   29.7508 |   29.7499 |   29.7512 |   30.4166 |   29.7478 |   29.7433 |   30.4166 |   29.7495 |     29.7512 |     29.7500 |     30.4112 |     29.7505 |
|          Scalar [MUOPS/s]         |   1486.8098 | 1493.6507 | 1486.8115 | 1486.7699 | 1486.8302 | 1493.7527 | 1486.6631 | 1486.4401 | 1493.7498 | 1486.7459 |   1486.8321 |   1486.7718 |   1493.4868 |   1486.7967 |
|  Memory read bandwidth [MBytes/s] |  31778.6239 |         0 |         0 |         0 |         0 |         0 |         0 |         0 |         0 |         0 |           0 |           0 |           0 |           0 |
|  Memory read data volume [GBytes] |  98692.5843 |         0 |         0 |         0 |         0 |         0 |         0 |         0 |         0 |         0 |           0 |           0 |           0 |           0 |
| Memory write bandwidth [MBytes/s] |  15911.7913 |         0 |         0 |         0 |         0 |         0 |         0 |         0 |         0 |         0 |           0 |           0 |           0 |           0 |
| Memory write data volume [GBytes] |  49416.1046 |         0 |         0 |         0 |         0 |         0 |         0 |         0 |         0 |         0 |           0 |           0 |           0 |           0 |
|    Memory bandwidth [MBytes/s]    |  47690.4152 |         0 |         0 |         0 |         0 |         0 |         0 |         0 |         0 |         0 |           0 |           0 |           0 |           0 |
|    Memory data volume [GBytes]    | 148108.6889 |         0 |         0 |         0 |         0 |         0 |         0 |         0 |         0 |         0 |           0 |           0 |           0 |           0 |
|       Operational intensity       |      0.0362 |         0 |         0 |         0 |         0 |         0 |         0 |         0 |         0 |         0 |           0 |           0 |           0 |           0 |
+-----------------------------------+-------------+-----------+-----------+-----------+-----------+-----------+-----------+-----------+-----------+-----------+-------------+-------------+-------------+-------------+

+----------------------------------------+-------------+-----------+-------------+------------+-----------+-----------+-----------+
|                 Metric                 |     Sum     |    Min    |     Max     |     Avg    |  %ile 25  |  %ile 50  |  %ile 75  |
+----------------------------------------+-------------+-----------+-------------+------------+-----------+-----------+-----------+
|        Runtime (RDTSC) [s] STAT        |  43480.7730 | 3105.5810 |   3106.4000 |  3105.7695 | 3105.6100 | 3105.6550 | 3105.8160 |
|        Runtime unhalted [s] STAT       |  43354.1525 | 3096.0077 |   3097.4855 |  3096.7252 | 3096.4926 | 3096.5744 | 3097.0205 |
|            Clock [MHz] STAT            |  33518.3074 | 2393.6810 |   2394.3040 |  2394.1648 | 2394.1235 | 2394.2185 | 2394.2909 |
|                CPI STAT                |     10.7518 |    0.7014 |      0.7874 |     0.7680 |    0.7558 |    0.7709 |    0.7848 |
|             Energy [J] STAT            | 439951.7127 |         0 | 439951.7127 | 31425.1223 |         0 |         0 |         0 |
|             Power [W] STAT             |    141.6627 |         0 |    141.6627 |    10.1188 |         0 |         0 |         0 |
|          Energy DRAM [J] STAT          | 135264.5298 |         0 | 135264.5298 |  9661.7521 |         0 |         0 |         0 |
|           Power DRAM [W] STAT          |     43.5546 |         0 |     43.5546 |     3.1110 |         0 |         0 |         0 |
|            DP [MFLOP/s] STAT           |  24195.4578 | 1724.3869 |   1737.0856 |  1728.2470 | 1724.7694 | 1724.8177 | 1736.7763 |
|          AVX DP [MFLOP/s] STAT         |   3353.3471 |  237.9468 |    243.3329 |   239.5248 |  237.9996 |  238.0062 |  243.2896 |
|          Packed [MUOPS/s] STAT         |    419.1684 |   29.7433 |     30.4166 |    29.9406 |   29.7499 |   29.7508 |   30.4112 |
|          Scalar [MUOPS/s] STAT         |  20842.1111 | 1486.4401 |   1493.7527 |  1488.7222 | 1486.7699 | 1486.8098 | 1493.4868 |
|  Memory read bandwidth [MBytes/s] STAT |  31778.6239 |         0 |  31778.6239 |  2269.9017 |         0 |         0 |         0 |
|  Memory read data volume [GBytes] STAT |  98692.5843 |         0 |  98692.5843 |  7049.4703 |         0 |         0 |         0 |
| Memory write bandwidth [MBytes/s] STAT |  15911.7913 |         0 |  15911.7913 |  1136.5565 |         0 |         0 |         0 |
| Memory write data volume [GBytes] STAT |  49416.1046 |         0 |  49416.1046 |  3529.7218 |         0 |         0 |         0 |
|    Memory bandwidth [MBytes/s] STAT    |  47690.4152 |         0 |  47690.4152 |  3406.4582 |         0 |         0 |         0 |
|    Memory data volume [GBytes] STAT    | 148108.6889 |         0 | 148108.6889 | 10579.1921 |         0 |         0 |         0 |
|       Operational intensity STAT       |      0.0362 |         0 |      0.0362 |     0.0026 |         0 |         0 |         0 |
+----------------------------------------+-------------+-----------+-------------+------------+-----------+-----------+-----------+

