WARN: Cannot extract OpenMP vendor from executable or commandline, assuming no OpenMP
 nx_glob, nz_glob:                  3000                  1250
 dx,dz:    8.00000000000000        8.00000000000000     
 dt:   2.666666666666666E-002
Group: 1
+------------------------------------------+---------+----------------+----------------+----------------+----------------+----------------+----------------+----------------+----------------+----------------+----------------+----------------+----------------+----------------+----------------+----------------+----------------+----------------+----------------+----------------+----------------+----------------+----------------+----------------+----------------+----------------+----------------+----------------+----------------+----------------+----------------+----------------+----------------+----------------+----------------+----------------+----------------+----------------+
|                   Event                  | Counter |    f0314:0:0   |    f0314:1:1   |    f0314:2:2   |    f0314:3:3   |    f0314:4:4   |    f0314:5:5   |    f0314:6:6   |    f0314:7:7   |    f0314:8:8   |    f0314:9:9   |   f0314:10:10  |   f0314:11:11  |   f0314:12:12  |   f0314:13:13  |   f0314:14:14  |   f0314:15:15  |   f0314:16:16  |   f0314:17:17  |   f0314:18:18  |   f0314:19:19  |   f0314:20:20  |   f0314:21:21  |   f0314:22:22  |   f0314:23:23  |   f0314:24:24  |   f0314:25:25  |   f0314:26:26  |   f0314:27:27  |   f0314:28:28  |   f0314:29:29  |   f0314:30:30  |   f0314:31:31  |   f0314:32:32  |   f0314:33:33  |   f0314:34:34  |   f0314:35:35  |   f0314:36:36  |
+------------------------------------------+---------+----------------+----------------+----------------+----------------+----------------+----------------+----------------+----------------+----------------+----------------+----------------+----------------+----------------+----------------+----------------+----------------+----------------+----------------+----------------+----------------+----------------+----------------+----------------+----------------+----------------+----------------+----------------+----------------+----------------+----------------+----------------+----------------+----------------+----------------+----------------+----------------+----------------+
|             INSTR_RETIRED_ANY            |  FIXC0  |  5051704390800 |  4993904269176 |  4875035896450 |  4921196467204 |  5020546892976 |  4997372600892 |  4985319307767 |  5377600065200 |  5039793177721 |  4932332423701 |  5171298817617 |  5111298744013 |  5200953917037 |  4955388792062 |  4923854939196 |  4943580524383 |  5285186573304 |  5222825016598 |  5083087306230 |  5094854810952 |  5085615279170 |  5036270957457 |  4913453636390 |  4992933163361 |  5041926206715 |  5083024013913 |  5144406449342 |  5167545084718 |  5020052039950 |  5025440846503 |  5052786453496 |  5041364205992 |  5048398510993 |  4896744073995 |  5112087195350 |  5003371347214 |  8371063007434 |
|           CPU_CLK_UNHALTED_CORE          |  FIXC1  |  3211332908704 |  3212999650490 |  3210761991762 |  3213651479009 |  3213342696442 |  3213088763949 |  3213360704102 |  3213319387514 |  3213901136632 |  3213690506103 |  3213448862072 |  3213586023575 |  3213362863300 |  3212737341962 |  3213630841934 |  3213239867061 |  3214072432814 |  3213994211756 |  3213563574836 |  3212869790904 |  3212927986905 |  3213328672249 |  3213505531225 |  3213526962555 |  3213115412733 |  3212813436210 |  3213246092086 |  3211549077602 |  3212923500008 |  3212818317471 |  3213105547996 |  3213723311085 |  3212572332220 |  3213217885488 |  3213157596084 |  3212774893396 |  3216368543963 |
|           CPU_CLK_UNHALTED_REF           |  FIXC2  |  3211337694624 |  3213000641856 |  3210761705472 |  3213652083456 |  3213344288544 |  3213087756288 |  3213361117728 |  3213320487360 |  3213901310400 |  3213690948288 |  3213449115072 |  3213587726592 |  3213363110784 |  3212738774688 |  3213631507104 |  3213239727840 |  3214073001312 |  3213996540864 |  3213564670176 |  3212870108256 |  3212929799712 |  3213330281184 |  3213507249312 |  3213527799456 |  3213117153888 |  3212815604448 |  3213247460736 |  3211550219424 |  3212924410848 |  3212820353376 |  3213106183872 |  3213724758144 |  3212573135712 |  3213221617344 |  3213159513024 |  3212776130784 |  3216364847232 |
|               TOPDOWN_SLOTS              |  FIXC3  | 16056664543520 | 16064998252450 | 16053809958810 | 16068257395045 | 16066713482210 | 16065443819745 | 16066803520510 | 16066596937570 | 16069505683160 | 16068452530515 | 16067244310360 | 16067930117875 | 16066814316500 | 16063686709810 | 16068154209670 | 16066199335305 | 16070362164070 | 16069971058780 | 16067817874180 | 16064348954520 | 16064639934525 | 16066643361245 | 16067527656125 | 16067634812775 | 16065577063665 | 16064067181050 | 16066230460430 | 16057745388010 | 16064617500040 | 16064091587355 | 16065527739980 | 16068616555425 | 16062861661100 | 16066089427440 | 16065787980420 | 16063874466980 | 16081842719815 |
|              PWR_PKG_ENERGY              |   PWR0  |    311034.2386 |              0 |              0 |              0 |              0 |              0 |              0 |              0 |              0 |              0 |              0 |              0 |              0 |              0 |              0 |              0 |              0 |              0 |              0 |              0 |              0 |              0 |              0 |              0 |              0 |              0 |              0 |              0 |              0 |              0 |              0 |              0 |              0 |              0 |              0 |              0 |    131617.3896 |
|              PWR_DRAM_ENERGY             |   PWR3  |     28704.5291 |              0 |              0 |              0 |              0 |              0 |              0 |              0 |              0 |              0 |              0 |              0 |              0 |              0 |              0 |              0 |              0 |              0 |              0 |              0 |              0 |              0 |              0 |              0 |              0 |              0 |              0 |              0 |              0 |              0 |              0 |              0 |              0 |              0 |              0 |              0 |     10240.0212 |
| FP_ARITH_INST_RETIRED_128B_PACKED_DOUBLE |   PMC0  |              0 |              0 |              0 |              0 |              0 |              0 |              0 |              0 |              0 |              0 |              0 |              0 |              0 |              0 |              0 |              0 |              0 |              0 |              0 |              0 |              0 |              0 |              0 |              0 |              0 |              0 |              0 |              0 |              0 |              0 |              0 |              0 |              0 |              0 |              0 |              0 |              0 |
|    FP_ARITH_INST_RETIRED_SCALAR_DOUBLE   |   PMC1  |  1754402625614 |  1754402018835 |  1754402012632 |  1754402031238 |  1754402001115 |  1754401993973 |  1775928884546 |  1754401983653 |  1754401995977 |  1754401965162 |  1754401978251 |  1754401981738 |  1754401961727 |  1754401963296 |  1754401977182 |  1754401952556 |  1754401959201 |  1754401955213 |  1775928824198 |  1754401932278 |  1754401927298 |  1754401937620 |  1754401917893 |  1754401920938 |  1754401908833 |  1754401912145 |  1754401892588 |  1754401875833 |  1754401889917 |  1754401898948 |  1775928757968 |  1754401869395 |  1754401874818 |  1754401857340 |  1754401854293 |  1754401881347 |  1754401861663 |
| FP_ARITH_INST_RETIRED_256B_PACKED_DOUBLE |   PMC2  |              0 |              0 |              0 |              0 |              0 |              0 |              0 |              0 |              0 |              0 |              0 |              0 |              0 |              0 |              0 |              0 |              0 |              0 |              0 |              0 |              0 |              0 |              0 |              0 |              0 |              0 |              0 |              0 |              0 |              0 |              0 |              0 |              0 |              0 |              0 |              0 |              0 |
| FP_ARITH_INST_RETIRED_512B_PACKED_DOUBLE |   PMC3  |    46453607013 |    46408312500 |    46408312500 |    46408312500 |    46408312500 |    46408312500 |    45058252500 |    46408312500 |    46408312500 |    46408312500 |    46408312500 |    46408312500 |    46408312500 |    46408312500 |    46408312500 |    46408312500 |    46408312500 |    46408312500 |    45058252500 |    46408312500 |    46408312500 |    46408312500 |    46408312500 |    46408312500 |    46408312500 |    46408312500 |    46408312500 |    46408312500 |    46408312500 |    46408312500 |    45058252500 |    46408312500 |    46408312500 |    46408312500 |    46408312500 |    46408312500 |    46408312500 |
|               CAS_COUNT_RD               | MBOX0C0 |   191739040114 |              0 |              0 |              0 |              0 |              0 |              0 |              0 |              0 |              0 |              0 |              0 |              0 |              0 |              0 |              0 |              0 |              0 |              0 |              0 |              0 |              0 |              0 |              0 |              0 |              0 |              0 |              0 |              0 |              0 |              0 |              0 |              0 |              0 |              0 |              0 |      101512416 |
|               CAS_COUNT_WR               | MBOX0C1 |    96865138536 |              0 |              0 |              0 |              0 |              0 |              0 |              0 |              0 |              0 |              0 |              0 |              0 |              0 |              0 |              0 |              0 |              0 |              0 |              0 |              0 |              0 |              0 |              0 |              0 |              0 |              0 |              0 |              0 |              0 |              0 |              0 |              0 |              0 |              0 |              0 |      122073036 |
|               CAS_COUNT_RD               | MBOX1C0 |   191748600512 |              0 |              0 |              0 |              0 |              0 |              0 |              0 |              0 |              0 |              0 |              0 |              0 |              0 |              0 |              0 |              0 |              0 |              0 |              0 |              0 |              0 |              0 |              0 |              0 |              0 |              0 |              0 |              0 |              0 |              0 |              0 |              0 |              0 |              0 |              0 |       96581677 |
|               CAS_COUNT_WR               | MBOX1C1 |    96835533272 |              0 |              0 |              0 |              0 |              0 |              0 |              0 |              0 |              0 |              0 |              0 |              0 |              0 |              0 |              0 |              0 |              0 |              0 |              0 |              0 |              0 |              0 |              0 |              0 |              0 |              0 |              0 |              0 |              0 |              0 |              0 |              0 |              0 |              0 |              0 |      112376729 |
|               CAS_COUNT_RD               | MBOX2C0 |   191795990600 |              0 |              0 |              0 |              0 |              0 |              0 |              0 |              0 |              0 |              0 |              0 |              0 |              0 |              0 |              0 |              0 |              0 |              0 |              0 |              0 |              0 |              0 |              0 |              0 |              0 |              0 |              0 |              0 |              0 |              0 |              0 |              0 |              0 |              0 |              0 |      105732206 |
|               CAS_COUNT_WR               | MBOX2C1 |    96850966483 |              0 |              0 |              0 |              0 |              0 |              0 |              0 |              0 |              0 |              0 |              0 |              0 |              0 |              0 |              0 |              0 |              0 |              0 |              0 |              0 |              0 |              0 |              0 |              0 |              0 |              0 |              0 |              0 |              0 |              0 |              0 |              0 |              0 |              0 |              0 |      123950241 |
|               CAS_COUNT_RD               | MBOX3C0 |   191778799302 |              0 |              0 |              0 |              0 |              0 |              0 |              0 |              0 |              0 |              0 |              0 |              0 |              0 |              0 |              0 |              0 |              0 |              0 |              0 |              0 |              0 |              0 |              0 |              0 |              0 |              0 |              0 |              0 |              0 |              0 |              0 |              0 |              0 |              0 |              0 |      102068553 |
|               CAS_COUNT_WR               | MBOX3C1 |    96848884135 |              0 |              0 |              0 |              0 |              0 |              0 |              0 |              0 |              0 |              0 |              0 |              0 |              0 |              0 |              0 |              0 |              0 |              0 |              0 |              0 |              0 |              0 |              0 |              0 |              0 |              0 |              0 |              0 |              0 |              0 |              0 |              0 |              0 |              0 |              0 |      115615174 |
|               CAS_COUNT_RD               | MBOX4C0 |   191787229117 |              0 |              0 |              0 |              0 |              0 |              0 |              0 |              0 |              0 |              0 |              0 |              0 |              0 |              0 |              0 |              0 |              0 |              0 |              0 |              0 |              0 |              0 |              0 |              0 |              0 |              0 |              0 |              0 |              0 |              0 |              0 |              0 |              0 |              0 |              0 |       19529843 |
|               CAS_COUNT_WR               | MBOX4C1 |    96887255400 |              0 |              0 |              0 |              0 |              0 |              0 |              0 |              0 |              0 |              0 |              0 |              0 |              0 |              0 |              0 |              0 |              0 |              0 |              0 |              0 |              0 |              0 |              0 |              0 |              0 |              0 |              0 |              0 |              0 |              0 |              0 |              0 |              0 |              0 |              0 |        9875294 |
|               CAS_COUNT_RD               | MBOX5C0 |   191797943363 |              0 |              0 |              0 |              0 |              0 |              0 |              0 |              0 |              0 |              0 |              0 |              0 |              0 |              0 |              0 |              0 |              0 |              0 |              0 |              0 |              0 |              0 |              0 |              0 |              0 |              0 |              0 |              0 |              0 |              0 |              0 |              0 |              0 |              0 |              0 |       19951851 |
|               CAS_COUNT_WR               | MBOX5C1 |    96897566955 |              0 |              0 |              0 |              0 |              0 |              0 |              0 |              0 |              0 |              0 |              0 |              0 |              0 |              0 |              0 |              0 |              0 |              0 |              0 |              0 |              0 |              0 |              0 |              0 |              0 |              0 |              0 |              0 |              0 |              0 |              0 |              0 |              0 |              0 |              0 |       11849885 |
|               CAS_COUNT_RD               | MBOX6C0 |   191749422631 |              0 |              0 |              0 |              0 |              0 |              0 |              0 |              0 |              0 |              0 |              0 |              0 |              0 |              0 |              0 |              0 |              0 |              0 |              0 |              0 |              0 |              0 |              0 |              0 |              0 |              0 |              0 |              0 |              0 |              0 |              0 |              0 |              0 |              0 |              0 |       20636739 |
|               CAS_COUNT_WR               | MBOX6C1 |    96886774991 |              0 |              0 |              0 |              0 |              0 |              0 |              0 |              0 |              0 |              0 |              0 |              0 |              0 |              0 |              0 |              0 |              0 |              0 |              0 |              0 |              0 |              0 |              0 |              0 |              0 |              0 |              0 |              0 |              0 |              0 |              0 |              0 |              0 |              0 |              0 |       11433518 |
|               CAS_COUNT_RD               | MBOX7C0 |   191773513527 |              0 |              0 |              0 |              0 |              0 |              0 |              0 |              0 |              0 |              0 |              0 |              0 |              0 |              0 |              0 |              0 |              0 |              0 |              0 |              0 |              0 |              0 |              0 |              0 |              0 |              0 |              0 |              0 |              0 |              0 |              0 |              0 |              0 |              0 |              0 |       21380857 |
|               CAS_COUNT_WR               | MBOX7C1 |    96884799124 |              0 |              0 |              0 |              0 |              0 |              0 |              0 |              0 |              0 |              0 |              0 |              0 |              0 |              0 |              0 |              0 |              0 |              0 |              0 |              0 |              0 |              0 |              0 |              0 |              0 |              0 |              0 |              0 |              0 |              0 |              0 |              0 |              0 |              0 |              0 |       11886224 |
+------------------------------------------+---------+----------------+----------------+----------------+----------------+----------------+----------------+----------------+----------------+----------------+----------------+----------------+----------------+----------------+----------------+----------------+----------------+----------------+----------------+----------------+----------------+----------------+----------------+----------------+----------------+----------------+----------------+----------------+----------------+----------------+----------------+----------------+----------------+----------------+----------------+----------------+----------------+----------------+

+-----------------------------------------------+---------+-----------------+----------------+----------------+--------------+
|                     Event                     | Counter |       Sum       |       Min      |       Max      |      Avg     |
+-----------------------------------------------+---------+-----------------+----------------+----------------+--------------+
|             INSTR_RETIRED_ANY STAT            |  FIXC0  | 190223617405272 |  4875035896450 |  8371063007434 | 5.141179e+12 |
|           CPU_CLK_UNHALTED_CORE STAT          |  FIXC1  | 118888630134197 |  3210761991762 |  3216368543963 | 3.213206e+12 |
|           CPU_CLK_UNHALTED_REF STAT           |  FIXC2  | 118888668835200 |  3210761705472 |  3216364847232 | 3.213207e+12 |
|               TOPDOWN_SLOTS STAT              |  FIXC3  | 594443150670985 | 16053809958810 | 16081842719815 |      nil     |
|              PWR_PKG_ENERGY STAT              |   PWR0  |     442651.6282 |              0 |    311034.2386 |   11963.5575 |
|              PWR_DRAM_ENERGY STAT             |   PWR3  |      38944.5503 |              0 |     28704.5291 |    1052.5554 |
| FP_ARITH_INST_RETIRED_128B_PACKED_DOUBLE STAT |   PMC0  |               0 |              0 |              0 |            0 |
|    FP_ARITH_INST_RETIRED_SCALAR_DOUBLE STAT   |   PMC1  |  64977453037222 |  1754401854293 |  1775928884546 | 1.756147e+12 |
| FP_ARITH_INST_RETIRED_256B_PACKED_DOUBLE STAT |   PMC2  |               0 |              0 |              0 |            0 |
| FP_ARITH_INST_RETIRED_512B_PACKED_DOUBLE STAT |   PMC3  |   1713102677013 |    45058252500 |    46453607013 | 4.630007e+10 |
|               CAS_COUNT_RD STAT               | MBOX0C0 |    191840552530 |              0 |   191739040114 | 5.184880e+09 |
|               CAS_COUNT_WR STAT               | MBOX0C1 |     96987211572 |              0 |    96865138536 | 2.621276e+09 |
|               CAS_COUNT_RD STAT               | MBOX1C0 |    191845182189 |              0 |   191748600512 | 5.185005e+09 |
|               CAS_COUNT_WR STAT               | MBOX1C1 |     96947910001 |              0 |    96835533272 | 2.620214e+09 |
|               CAS_COUNT_RD STAT               | MBOX2C0 |    191901722806 |              0 |   191795990600 | 5.186533e+09 |
|               CAS_COUNT_WR STAT               | MBOX2C1 |     96974916724 |              0 |    96850966483 | 2.620944e+09 |
|               CAS_COUNT_RD STAT               | MBOX3C0 |    191880867855 |              0 |   191778799302 | 5.185969e+09 |
|               CAS_COUNT_WR STAT               | MBOX3C1 |     96964499309 |              0 |    96848884135 | 2.620662e+09 |
|               CAS_COUNT_RD STAT               | MBOX4C0 |    191806758960 |              0 |   191787229117 | 5.183966e+09 |
|               CAS_COUNT_WR STAT               | MBOX4C1 |     96897130694 |              0 |    96887255400 | 2.618841e+09 |
|               CAS_COUNT_RD STAT               | MBOX5C0 |    191817895214 |              0 |   191797943363 | 5.184267e+09 |
|               CAS_COUNT_WR STAT               | MBOX5C1 |     96909416840 |              0 |    96897566955 | 2.619173e+09 |
|               CAS_COUNT_RD STAT               | MBOX6C0 |    191770059370 |              0 |   191749422631 | 5.182975e+09 |
|               CAS_COUNT_WR STAT               | MBOX6C1 |     96898208509 |              0 |    96886774991 | 2.618871e+09 |
|               CAS_COUNT_RD STAT               | MBOX7C0 |    191794894384 |              0 |   191773513527 | 5.183646e+09 |
|               CAS_COUNT_WR STAT               | MBOX7C1 |     96896685348 |              0 |    96884799124 | 2.618829e+09 |
+-----------------------------------------------+---------+-----------------+----------------+----------------+--------------+

+-----------------------------------+-------------+-----------+-----------+-----------+-----------+-----------+-----------+-----------+-----------+-----------+-------------+-------------+-------------+-------------+-------------+-------------+-------------+-------------+-------------+-------------+-------------+-------------+-------------+-------------+-------------+-------------+-------------+-------------+-------------+-------------+-------------+-------------+-------------+-------------+-------------+-------------+-------------+
|               Metric              |  f0314:0:0  | f0314:1:1 | f0314:2:2 | f0314:3:3 | f0314:4:4 | f0314:5:5 | f0314:6:6 | f0314:7:7 | f0314:8:8 | f0314:9:9 | f0314:10:10 | f0314:11:11 | f0314:12:12 | f0314:13:13 | f0314:14:14 | f0314:15:15 | f0314:16:16 | f0314:17:17 | f0314:18:18 | f0314:19:19 | f0314:20:20 | f0314:21:21 | f0314:22:22 | f0314:23:23 | f0314:24:24 | f0314:25:25 | f0314:26:26 | f0314:27:27 | f0314:28:28 | f0314:29:29 | f0314:30:30 | f0314:31:31 | f0314:32:32 | f0314:33:33 | f0314:34:34 | f0314:35:35 | f0314:36:36 |
+-----------------------------------+-------------+-----------+-----------+-----------+-----------+-----------+-----------+-----------+-----------+-----------+-------------+-------------+-------------+-------------+-------------+-------------+-------------+-------------+-------------+-------------+-------------+-------------+-------------+-------------+-------------+-------------+-------------+-------------+-------------+-------------+-------------+-------------+-------------+-------------+-------------+-------------+-------------+
|        Runtime (RDTSC) [s]        |   1347.8260 | 1347.5410 | 1347.4440 | 1347.4690 | 1347.5050 | 1347.7580 | 1347.5910 | 1347.4520 | 1347.4260 | 1347.7470 |   1347.7970 |   1347.6280 |   1347.5560 |   1347.4640 |   1347.4580 |   1347.4930 |   1347.4620 |   1347.4720 |   1347.4270 |   1347.4330 |   1347.4490 |   1347.5720 |   1347.9900 |   1347.4590 |   1347.7570 |   1347.6450 |   1347.4330 |   1347.8200 |   1347.4270 |   1347.4190 |   1347.6750 |   1347.4340 |   1347.4170 |   1347.5420 |   1347.4260 |   1347.4240 |   1347.4140 |
|        Runtime unhalted [s]       |   1341.3468 | 1341.9239 | 1340.9912 | 1342.1943 | 1342.0675 | 1341.9640 | 1342.0757 | 1342.0573 | 1342.2972 | 1342.2114 |   1342.1143 |   1342.2132 |   1342.0853 |   1341.8142 |   1342.1869 |   1342.0258 |   1342.3809 |   1342.3388 |   1342.1620 |   1341.8699 |   1341.8942 |   1342.1070 |   1342.7026 |   1342.1445 |   1341.9820 |   1341.8452 |   1342.0271 |   1341.3252 |   1341.8926 |   1341.8468 |   1342.1140 |   1342.2246 |   1341.7449 |   1342.0911 |   1341.9949 |   1341.8282 |   1343.3297 |
|            Clock [MHz]            |   2394.1072 | 2394.3226 | 2394.3201 | 2394.3261 | 2394.3215 | 2394.3190 | 2394.3212 | 2394.3228 | 2394.3289 | 2394.3247 |   2394.3182 |   2394.2429 |   2394.3058 |   2394.3225 |   2394.3240 |   2394.3207 |   2394.3069 |   2394.3225 |   2394.3178 |   2394.3226 |   2394.3215 |   2394.2407 |   2393.3102 |   2394.3219 |   2394.3046 |   2394.3234 |   2394.3218 |   2394.3096 |   2394.3218 |   2394.3242 |   2394.0626 |   2394.3249 |   2394.3237 |   2394.1848 |   2394.3128 |   2394.3256 |   2394.3282 |
|                CPI                |      0.6357 |    0.6434 |    0.6586 |    0.6530 |    0.6400 |    0.6430 |    0.6446 |    0.5975 |    0.6377 |    0.6516 |      0.6214 |      0.6287 |      0.6178 |      0.6483 |      0.6527 |      0.6500 |      0.6081 |      0.6154 |      0.6322 |      0.6306 |      0.6318 |      0.6380 |      0.6540 |      0.6436 |      0.6373 |      0.6321 |      0.6246 |      0.6215 |      0.6400 |      0.6393 |      0.6359 |      0.6375 |      0.6364 |      0.6562 |      0.6285 |      0.6421 |      0.3842 |
|             Energy [J]            | 311034.2386 |         0 |         0 |         0 |         0 |         0 |         0 |         0 |         0 |         0 |           0 |           0 |           0 |           0 |           0 |           0 |           0 |           0 |           0 |           0 |           0 |           0 |           0 |           0 |           0 |           0 |           0 |           0 |           0 |           0 |           0 |           0 |           0 |           0 |           0 |           0 | 131617.3896 |
|             Power [W]             |    230.7674 |         0 |         0 |         0 |         0 |         0 |         0 |         0 |         0 |         0 |           0 |           0 |           0 |           0 |           0 |           0 |           0 |           0 |           0 |           0 |           0 |           0 |           0 |           0 |           0 |           0 |           0 |           0 |           0 |           0 |           0 |           0 |           0 |           0 |           0 |           0 |     97.6815 |
|          Energy DRAM [J]          |  28704.5291 |         0 |         0 |         0 |         0 |         0 |         0 |         0 |         0 |         0 |           0 |           0 |           0 |           0 |           0 |           0 |           0 |           0 |           0 |           0 |           0 |           0 |           0 |           0 |           0 |           0 |           0 |           0 |           0 |           0 |           0 |           0 |           0 |           0 |           0 |           0 |  10240.0212 |
|           Power DRAM [W]          |     21.2969 |         0 |         0 |         0 |         0 |         0 |         0 |         0 |         0 |         0 |           0 |           0 |           0 |           0 |           0 |           0 |           0 |           0 |           0 |           0 |           0 |           0 |           0 |           0 |           0 |           0 |           0 |           0 |           0 |           0 |           0 |           0 |           0 |           0 |           0 |           0 |      7.5998 |
|            DP [MFLOP/s]           |   1577.3783 | 1577.4426 | 1577.5561 | 1577.5269 | 1577.4847 | 1577.1886 | 1585.3437 | 1577.5467 | 1577.5772 | 1577.2014 |   1577.1429 |   1577.3407 |   1577.4250 |   1577.5327 |   1577.5397 |   1577.4987 |   1577.5350 |   1577.5233 |   1585.5366 |   1577.5689 |   1577.5502 |   1577.4062 |   1576.9171 |   1577.5385 |   1577.1897 |   1577.3207 |   1577.5689 |   1577.1159 |   1577.5759 |   1577.5853 |   1585.2448 |   1577.5677 |   1577.5876 |   1577.4413 |   1577.5771 |   1577.5794 |   1577.5911 |
|          AVX DP [MFLOP/s]         |    275.7247 |  275.5141 |  275.5339 |  275.5288 |  275.5214 |  275.4697 |  267.4892 |  275.5323 |  275.5376 |  275.4720 |    275.4617 |    275.4963 |    275.5110 |    275.5298 |    275.5310 |    275.5239 |    275.5302 |    275.5282 |    267.5217 |    275.5361 |    275.5329 |    275.5077 |    275.4223 |    275.5308 |    275.4699 |    275.4928 |    275.5361 |    275.4570 |    275.5374 |    275.5390 |    267.4725 |    275.5359 |    275.5394 |    275.5139 |    275.5376 |    275.5380 |    275.5400 |
|          Packed [MUOPS/s]         |     34.4656 |   34.4393 |   34.4417 |   34.4411 |   34.4402 |   34.4337 |   33.4361 |   34.4415 |   34.4422 |   34.4340 |     34.4327 |     34.4370 |     34.4389 |     34.4412 |     34.4414 |     34.4405 |     34.4413 |     34.4410 |     33.4402 |     34.4420 |     34.4416 |     34.4385 |     34.4278 |     34.4414 |     34.4337 |     34.4366 |     34.4420 |     34.4321 |     34.4422 |     34.4424 |     33.4341 |     34.4420 |     34.4424 |     34.4392 |     34.4422 |     34.4422 |     34.4425 |
|          Scalar [MUOPS/s]         |   1301.6536 | 1301.9285 | 1302.0222 | 1301.9981 | 1301.9633 | 1301.7189 | 1317.8545 | 1302.0145 | 1302.0396 | 1301.7295 |   1301.6812 |   1301.8444 |   1301.9140 |   1302.0028 |   1302.0087 |   1301.9748 |   1302.0048 |   1301.9951 |   1318.0149 |   1302.0328 |   1302.0173 |   1301.8985 |   1301.4948 |   1302.0076 |   1301.7198 |   1301.8279 |   1302.0327 |   1301.6589 |   1302.0385 |   1302.0463 |   1317.7723 |   1302.0318 |   1302.0482 |   1301.9274 |   1302.0395 |   1302.0414 |   1302.0511 |
|  Memory read bandwidth [MBytes/s] |  72848.3606 |         0 |         0 |         0 |         0 |         0 |         0 |         0 |         0 |         0 |           0 |           0 |           0 |           0 |           0 |           0 |           0 |           0 |           0 |           0 |           0 |           0 |           0 |           0 |           0 |           0 |           0 |           0 |           0 |           0 |           0 |           0 |           0 |           0 |           0 |           0 |     23.1504 |
|  Memory read data volume [GBytes] |  98186.9145 |         0 |         0 |         0 |         0 |         0 |         0 |         0 |         0 |         0 |           0 |           0 |           0 |           0 |           0 |           0 |           0 |           0 |           0 |           0 |           0 |           0 |           0 |           0 |           0 |           0 |           0 |           0 |           0 |           0 |           0 |           0 |           0 |           0 |           0 |           0 |     31.1932 |
| Memory write bandwidth [MBytes/s] |  36797.9567 |         0 |         0 |         0 |         0 |         0 |         0 |         0 |         0 |         0 |           0 |           0 |           0 |           0 |           0 |           0 |           0 |           0 |           0 |           0 |           0 |           0 |           0 |           0 |           0 |           0 |           0 |           0 |           0 |           0 |           0 |           0 |           0 |           0 |           0 |           0 |     24.6545 |
| Memory write data volume [GBytes] |  49597.2428 |         0 |         0 |         0 |         0 |         0 |         0 |         0 |         0 |         0 |           0 |           0 |           0 |           0 |           0 |           0 |           0 |           0 |           0 |           0 |           0 |           0 |           0 |           0 |           0 |           0 |           0 |           0 |           0 |           0 |           0 |           0 |           0 |           0 |           0 |           0 |     33.2198 |
|    Memory bandwidth [MBytes/s]    | 109646.3173 |         0 |         0 |         0 |         0 |         0 |         0 |         0 |         0 |         0 |           0 |           0 |           0 |           0 |           0 |           0 |           0 |           0 |           0 |           0 |           0 |           0 |           0 |           0 |           0 |           0 |           0 |           0 |           0 |           0 |           0 |           0 |           0 |           0 |           0 |           0 |     47.8050 |
|    Memory data volume [GBytes]    | 147784.1573 |         0 |         0 |         0 |         0 |         0 |         0 |         0 |         0 |         0 |           0 |           0 |           0 |           0 |           0 |           0 |           0 |           0 |           0 |           0 |           0 |           0 |           0 |           0 |           0 |           0 |           0 |           0 |           0 |           0 |           0 |           0 |           0 |           0 |           0 |           0 |     64.4131 |
|       Operational intensity       |      0.0144 |         0 |         0 |         0 |         0 |         0 |         0 |         0 |         0 |         0 |           0 |           0 |           0 |           0 |           0 |           0 |           0 |           0 |           0 |           0 |           0 |           0 |           0 |           0 |           0 |           0 |           0 |           0 |           0 |           0 |           0 |           0 |           0 |           0 |           0 |           0 |     33.0006 |
+-----------------------------------+-------------+-----------+-----------+-----------+-----------+-----------+-----------+-----------+-----------+-----------+-------------+-------------+-------------+-------------+-------------+-------------+-------------+-------------+-------------+-------------+-------------+-------------+-------------+-------------+-------------+-------------+-------------+-------------+-------------+-------------+-------------+-------------+-------------+-------------+-------------+-------------+-------------+

+----------------------------------------+-------------+-----------+-------------+------------+-----------+-----------+-----------+
|                 Metric                 |     Sum     |    Min    |     Max     |     Avg    |  %ile 25  |  %ile 50  |  %ile 75  |
+----------------------------------------+-------------+-----------+-------------+------------+-----------+-----------+-----------+
|        Runtime (RDTSC) [s] STAT        |  49859.2520 | 1347.4140 |   1347.9900 |  1347.5474 | 1347.4330 | 1347.4690 | 1347.6280 |
|        Runtime unhalted [s] STAT       |  49655.4152 | 1340.9912 |   1343.3297 |  1342.0382 | 1341.8699 | 1342.0675 | 1342.1869 |
|            Clock [MHz] STAT            |  88588.0803 | 2393.3102 |   2394.3289 |  2394.2724 | 2394.3069 | 2394.3215 | 2394.3234 |
|                CPI STAT                |     23.2933 |    0.3842 |      0.6586 |     0.6295 |    0.6285 |    0.6375 |    0.6436 |
|             Energy [J] STAT            | 442651.6282 |         0 | 311034.2386 | 11963.5575 |         0 |         0 |         0 |
|             Power [W] STAT             |    328.4489 |         0 |    230.7674 |     8.8770 |         0 |         0 |         0 |
|          Energy DRAM [J] STAT          |  38944.5503 |         0 |  28704.5291 |  1052.5554 |         0 |         0 |         0 |
|           Power DRAM [W] STAT          |     28.8967 |         0 |     21.2969 |     0.7810 |         0 |         0 |         0 |
|            DP [MFLOP/s] STAT           |  58389.2471 | 1576.9171 |   1585.5366 |  1578.0878 | 1577.3783 | 1577.5350 | 1577.5759 |
|          AVX DP [MFLOP/s] STAT         |  10170.1968 |  267.4725 |    275.7247 |   274.8702 |  275.4720 |  275.5288 |  275.5361 |
|          Packed [MUOPS/s] STAT         |   1271.2745 |   33.4341 |     34.4656 |    34.3588 |   34.4340 |   34.4411 |   34.4420 |
|          Scalar [MUOPS/s] STAT         |  48219.0502 | 1301.4948 |   1318.0149 |  1303.2176 | 1301.8444 | 1302.0048 | 1302.0385 |
|  Memory read bandwidth [MBytes/s] STAT |  72871.5110 |         0 |  72848.3606 |  1969.5003 |         0 |         0 |         0 |
|  Memory read data volume [GBytes] STAT |  98218.1077 |         0 |  98186.9145 |  2654.5435 |         0 |         0 |         0 |
| Memory write bandwidth [MBytes/s] STAT |  36822.6112 |         0 |  36797.9567 |   995.2057 |         0 |         0 |         0 |
| Memory write data volume [GBytes] STAT |  49630.4626 |         0 |  49597.2428 |  1341.3639 |         0 |         0 |         0 |
|    Memory bandwidth [MBytes/s] STAT    | 109694.1223 |         0 | 109646.3173 |  2964.7060 |         0 |         0 |         0 |
|    Memory data volume [GBytes] STAT    | 147848.5704 |         0 | 147784.1573 |  3995.9073 |         0 |         0 |         0 |
|       Operational intensity STAT       |     33.0150 |         0 |     33.0006 |     0.8923 |         0 |         0 |         0 |
+----------------------------------------+-------------+-----------+-------------+------------+-----------+-----------+-----------+

