WARN: Cannot extract OpenMP vendor from executable or commandline, assuming no OpenMP
 nx_glob, nz_glob:                  3000                  1250
 dx,dz:    8.00000000000000        8.00000000000000     
 dt:   2.666666666666666E-002
Group: 1
+------------------------------------------+---------+----------------+----------------+----------------+----------------+----------------+----------------+----------------+----------------+----------------+----------------+----------------+----------------+----------------+----------------+----------------+----------------+----------------+----------------+----------------+----------------+----------------+----------------+----------------+----------------+----------------+----------------+----------------+----------------+----------------+----------------+----------------+----------------+----------------+
|                   Event                  | Counter |    f0314:0:0   |    f0314:1:1   |    f0314:2:2   |    f0314:3:3   |    f0314:4:4   |    f0314:5:5   |    f0314:6:6   |    f0314:7:7   |    f0314:8:8   |    f0314:9:9   |   f0314:10:10  |   f0314:11:11  |   f0314:12:12  |   f0314:13:13  |   f0314:14:14  |   f0314:15:15  |   f0314:16:16  |   f0314:17:17  |   f0314:18:18  |   f0314:19:19  |   f0314:20:20  |   f0314:21:21  |   f0314:22:22  |   f0314:23:23  |   f0314:24:24  |   f0314:25:25  |   f0314:26:26  |   f0314:27:27  |   f0314:28:28  |   f0314:29:29  |   f0314:30:30  |   f0314:31:31  |   f0314:32:32  |
+------------------------------------------+---------+----------------+----------------+----------------+----------------+----------------+----------------+----------------+----------------+----------------+----------------+----------------+----------------+----------------+----------------+----------------+----------------+----------------+----------------+----------------+----------------+----------------+----------------+----------------+----------------+----------------+----------------+----------------+----------------+----------------+----------------+----------------+----------------+----------------+
|             INSTR_RETIRED_ANY            |  FIXC0  |  6029381171183 |  5507948189721 |  4588958867052 |  4414817075396 |  4099262620387 |  5171359035944 |  5106905339729 |  4694855824679 |  4502131063875 |  4117612068832 |  4297460262424 |  4099412374751 |  4145425561743 |  4105585005570 |  4171841509388 |  4108987825386 |  4461682307909 |  4279682798401 |  7289617073134 |  7331568440375 |  7324024828474 |  7249241230716 |  7170251770023 |  7247634521567 |  7368667810368 |  7266245144529 |  7275224611973 |  7450722344701 |  7270378317860 |  7265151254151 |  7326989685779 |  7287348332894 |  7187815267186 |
|           CPU_CLK_UNHALTED_CORE          |  FIXC1  |  3463108913956 |  3463405876134 |  3462763038769 |  3463516207905 |  3461811788809 |  3462931426056 |  3462979411355 |  3463827760143 |  3463292928287 |  3463569474492 |  3463486244674 |  3463720612511 |  3463751612692 |  3463433883781 |  3463270217006 |  3463953923284 |  3464783879035 |  3464651002036 |  3465185477105 |  3464803600946 |  3464776867012 |  3464854595570 |  3465505596317 |  3464842318478 |  3465180665761 |  3464901563135 |  3465484837228 |  3464149689012 |  3464677635469 |  3464859778684 |  3465325653288 |  3465292705379 |  3465006626324 |
|           CPU_CLK_UNHALTED_REF           |  FIXC2  |  3463109568768 |  3463404978144 |  3462761944608 |  3463516498848 |  3461811597216 |  3462930048672 |  3462978834720 |  3463826915136 |  3463291092384 |  3463568260416 |  3463485867360 |  3463721398848 |  3463751349024 |  3463434344064 |  3463270338336 |  3463954843392 |  3464783692704 |  3464650910208 |  3465183374208 |  3464802763584 |  3464775878112 |  3464850990720 |  3465505101888 |  3464838695232 |  3465179370528 |  3464901532896 |  3465483110112 |  3464148798624 |  3464677495584 |  3464855237568 |  3465323160288 |  3465293916672 |  3465008762976 |
|               TOPDOWN_SLOTS              |  FIXC3  | 17315544569780 | 17317029380670 | 17313815193845 | 17317581039525 | 17309058944045 | 17314657130280 | 17314897056775 | 17319138800715 | 17316464641435 | 17317847372460 | 17317431223370 | 17318603062555 | 17318758063460 | 17317169418905 | 17316351085030 | 17319769616420 | 17323919395175 | 17323255010180 | 17325927385525 | 17324018004730 | 17323884335060 | 17324272977850 | 17327527981585 | 17324211592390 | 17325903328805 | 17324507815675 | 17327424186140 | 17320748445060 | 17323388177345 | 17324298893420 | 17326628266440 | 17326463526895 | 17325033131620 |
|              PWR_PKG_ENERGY              |   PWR0  |    325220.1490 |              0 |              0 |              0 |              0 |              0 |              0 |              0 |              0 |              0 |              0 |              0 |              0 |              0 |              0 |              0 |              0 |              0 |              0 |              0 |              0 |              0 |              0 |              0 |              0 |              0 |              0 |              0 |              0 |              0 |              0 |              0 |              0 |
|              PWR_DRAM_ENERGY             |   PWR3  |     30147.5563 |              0 |              0 |              0 |              0 |              0 |              0 |              0 |              0 |              0 |              0 |              0 |              0 |              0 |              0 |              0 |              0 |              0 |              0 |              0 |              0 |              0 |              0 |              0 |              0 |              0 |              0 |              0 |              0 |              0 |              0 |              0 |              0 |
| FP_ARITH_INST_RETIRED_128B_PACKED_DOUBLE |   PMC0  |              0 |              0 |              0 |              0 |              0 |              0 |              0 |              0 |              0 |              0 |              0 |              0 |              0 |              0 |              0 |              0 |              0 |              0 |              0 |              0 |              0 |              0 |              0 |              0 |              0 |              0 |              0 |              0 |              0 |              0 |              0 |              0 |              0 |
|    FP_ARITH_INST_RETIRED_SCALAR_DOUBLE   |   PMC1  |  1969671441202 |  1969670835344 |  1969670831867 |  1969670819593 |  1969670822479 |  1948143925192 |  1969670810730 |  1969670800973 |  1969670792362 |  1969670796979 |  1969670785744 |  1969670789498 |  1969670764191 |  1969670779327 |  1969670756158 |  1969670757675 |  1948143884732 |  1969670745139 |  1969670757420 |  1969670728146 |  1969670723885 |  1969670718436 |  1969670725784 |  1969670724972 |  1969670728780 |  1969670709377 |  1969670724925 |  1948143829081 |  1969670726031 |  1969670716050 |  1969670712983 |  1969670707523 |  1969670705498 |
| FP_ARITH_INST_RETIRED_256B_PACKED_DOUBLE |   PMC2  |              0 |              0 |              0 |              0 |              0 |              0 |              0 |              0 |              0 |              0 |              0 |              0 |              0 |              0 |              0 |              0 |              0 |              0 |              0 |              0 |              0 |              0 |              0 |              0 |              0 |              0 |              0 |              0 |              0 |              0 |              0 |              0 |              0 |
| FP_ARITH_INST_RETIRED_512B_PACKED_DOUBLE |   PMC3  |    50714666385 |    50669371872 |    50669371872 |    50669371872 |    50669371872 |    49277190000 |    50669371872 |    50669371872 |    50669371872 |    50669371872 |    50669371872 |    50669371872 |    50669371872 |    50669371872 |    50669371872 |    50669371872 |    49277190000 |    50669371872 |    50669371872 |    50669371872 |    50669371872 |    50669371872 |    50669371872 |    50669371872 |    50669371872 |    50669371872 |    50669371872 |    49277190000 |    50669371872 |    50669371872 |    50669371872 |    50669371872 |    50669371872 |
|               CAS_COUNT_RD               | MBOX0C0 |   215957669435 |              0 |              0 |              0 |              0 |              0 |              0 |              0 |              0 |              0 |              0 |              0 |              0 |              0 |              0 |              0 |              0 |              0 |              0 |              0 |              0 |              0 |              0 |              0 |              0 |              0 |              0 |              0 |              0 |              0 |              0 |              0 |              0 |
|               CAS_COUNT_WR               | MBOX0C1 |   108312677753 |              0 |              0 |              0 |              0 |              0 |              0 |              0 |              0 |              0 |              0 |              0 |              0 |              0 |              0 |              0 |              0 |              0 |              0 |              0 |              0 |              0 |              0 |              0 |              0 |              0 |              0 |              0 |              0 |              0 |              0 |              0 |              0 |
|               CAS_COUNT_RD               | MBOX1C0 |   215986351767 |              0 |              0 |              0 |              0 |              0 |              0 |              0 |              0 |              0 |              0 |              0 |              0 |              0 |              0 |              0 |              0 |              0 |              0 |              0 |              0 |              0 |              0 |              0 |              0 |              0 |              0 |              0 |              0 |              0 |              0 |              0 |              0 |
|               CAS_COUNT_WR               | MBOX1C1 |   108303680671 |              0 |              0 |              0 |              0 |              0 |              0 |              0 |              0 |              0 |              0 |              0 |              0 |              0 |              0 |              0 |              0 |              0 |              0 |              0 |              0 |              0 |              0 |              0 |              0 |              0 |              0 |              0 |              0 |              0 |              0 |              0 |              0 |
|               CAS_COUNT_RD               | MBOX2C0 |   215998118556 |              0 |              0 |              0 |              0 |              0 |              0 |              0 |              0 |              0 |              0 |              0 |              0 |              0 |              0 |              0 |              0 |              0 |              0 |              0 |              0 |              0 |              0 |              0 |              0 |              0 |              0 |              0 |              0 |              0 |              0 |              0 |              0 |
|               CAS_COUNT_WR               | MBOX2C1 |   108301950482 |              0 |              0 |              0 |              0 |              0 |              0 |              0 |              0 |              0 |              0 |              0 |              0 |              0 |              0 |              0 |              0 |              0 |              0 |              0 |              0 |              0 |              0 |              0 |              0 |              0 |              0 |              0 |              0 |              0 |              0 |              0 |              0 |
|               CAS_COUNT_RD               | MBOX3C0 |   215990953295 |              0 |              0 |              0 |              0 |              0 |              0 |              0 |              0 |              0 |              0 |              0 |              0 |              0 |              0 |              0 |              0 |              0 |              0 |              0 |              0 |              0 |              0 |              0 |              0 |              0 |              0 |              0 |              0 |              0 |              0 |              0 |              0 |
|               CAS_COUNT_WR               | MBOX3C1 |   108297241747 |              0 |              0 |              0 |              0 |              0 |              0 |              0 |              0 |              0 |              0 |              0 |              0 |              0 |              0 |              0 |              0 |              0 |              0 |              0 |              0 |              0 |              0 |              0 |              0 |              0 |              0 |              0 |              0 |              0 |              0 |              0 |              0 |
|               CAS_COUNT_RD               | MBOX4C0 |   178887798576 |              0 |              0 |              0 |              0 |              0 |              0 |              0 |              0 |              0 |              0 |              0 |              0 |              0 |              0 |              0 |              0 |              0 |              0 |              0 |              0 |              0 |              0 |              0 |              0 |              0 |              0 |              0 |              0 |              0 |              0 |              0 |              0 |
|               CAS_COUNT_WR               | MBOX4C1 |    89990414372 |              0 |              0 |              0 |              0 |              0 |              0 |              0 |              0 |              0 |              0 |              0 |              0 |              0 |              0 |              0 |              0 |              0 |              0 |              0 |              0 |              0 |              0 |              0 |              0 |              0 |              0 |              0 |              0 |              0 |              0 |              0 |              0 |
|               CAS_COUNT_RD               | MBOX5C0 |   178887652121 |              0 |              0 |              0 |              0 |              0 |              0 |              0 |              0 |              0 |              0 |              0 |              0 |              0 |              0 |              0 |              0 |              0 |              0 |              0 |              0 |              0 |              0 |              0 |              0 |              0 |              0 |              0 |              0 |              0 |              0 |              0 |              0 |
|               CAS_COUNT_WR               | MBOX5C1 |    89980025142 |              0 |              0 |              0 |              0 |              0 |              0 |              0 |              0 |              0 |              0 |              0 |              0 |              0 |              0 |              0 |              0 |              0 |              0 |              0 |              0 |              0 |              0 |              0 |              0 |              0 |              0 |              0 |              0 |              0 |              0 |              0 |              0 |
|               CAS_COUNT_RD               | MBOX6C0 |   178851363861 |              0 |              0 |              0 |              0 |              0 |              0 |              0 |              0 |              0 |              0 |              0 |              0 |              0 |              0 |              0 |              0 |              0 |              0 |              0 |              0 |              0 |              0 |              0 |              0 |              0 |              0 |              0 |              0 |              0 |              0 |              0 |              0 |
|               CAS_COUNT_WR               | MBOX6C1 |    89974095575 |              0 |              0 |              0 |              0 |              0 |              0 |              0 |              0 |              0 |              0 |              0 |              0 |              0 |              0 |              0 |              0 |              0 |              0 |              0 |              0 |              0 |              0 |              0 |              0 |              0 |              0 |              0 |              0 |              0 |              0 |              0 |              0 |
|               CAS_COUNT_RD               | MBOX7C0 |   178910111263 |              0 |              0 |              0 |              0 |              0 |              0 |              0 |              0 |              0 |              0 |              0 |              0 |              0 |              0 |              0 |              0 |              0 |              0 |              0 |              0 |              0 |              0 |              0 |              0 |              0 |              0 |              0 |              0 |              0 |              0 |              0 |              0 |
|               CAS_COUNT_WR               | MBOX7C1 |    89973302771 |              0 |              0 |              0 |              0 |              0 |              0 |              0 |              0 |              0 |              0 |              0 |              0 |              0 |              0 |              0 |              0 |              0 |              0 |              0 |              0 |              0 |              0 |              0 |              0 |              0 |              0 |              0 |              0 |              0 |              0 |              0 |              0 |
+------------------------------------------+---------+----------------+----------------+----------------+----------------+----------------+----------------+----------------+----------------+----------------+----------------+----------------+----------------+----------------+----------------+----------------+----------------+----------------+----------------+----------------+----------------+----------------+----------------+----------------+----------------+----------------+----------------+----------------+----------------+----------------+----------------+----------------+----------------+----------------+

+-----------------------------------------------+---------+-----------------+----------------+----------------+--------------+
|                     Event                     | Counter |       Sum       |       Min      |       Max      |      Avg     |
+-----------------------------------------------+---------+-----------------+----------------+----------------+--------------+
|             INSTR_RETIRED_ANY STAT            |  FIXC0  | 191214189536100 |  4099262620387 |  7450722344701 | 5.794369e+12 |
|           CPU_CLK_UNHALTED_CORE STAT          |  FIXC1  | 114317105810633 |  3461811788809 |  3465505596317 | 3.464155e+12 |
|           CPU_CLK_UNHALTED_REF STAT           |  FIXC2  | 114317080671840 |  3461811597216 |  3465505101888 | 3.464154e+12 |
|               TOPDOWN_SLOTS STAT              |  FIXC3  | 571585529053165 | 17309058944045 | 17327527981585 |      nil     |
|              PWR_PKG_ENERGY STAT              |   PWR0  |     325220.1490 |              0 |    325220.1490 |    9855.1560 |
|              PWR_DRAM_ENERGY STAT             |   PWR3  |      30147.5563 |              0 |     30147.5563 |     913.5623 |
| FP_ARITH_INST_RETIRED_128B_PACKED_DOUBLE STAT |   PMC0  |               0 |              0 |              0 |            0 |
|    FP_ARITH_INST_RETIRED_SCALAR_DOUBLE STAT   |   PMC1  |  64934555078076 |  1948143829081 |  1969671441202 | 1.967714e+12 |
| FP_ARITH_INST_RETIRED_256B_PACKED_DOUBLE STAT |   PMC2  |               0 |              0 |              0 |            0 |
| FP_ARITH_INST_RETIRED_512B_PACKED_DOUBLE STAT |   PMC3  |   1667958020673 |    49277190000 |    50714666385 | 5.054418e+10 |
|               CAS_COUNT_RD STAT               | MBOX0C0 |    215957669435 |              0 |   215957669435 | 6.544172e+09 |
|               CAS_COUNT_WR STAT               | MBOX0C1 |    108312677753 |              0 |   108312677753 | 3.282202e+09 |
|               CAS_COUNT_RD STAT               | MBOX1C0 |    215986351767 |              0 |   215986351767 | 6.545041e+09 |
|               CAS_COUNT_WR STAT               | MBOX1C1 |    108303680671 |              0 |   108303680671 | 3.281930e+09 |
|               CAS_COUNT_RD STAT               | MBOX2C0 |    215998118556 |              0 |   215998118556 |   6545397532 |
|               CAS_COUNT_WR STAT               | MBOX2C1 |    108301950482 |              0 |   108301950482 | 3.281877e+09 |
|               CAS_COUNT_RD STAT               | MBOX3C0 |    215990953295 |              0 |   215990953295 | 6.545180e+09 |
|               CAS_COUNT_WR STAT               | MBOX3C1 |    108297241747 |              0 |   108297241747 | 3.281735e+09 |
|               CAS_COUNT_RD STAT               | MBOX4C0 |    178887798576 |              0 |   178887798576 | 5.420842e+09 |
|               CAS_COUNT_WR STAT               | MBOX4C1 |     89990414372 |              0 |    89990414372 | 2.726982e+09 |
|               CAS_COUNT_RD STAT               | MBOX5C0 |    178887652121 |              0 |   178887652121 | 5.420838e+09 |
|               CAS_COUNT_WR STAT               | MBOX5C1 |     89980025142 |              0 |    89980025142 | 2.726667e+09 |
|               CAS_COUNT_RD STAT               | MBOX6C0 |    178851363861 |              0 |   178851363861 | 5.419738e+09 |
|               CAS_COUNT_WR STAT               | MBOX6C1 |     89974095575 |              0 |    89974095575 | 2.726488e+09 |
|               CAS_COUNT_RD STAT               | MBOX7C0 |    178910111263 |              0 |   178910111263 | 5.421519e+09 |
|               CAS_COUNT_WR STAT               | MBOX7C1 |     89973302771 |              0 |    89973302771 | 2.726464e+09 |
+-----------------------------------------------+---------+-----------------+----------------+----------------+--------------+

+-----------------------------------+-------------+-----------+-----------+-----------+-----------+-----------+-----------+-----------+-----------+-----------+-------------+-------------+-------------+-------------+-------------+-------------+-------------+-------------+-------------+-------------+-------------+-------------+-------------+-------------+-------------+-------------+-------------+-------------+-------------+-------------+-------------+-------------+-------------+
|               Metric              |  f0314:0:0  | f0314:1:1 | f0314:2:2 | f0314:3:3 | f0314:4:4 | f0314:5:5 | f0314:6:6 | f0314:7:7 | f0314:8:8 | f0314:9:9 | f0314:10:10 | f0314:11:11 | f0314:12:12 | f0314:13:13 | f0314:14:14 | f0314:15:15 | f0314:16:16 | f0314:17:17 | f0314:18:18 | f0314:19:19 | f0314:20:20 | f0314:21:21 | f0314:22:22 | f0314:23:23 | f0314:24:24 | f0314:25:25 | f0314:26:26 | f0314:27:27 | f0314:28:28 | f0314:29:29 | f0314:30:30 | f0314:31:31 | f0314:32:32 |
+-----------------------------------+-------------+-----------+-----------+-----------+-----------+-----------+-----------+-----------+-----------+-----------+-------------+-------------+-------------+-------------+-------------+-------------+-------------+-------------+-------------+-------------+-------------+-------------+-------------+-------------+-------------+-------------+-------------+-------------+-------------+-------------+-------------+-------------+-------------+
|        Runtime (RDTSC) [s]        |   1452.1040 | 1452.3620 | 1452.3290 | 1452.1130 | 1452.0760 | 1452.1500 | 1452.0650 | 1452.4110 | 1452.4490 | 1452.0810 |   1452.0830 |   1452.3560 |   1452.4140 |   1452.1790 |   1452.1000 |   1452.1470 |   1452.1210 |   1452.5330 |   1452.5030 |   1452.0980 |   1452.0750 |   1452.0910 |   1452.0600 |   1452.3360 |   1452.0860 |   1452.0930 |   1452.2620 |   1452.3600 |   1452.0840 |   1452.1260 |   1452.3110 |   1452.0800 |   1452.3540 |
|        Runtime unhalted [s]       |   1446.3828 | 1446.5560 | 1446.4790 | 1446.5501 | 1445.8407 | 1446.3248 | 1446.3312 | 1446.6812 | 1446.8374 | 1446.5739 |   1446.5427 |   1446.8537 |   1446.6493 |   1446.5301 |   1446.4504 |   1446.7349 |   1447.1159 |   1447.4487 |   1447.6193 |   1447.0927 |   1447.0775 |   1447.1145 |   1447.3844 |   1447.3784 |   1447.2562 |   1447.1318 |   1447.3754 |   1446.9995 |   1447.0394 |   1447.1129 |   1447.4192 |   1447.2954 |   1447.1771 |
|            Clock [MHz]            |   2394.3235 | 2394.2432 | 2393.9264 | 2394.3283 | 2394.3246 | 2394.2982 | 2394.3202 | 2394.3276 | 2393.7000 | 2394.3268 |   2394.3203 |   2393.9669 |   2394.3273 |   2394.3045 |   2394.3235 |   2394.3246 |   2394.2685 |   2393.6261 |   2393.7147 |   2394.3210 |   2394.3278 |   2394.3221 |   2394.3232 |   2393.8771 |   2394.3114 |   2394.3234 |   2394.3247 |   2394.0234 |   2394.3217 |   2394.3290 |   2394.1428 |   2394.3221 |   2394.3196 |
|                CPI                |      0.5744 |    0.6288 |    0.7546 |    0.7845 |    0.8445 |    0.6696 |    0.6781 |    0.7378 |    0.7693 |    0.8412 |      0.8059 |      0.8449 |      0.8356 |      0.8436 |      0.8302 |      0.8430 |      0.7766 |      0.8096 |      0.4754 |      0.4726 |      0.4731 |      0.4780 |      0.4833 |      0.4781 |      0.4703 |      0.4768 |      0.4763 |      0.4649 |      0.4765 |      0.4769 |      0.4730 |      0.4755 |      0.4821 |
|             Energy [J]            | 325220.1490 |         0 |         0 |         0 |         0 |         0 |         0 |         0 |         0 |         0 |           0 |           0 |           0 |           0 |           0 |           0 |           0 |           0 |           0 |           0 |           0 |           0 |           0 |           0 |           0 |           0 |           0 |           0 |           0 |           0 |           0 |           0 |           0 |
|             Power [W]             |    223.9648 |         0 |         0 |         0 |         0 |         0 |         0 |         0 |         0 |         0 |           0 |           0 |           0 |           0 |           0 |           0 |           0 |           0 |           0 |           0 |           0 |           0 |           0 |           0 |           0 |           0 |           0 |           0 |           0 |           0 |           0 |           0 |           0 |
|          Energy DRAM [J]          |  30147.5563 |         0 |         0 |         0 |         0 |         0 |         0 |         0 |         0 |         0 |           0 |           0 |           0 |           0 |           0 |           0 |           0 |           0 |           0 |           0 |           0 |           0 |           0 |           0 |           0 |           0 |           0 |           0 |           0 |           0 |           0 |           0 |           0 |
|           Power DRAM [W]          |     20.7613 |         0 |         0 |         0 |         0 |         0 |         0 |         0 |         0 |         0 |           0 |           0 |           0 |           0 |           0 |           0 |           0 |           0 |           0 |           0 |           0 |           0 |           0 |           0 |           0 |           0 |           0 |           0 |           0 |           0 |           0 |           0 |           0 |
|            DP [MFLOP/s]           |   1635.8255 | 1635.2850 | 1635.3222 | 1635.5654 | 1635.6071 | 1613.0300 | 1635.6195 | 1635.2298 | 1635.1870 | 1635.6014 |   1635.5992 |   1635.2917 |   1635.2264 |   1635.4910 |   1635.5800 |   1635.5271 |   1613.0621 |   1635.0924 |   1635.1262 |   1635.5822 |   1635.6081 |   1635.5901 |   1635.6250 |   1635.3142 |   1635.5958 |   1635.5879 |   1635.3975 |   1612.7967 |   1635.5980 |   1635.5507 |   1635.3424 |   1635.6025 |   1635.2939 |
|          AVX DP [MFLOP/s]         |    279.3996 |  279.1005 |  279.1069 |  279.1484 |  279.1555 |  271.4716 |  279.1576 |  279.0911 |  279.0838 |  279.1545 |    279.1541 |    279.1017 |    279.0905 |    279.1357 |    279.1509 |    279.1418 |    271.4770 |    279.0677 |    279.0734 |    279.1513 |    279.1557 |    279.1526 |    279.1586 |    279.1055 |    279.1536 |    279.1522 |    279.1197 |    271.4324 |    279.1539 |    279.1459 |    279.1103 |    279.1547 |    279.1020 |
|          Packed [MUOPS/s]         |     34.9250 |   34.8876 |   34.8884 |   34.8935 |   34.8944 |   33.9340 |   34.8947 |   34.8864 |   34.8855 |   34.8943 |     34.8943 |     34.8877 |     34.8863 |     34.8920 |     34.8939 |     34.8927 |     33.9346 |     34.8835 |     34.8842 |     34.8939 |     34.8945 |     34.8941 |     34.8948 |     34.8882 |     34.8942 |     34.8940 |     34.8900 |     33.9290 |     34.8942 |     34.8932 |     34.8888 |     34.8943 |     34.8878 |
|          Scalar [MUOPS/s]         |   1356.4259 | 1356.1845 | 1356.2153 | 1356.4170 | 1356.4516 | 1341.5583 | 1356.4619 | 1356.1387 | 1356.1032 | 1356.4469 |   1356.4450 |   1356.1901 |   1356.1359 |   1356.3554 |   1356.4291 |   1356.3852 |   1341.5851 |   1356.0248 |   1356.0528 |   1356.4310 |   1356.4525 |   1356.4375 |   1356.4665 |   1356.2087 |   1356.4422 |   1356.4356 |   1356.2778 |   1341.3643 |   1356.4441 |   1356.4048 |   1356.2320 |   1356.4478 |   1356.1919 |
|  Memory read bandwidth [MBytes/s] |  69613.5271 |         0 |         0 |         0 |         0 |         0 |         0 |         0 |         0 |         0 |           0 |           0 |           0 |           0 |           0 |           0 |           0 |           0 |           0 |           0 |           0 |           0 |           0 |           0 |           0 |           0 |           0 |           0 |           0 |           0 |           0 |           0 |           0 |
|  Memory read data volume [GBytes] | 101086.0812 |         0 |         0 |         0 |         0 |         0 |         0 |         0 |         0 |         0 |           0 |           0 |           0 |           0 |           0 |           0 |           0 |           0 |           0 |           0 |           0 |           0 |           0 |           0 |           0 |           0 |           0 |           0 |           0 |           0 |           0 |           0 |           0 |
| Memory write bandwidth [MBytes/s] |  34956.5437 |         0 |         0 |         0 |         0 |         0 |         0 |         0 |         0 |         0 |           0 |           0 |           0 |           0 |           0 |           0 |           0 |           0 |           0 |           0 |           0 |           0 |           0 |           0 |           0 |           0 |           0 |           0 |           0 |           0 |           0 |           0 |           0 |
| Memory write data volume [GBytes] |  50760.5369 |         0 |         0 |         0 |         0 |         0 |         0 |         0 |         0 |         0 |           0 |           0 |           0 |           0 |           0 |           0 |           0 |           0 |           0 |           0 |           0 |           0 |           0 |           0 |           0 |           0 |           0 |           0 |           0 |           0 |           0 |           0 |           0 |
|    Memory bandwidth [MBytes/s]    | 104570.0708 |         0 |         0 |         0 |         0 |         0 |         0 |         0 |         0 |         0 |           0 |           0 |           0 |           0 |           0 |           0 |           0 |           0 |           0 |           0 |           0 |           0 |           0 |           0 |           0 |           0 |           0 |           0 |           0 |           0 |           0 |           0 |           0 |
|    Memory data volume [GBytes]    | 151846.6181 |         0 |         0 |         0 |         0 |         0 |         0 |         0 |         0 |         0 |           0 |           0 |           0 |           0 |           0 |           0 |           0 |           0 |           0 |           0 |           0 |           0 |           0 |           0 |           0 |           0 |           0 |           0 |           0 |           0 |           0 |           0 |           0 |
|       Operational intensity       |      0.0156 |         0 |         0 |         0 |         0 |         0 |         0 |         0 |         0 |         0 |           0 |           0 |           0 |           0 |           0 |           0 |           0 |           0 |           0 |           0 |           0 |           0 |           0 |           0 |           0 |           0 |           0 |           0 |           0 |           0 |           0 |           0 |           0 |
+-----------------------------------+-------------+-----------+-----------+-----------+-----------+-----------+-----------+-----------+-----------+-----------+-------------+-------------+-------------+-------------+-------------+-------------+-------------+-------------+-------------+-------------+-------------+-------------+-------------+-------------+-------------+-------------+-------------+-------------+-------------+-------------+-------------+-------------+-------------+

+----------------------------------------+-------------+-----------+-------------+-----------+-----------+-----------+-----------+
|                 Metric                 |     Sum     |    Min    |     Max     |    Avg    |  %ile 25  |  %ile 50  |  %ile 75  |
+----------------------------------------+-------------+-----------+-------------+-----------+-----------+-----------+-----------+
|        Runtime (RDTSC) [s] STAT        |  47922.9920 | 1452.0600 |   1452.5330 | 1452.2119 | 1452.0840 | 1452.1260 | 1452.3540 |
|        Runtime unhalted [s] STAT       |  47747.3565 | 1445.8407 |   1447.6193 | 1446.8896 | 1446.5427 | 1446.9995 | 1447.1771 |
|            Clock [MHz] STAT            |  79008.8845 | 2393.6261 |   2394.3290 | 2394.2086 | 2394.1428 | 2394.3210 | 2394.3246 |
|                CPI STAT                |     21.0050 |    0.4649 |      0.8449 |    0.6365 |    0.4763 |    0.6288 |    0.8059 |
|             Energy [J] STAT            | 325220.1490 |         0 | 325220.1490 | 9855.1560 |         0 |         0 |         0 |
|             Power [W] STAT             |    223.9648 |         0 |    223.9648 |    6.7868 |         0 |         0 |         0 |
|          Energy DRAM [J] STAT          |  30147.5563 |         0 |  30147.5563 |  913.5623 |         0 |         0 |         0 |
|           Power DRAM [W] STAT          |     20.7613 |         0 |     20.7613 |    0.6291 |         0 |         0 |         0 |
|            DP [MFLOP/s] STAT           |  53902.7540 | 1612.7967 |   1635.8255 | 1633.4168 | 1635.2298 | 1635.5271 | 1635.5980 |
|          AVX DP [MFLOP/s] STAT         |   9188.5107 |  271.4324 |    279.3996 |  278.4397 |  279.0911 |  279.1418 |  279.1539 |
|          Packed [MUOPS/s] STAT         |   1148.5640 |   33.9290 |     34.9250 |   34.8050 |   34.8864 |   34.8927 |   34.8942 |
|          Scalar [MUOPS/s] STAT         |  44714.2434 | 1341.3643 |   1356.4665 | 1354.9771 | 1356.1387 | 1356.3852 | 1356.4422 |
|  Memory read bandwidth [MBytes/s] STAT |  69613.5271 |         0 |  69613.5271 | 2109.5008 |         0 |         0 |         0 |
|  Memory read data volume [GBytes] STAT | 101086.0812 |         0 | 101086.0812 | 3063.2146 |         0 |         0 |         0 |
| Memory write bandwidth [MBytes/s] STAT |  34956.5437 |         0 |  34956.5437 | 1059.2892 |         0 |         0 |         0 |
| Memory write data volume [GBytes] STAT |  50760.5369 |         0 |  50760.5369 | 1538.1981 |         0 |         0 |         0 |
|    Memory bandwidth [MBytes/s] STAT    | 104570.0708 |         0 | 104570.0708 | 3168.7900 |         0 |         0 |         0 |
|    Memory data volume [GBytes] STAT    | 151846.6181 |         0 | 151846.6181 | 4601.4127 |         0 |         0 |         0 |
|       Operational intensity STAT       |      0.0156 |         0 |      0.0156 |    0.0005 |         0 |         0 |         0 |
+----------------------------------------+-------------+-----------+-------------+-----------+-----------+-----------+-----------+

