WARN: Cannot extract OpenMP vendor from executable or commandline, assuming no OpenMP
 nx_glob, nz_glob:                  3000                  1250
 dx,dz:    8.00000000000000        8.00000000000000     
 dt:   2.666666666666666E-002
Group: 1
+------------------------------------------+---------+----------------+----------------+----------------+----------------+----------------+----------------+----------------+----------------+----------------+----------------+----------------+----------------+----------------+----------------+----------------+----------------+----------------+----------------+----------------+----------------+----------------+----------------+----------------+----------------+----------------+----------------+----------------+----------------+----------------+----------------+----------------+----------------+----------------+----------------+----------------+----------------+
|                   Event                  | Counter |    f0314:0:0   |    f0314:1:1   |    f0314:2:2   |    f0314:3:3   |    f0314:4:4   |    f0314:5:5   |    f0314:6:6   |    f0314:7:7   |    f0314:8:8   |    f0314:9:9   |   f0314:10:10  |   f0314:11:11  |   f0314:12:12  |   f0314:13:13  |   f0314:14:14  |   f0314:15:15  |   f0314:16:16  |   f0314:17:17  |   f0314:18:18  |   f0314:19:19  |   f0314:20:20  |   f0314:21:21  |   f0314:22:22  |   f0314:23:23  |   f0314:24:24  |   f0314:25:25  |   f0314:26:26  |   f0314:27:27  |   f0314:28:28  |   f0314:29:29  |   f0314:30:30  |   f0314:31:31  |   f0314:32:32  |   f0314:33:33  |   f0314:34:34  |   f0314:35:35  |
+------------------------------------------+---------+----------------+----------------+----------------+----------------+----------------+----------------+----------------+----------------+----------------+----------------+----------------+----------------+----------------+----------------+----------------+----------------+----------------+----------------+----------------+----------------+----------------+----------------+----------------+----------------+----------------+----------------+----------------+----------------+----------------+----------------+----------------+----------------+----------------+----------------+----------------+----------------+
|             INSTR_RETIRED_ANY            |  FIXC0  |  6432404638343 |  6572388049565 |  6539845834113 |  6405056848300 |  6531343049657 |  6510442061377 |  6576675231752 |  6508072185179 |  6417524063563 |  6556635553348 |  6550314691555 |  6527075406539 |  6552979064971 |  6561234644136 |  6456403261632 |  6465530795232 |  6549956524329 |  6396020957694 |  5620588912767 |  4515083168046 |  3910703079397 |  3767967361228 |  3955350937351 |  3771721163294 |  3756085012802 |  3905066429020 |  4020664260747 |  3877114812160 |  3853846273715 |  3781738580886 |  3792791472524 |  3855815175261 |  3983404064869 |  3852700822476 |  4029857434529 |  4344653990959 |
|           CPU_CLK_UNHALTED_CORE          |  FIXC1  |  3244129987138 |  3244700773454 |  3244054772950 |  3244933287537 |  3244305742292 |  3244511389303 |  3244311000629 |  3244531299779 |  3244607206978 |  3244505226507 |  3244858872378 |  3244727343066 |  3245265578843 |  3244632355436 |  3244781784672 |  3245216095241 |  3245901869722 |  3245312565603 |  3244907011879 |  3244097176905 |  3244059907174 |  3244517821123 |  3244450273779 |  3244679521117 |  3244304756352 |  3243928560000 |  3244138137457 |  3242763363976 |  3243588608354 |  3243765308205 |  3242065762475 |  3244528755819 |  3243676103352 |  3244526797895 |  3244652732067 |  3243916496380 |
|           CPU_CLK_UNHALTED_REF           |  FIXC2  |  3244130438976 |  3244699608576 |  3244053125856 |  3244930582944 |  3244304126208 |  3244508548224 |  3244308043104 |  3244529594784 |  3244604034048 |  3244502851392 |  3244856988576 |  3244726759296 |  3245264493504 |  3244631288256 |  3244778191584 |  3245215555296 |  3245901824256 |  3245311316832 |  3244907210400 |  3244096265376 |  3244060452000 |  3244518698880 |  3244450890720 |  3244679009664 |  3244304888160 |  3243929352864 |  3244139437152 |  3242763092064 |  3243588453984 |  3243766348032 |  3242065029792 |  3244528597536 |  3243676118112 |  3244528440000 |  3244653420192 |  3243916505376 |
|               TOPDOWN_SLOTS              |  FIXC3  | 16220649935690 | 16223503867270 | 16220273864750 | 16224666437685 | 16221528711460 | 16222556946515 | 16221555003145 | 16222656498895 | 16223036034890 | 16222526132535 | 16224294361890 | 16223636715330 | 16226327894215 | 16223161777180 | 16223908923360 | 16226080476205 | 16229509348610 | 16226562828015 | 16224535059395 | 16220485884525 | 16220299535870 | 16222589105615 | 16222251368895 | 16223397605585 | 16221523781760 | 16219642800000 | 16220690687285 | 16213816819880 | 16217943041770 | 16218826541025 | 16210328812375 | 16222643779095 | 16218380516760 | 16222633989475 | 16223263660335 | 16219582481900 |
|              PWR_PKG_ENERGY              |   PWR0  |    316160.1835 |              0 |              0 |              0 |              0 |              0 |              0 |              0 |              0 |              0 |              0 |              0 |              0 |              0 |              0 |              0 |              0 |              0 |              0 |              0 |              0 |              0 |              0 |              0 |              0 |              0 |              0 |              0 |              0 |              0 |              0 |              0 |              0 |              0 |              0 |              0 |
|              PWR_DRAM_ENERGY             |   PWR3  |     29180.9815 |              0 |              0 |              0 |              0 |              0 |              0 |              0 |              0 |              0 |              0 |              0 |              0 |              0 |              0 |              0 |              0 |              0 |              0 |              0 |              0 |              0 |              0 |              0 |              0 |              0 |              0 |              0 |              0 |              0 |              0 |              0 |              0 |              0 |              0 |              0 |
| FP_ARITH_INST_RETIRED_128B_PACKED_DOUBLE |   PMC0  |              0 |              0 |              0 |              0 |              0 |              0 |              0 |              0 |              0 |              0 |              0 |              0 |              0 |              0 |              0 |              0 |              0 |              0 |              0 |              0 |              0 |              0 |              0 |              0 |              0 |              0 |              0 |              0 |              0 |              0 |              0 |              0 |              0 |              0 |              0 |              0 |
|    FP_ARITH_INST_RETIRED_SCALAR_DOUBLE   |   PMC1  |  1797456396741 |  1818982670365 |  1797455774263 |  1797455769078 |  1818982652796 |  1797455776427 |  1797455767210 |  1818982644467 |  1797455781102 |  1797455744863 |  1818982633881 |  1797455736474 |  1797455729033 |  1818982617221 |  1797455736152 |  1797455712452 |  1818982609563 |  1797455724658 |  1797455707325 |  1818982593111 |  1797455695155 |  1797455685586 |  1818982569388 |  1797455695380 |  1797455676885 |  1818982554810 |  1797455684175 |  1797455649613 |  1818982545142 |  1797455632515 |  1797455641577 |  1818982535113 |  1797455637496 |  1797455642767 |  1818982526608 |  1797455645284 |
| FP_ARITH_INST_RETIRED_256B_PACKED_DOUBLE |   PMC2  |              0 |              0 |              0 |              0 |              0 |              0 |              0 |              0 |              0 |              0 |              0 |              0 |              0 |              0 |              0 |              0 |              0 |              0 |              0 |              0 |              0 |              0 |              0 |              0 |              0 |              0 |              0 |              0 |              0 |              0 |              0 |              0 |              0 |              0 |              0 |              0 |
| FP_ARITH_INST_RETIRED_512B_PACKED_DOUBLE |   PMC3  |    47170758885 |    43708192500 |    47125464372 |    47125464372 |    43708192500 |    47125464372 |    47125464372 |    43708192500 |    47125464372 |    47125464372 |    43708192500 |    47125464372 |    47125464372 |    43708192500 |    47125464372 |    47125464372 |    43708192500 |    47125464372 |    47125464372 |    43708192500 |    47125464372 |    47125464372 |    43708192500 |    47125464372 |    47125464372 |    43708192500 |    47125464372 |    47125464372 |    43708192500 |    47125464372 |    47125464372 |    43708192500 |    47125464372 |    47125464372 |    43708192500 |    47125464372 |
|               CAS_COUNT_RD               | MBOX0C0 |   198510366439 |              0 |              0 |              0 |              0 |              0 |              0 |              0 |              0 |              0 |              0 |              0 |              0 |              0 |              0 |              0 |              0 |              0 |              0 |              0 |              0 |              0 |              0 |              0 |              0 |              0 |              0 |              0 |              0 |              0 |              0 |              0 |              0 |              0 |              0 |              0 |
|               CAS_COUNT_WR               | MBOX0C1 |    99506691400 |              0 |              0 |              0 |              0 |              0 |              0 |              0 |              0 |              0 |              0 |              0 |              0 |              0 |              0 |              0 |              0 |              0 |              0 |              0 |              0 |              0 |              0 |              0 |              0 |              0 |              0 |              0 |              0 |              0 |              0 |              0 |              0 |              0 |              0 |              0 |
|               CAS_COUNT_RD               | MBOX1C0 |   198545791337 |              0 |              0 |              0 |              0 |              0 |              0 |              0 |              0 |              0 |              0 |              0 |              0 |              0 |              0 |              0 |              0 |              0 |              0 |              0 |              0 |              0 |              0 |              0 |              0 |              0 |              0 |              0 |              0 |              0 |              0 |              0 |              0 |              0 |              0 |              0 |
|               CAS_COUNT_WR               | MBOX1C1 |    99493406050 |              0 |              0 |              0 |              0 |              0 |              0 |              0 |              0 |              0 |              0 |              0 |              0 |              0 |              0 |              0 |              0 |              0 |              0 |              0 |              0 |              0 |              0 |              0 |              0 |              0 |              0 |              0 |              0 |              0 |              0 |              0 |              0 |              0 |              0 |              0 |
|               CAS_COUNT_RD               | MBOX2C0 |   198576039626 |              0 |              0 |              0 |              0 |              0 |              0 |              0 |              0 |              0 |              0 |              0 |              0 |              0 |              0 |              0 |              0 |              0 |              0 |              0 |              0 |              0 |              0 |              0 |              0 |              0 |              0 |              0 |              0 |              0 |              0 |              0 |              0 |              0 |              0 |              0 |
|               CAS_COUNT_WR               | MBOX2C1 |    99486315202 |              0 |              0 |              0 |              0 |              0 |              0 |              0 |              0 |              0 |              0 |              0 |              0 |              0 |              0 |              0 |              0 |              0 |              0 |              0 |              0 |              0 |              0 |              0 |              0 |              0 |              0 |              0 |              0 |              0 |              0 |              0 |              0 |              0 |              0 |              0 |
|               CAS_COUNT_RD               | MBOX3C0 |   198550255147 |              0 |              0 |              0 |              0 |              0 |              0 |              0 |              0 |              0 |              0 |              0 |              0 |              0 |              0 |              0 |              0 |              0 |              0 |              0 |              0 |              0 |              0 |              0 |              0 |              0 |              0 |              0 |              0 |              0 |              0 |              0 |              0 |              0 |              0 |              0 |
|               CAS_COUNT_WR               | MBOX3C1 |    99488335637 |              0 |              0 |              0 |              0 |              0 |              0 |              0 |              0 |              0 |              0 |              0 |              0 |              0 |              0 |              0 |              0 |              0 |              0 |              0 |              0 |              0 |              0 |              0 |              0 |              0 |              0 |              0 |              0 |              0 |              0 |              0 |              0 |              0 |              0 |              0 |
|               CAS_COUNT_RD               | MBOX4C0 |   195251905935 |              0 |              0 |              0 |              0 |              0 |              0 |              0 |              0 |              0 |              0 |              0 |              0 |              0 |              0 |              0 |              0 |              0 |              0 |              0 |              0 |              0 |              0 |              0 |              0 |              0 |              0 |              0 |              0 |              0 |              0 |              0 |              0 |              0 |              0 |              0 |
|               CAS_COUNT_WR               | MBOX4C1 |    99346055123 |              0 |              0 |              0 |              0 |              0 |              0 |              0 |              0 |              0 |              0 |              0 |              0 |              0 |              0 |              0 |              0 |              0 |              0 |              0 |              0 |              0 |              0 |              0 |              0 |              0 |              0 |              0 |              0 |              0 |              0 |              0 |              0 |              0 |              0 |              0 |
|               CAS_COUNT_RD               | MBOX5C0 |   195185859395 |              0 |              0 |              0 |              0 |              0 |              0 |              0 |              0 |              0 |              0 |              0 |              0 |              0 |              0 |              0 |              0 |              0 |              0 |              0 |              0 |              0 |              0 |              0 |              0 |              0 |              0 |              0 |              0 |              0 |              0 |              0 |              0 |              0 |              0 |              0 |
|               CAS_COUNT_WR               | MBOX5C1 |    99329186712 |              0 |              0 |              0 |              0 |              0 |              0 |              0 |              0 |              0 |              0 |              0 |              0 |              0 |              0 |              0 |              0 |              0 |              0 |              0 |              0 |              0 |              0 |              0 |              0 |              0 |              0 |              0 |              0 |              0 |              0 |              0 |              0 |              0 |              0 |              0 |
|               CAS_COUNT_RD               | MBOX6C0 |   195202568201 |              0 |              0 |              0 |              0 |              0 |              0 |              0 |              0 |              0 |              0 |              0 |              0 |              0 |              0 |              0 |              0 |              0 |              0 |              0 |              0 |              0 |              0 |              0 |              0 |              0 |              0 |              0 |              0 |              0 |              0 |              0 |              0 |              0 |              0 |              0 |
|               CAS_COUNT_WR               | MBOX6C1 |    99333469843 |              0 |              0 |              0 |              0 |              0 |              0 |              0 |              0 |              0 |              0 |              0 |              0 |              0 |              0 |              0 |              0 |              0 |              0 |              0 |              0 |              0 |              0 |              0 |              0 |              0 |              0 |              0 |              0 |              0 |              0 |              0 |              0 |              0 |              0 |              0 |
|               CAS_COUNT_RD               | MBOX7C0 |   195205256667 |              0 |              0 |              0 |              0 |              0 |              0 |              0 |              0 |              0 |              0 |              0 |              0 |              0 |              0 |              0 |              0 |              0 |              0 |              0 |              0 |              0 |              0 |              0 |              0 |              0 |              0 |              0 |              0 |              0 |              0 |              0 |              0 |              0 |              0 |              0 |
|               CAS_COUNT_WR               | MBOX7C1 |    99328902745 |              0 |              0 |              0 |              0 |              0 |              0 |              0 |              0 |              0 |              0 |              0 |              0 |              0 |              0 |              0 |              0 |              0 |              0 |              0 |              0 |              0 |              0 |              0 |              0 |              0 |              0 |              0 |              0 |              0 |              0 |              0 |              0 |              0 |              0 |              0 |
+------------------------------------------+---------+----------------+----------------+----------------+----------------+----------------+----------------+----------------+----------------+----------------+----------------+----------------+----------------+----------------+----------------+----------------+----------------+----------------+----------------+----------------+----------------+----------------+----------------+----------------+----------------+----------------+----------------+----------------+----------------+----------------+----------------+----------------+----------------+----------------+----------------+----------------+----------------+

+-----------------------------------------------+---------+-----------------+----------------+----------------+---------------+
|                     Event                     | Counter |       Sum       |       Min      |       Max      |      Avg      |
+-----------------------------------------------+---------+-----------------+----------------+----------------+---------------+
|             INSTR_RETIRED_ANY STAT            |  FIXC0  | 189705055813316 |  3756085012802 |  6576675231752 |  5.269585e+12 |
|           CPU_CLK_UNHALTED_CORE STAT          |  FIXC1  | 116797854245837 |  3242065762475 |  3245901869722 |  3.244385e+12 |
|           CPU_CLK_UNHALTED_REF STAT           |  FIXC2  | 116797829582016 |  3242065029792 |  3245901824256 | 3244384155056 |
|               TOPDOWN_SLOTS STAT              |  FIXC3  | 583989271229185 | 16210328812375 | 16229509348610 |      nil      |
|              PWR_PKG_ENERGY STAT              |   PWR0  |     316160.1835 |              0 |    316160.1835 |     8782.2273 |
|              PWR_DRAM_ENERGY STAT             |   PWR3  |      29180.9815 |              0 |     29180.9815 |      810.5828 |
| FP_ARITH_INST_RETIRED_128B_PACKED_DOUBLE STAT |   PMC0  |               0 |              0 |              0 |             0 |
|    FP_ARITH_INST_RETIRED_SCALAR_DOUBLE STAT   |   PMC1  |  64966728794676 |  1797455632515 |  1818982670365 |  1.804631e+12 |
| FP_ARITH_INST_RETIRED_256B_PACKED_DOUBLE STAT |   PMC2  |               0 |              0 |              0 |             0 |
| FP_ARITH_INST_RETIRED_512B_PACKED_DOUBLE STAT |   PMC3  |   1655554749441 |    43708192500 |    47170758885 |  4.598763e+10 |
|               CAS_COUNT_RD STAT               | MBOX0C0 |    198510366439 |              0 |   198510366439 |  5.514177e+09 |
|               CAS_COUNT_WR STAT               | MBOX0C1 |     99506691400 |              0 |    99506691400 |  2.764075e+09 |
|               CAS_COUNT_RD STAT               | MBOX1C0 |    198545791337 |              0 |   198545791337 |  5.515161e+09 |
|               CAS_COUNT_WR STAT               | MBOX1C1 |     99493406050 |              0 |    99493406050 |  2.763706e+09 |
|               CAS_COUNT_RD STAT               | MBOX2C0 |    198576039626 |              0 |   198576039626 |  5.516001e+09 |
|               CAS_COUNT_WR STAT               | MBOX2C1 |     99486315202 |              0 |    99486315202 |  2.763509e+09 |
|               CAS_COUNT_RD STAT               | MBOX3C0 |    198550255147 |              0 |   198550255147 |  5.515285e+09 |
|               CAS_COUNT_WR STAT               | MBOX3C1 |     99488335637 |              0 |    99488335637 |  2.763565e+09 |
|               CAS_COUNT_RD STAT               | MBOX4C0 |    195251905935 |              0 |   195251905935 |  5.423664e+09 |
|               CAS_COUNT_WR STAT               | MBOX4C1 |     99346055123 |              0 |    99346055123 |  2.759613e+09 |
|               CAS_COUNT_RD STAT               | MBOX5C0 |    195185859395 |              0 |   195185859395 |  5.421829e+09 |
|               CAS_COUNT_WR STAT               | MBOX5C1 |     99329186712 |              0 |    99329186712 |  2.759144e+09 |
|               CAS_COUNT_RD STAT               | MBOX6C0 |    195202568201 |              0 |   195202568201 |  5.422294e+09 |
|               CAS_COUNT_WR STAT               | MBOX6C1 |     99333469843 |              0 |    99333469843 |  2.759263e+09 |
|               CAS_COUNT_RD STAT               | MBOX7C0 |    195205256667 |              0 |   195205256667 |  5.422368e+09 |
|               CAS_COUNT_WR STAT               | MBOX7C1 |     99328902745 |              0 |    99328902745 |  2.759136e+09 |
+-----------------------------------------------+---------+-----------------+----------------+----------------+---------------+

+-----------------------------------+-------------+-----------+-----------+-----------+-----------+-----------+-----------+-----------+-----------+-----------+-------------+-------------+-------------+-------------+-------------+-------------+-------------+-------------+-------------+-------------+-------------+-------------+-------------+-------------+-------------+-------------+-------------+-------------+-------------+-------------+-------------+-------------+-------------+-------------+-------------+-------------+
|               Metric              |  f0314:0:0  | f0314:1:1 | f0314:2:2 | f0314:3:3 | f0314:4:4 | f0314:5:5 | f0314:6:6 | f0314:7:7 | f0314:8:8 | f0314:9:9 | f0314:10:10 | f0314:11:11 | f0314:12:12 | f0314:13:13 | f0314:14:14 | f0314:15:15 | f0314:16:16 | f0314:17:17 | f0314:18:18 | f0314:19:19 | f0314:20:20 | f0314:21:21 | f0314:22:22 | f0314:23:23 | f0314:24:24 | f0314:25:25 | f0314:26:26 | f0314:27:27 | f0314:28:28 | f0314:29:29 | f0314:30:30 | f0314:31:31 | f0314:32:32 | f0314:33:33 | f0314:34:34 | f0314:35:35 |
+-----------------------------------+-------------+-----------+-----------+-----------+-----------+-----------+-----------+-----------+-----------+-----------+-------------+-------------+-------------+-------------+-------------+-------------+-------------+-------------+-------------+-------------+-------------+-------------+-------------+-------------+-------------+-------------+-------------+-------------+-------------+-------------+-------------+-------------+-------------+-------------+-------------+-------------+
|        Runtime (RDTSC) [s]        |   1360.3600 | 1360.3380 | 1360.3370 | 1360.7180 | 1360.3440 | 1360.4950 | 1360.5770 | 1360.3960 | 1360.7300 | 1360.4580 |   1360.3620 |   1360.6690 |   1360.7250 |   1360.3450 |   1360.4110 |   1360.5490 |   1360.3660 |   1360.3500 |   1360.7200 |   1360.3880 |   1360.6680 |   1360.5270 |   1360.4640 |   1360.3370 |   1360.3830 |   1360.7900 |   1360.3890 |   1360.6820 |   1360.3400 |   1360.5720 |   1360.3310 |   1360.6460 |   1360.3450 |   1360.3690 |   1360.3770 |   1360.3380 |
|        Runtime unhalted [s]       |   1354.9501 | 1355.1654 | 1354.8955 | 1355.2605 | 1354.9984 | 1355.0858 | 1355.1886 | 1355.1451 | 1355.4395 | 1355.1977 |   1355.2312 |   1355.2267 |   1355.3993 |   1355.1343 |   1355.1980 |   1355.5130 |   1355.6652 |   1355.4233 |   1355.2472 |   1354.9554 |   1354.9438 |   1355.2713 |   1355.1817 |   1355.1552 |   1354.9996 |   1355.2851 |   1354.9292 |   1354.3529 |   1354.6975 |   1354.7724 |   1354.0612 |   1355.4020 |   1354.7453 |   1355.0928 |   1355.1456 |   1354.8381 |
|            Clock [MHz]            |   2394.2797 | 2394.3218 | 2394.3222 | 2394.3265 | 2394.3255 | 2394.3238 | 2393.9945 | 2394.2329 | 2393.7700 | 2394.1213 |   2394.3227 |   2394.2325 |   2394.3252 |   2394.3261 |   2394.3257 |   2394.0874 |   2394.3241 |   2394.3175 |   2394.3283 |   2394.2472 |   2394.2391 |   2393.9982 |   2394.1067 |   2394.3235 |   2394.3215 |   2393.5390 |   2394.3221 |   2394.3270 |   2394.3270 |   2394.3242 |   2394.3279 |   2393.7762 |   2394.3069 |   2394.3196 |   2394.3200 |   2394.3204 |
|                CPI                |      0.5043 |    0.4937 |    0.4960 |    0.5066 |    0.4967 |    0.4984 |    0.4933 |    0.4985 |    0.5056 |    0.4948 |      0.4954 |      0.4971 |      0.4952 |      0.4945 |      0.5026 |      0.5019 |      0.4956 |      0.5074 |      0.5773 |      0.7185 |      0.8295 |      0.8611 |      0.8203 |      0.8603 |      0.8637 |      0.8307 |      0.8069 |      0.8364 |      0.8416 |      0.8577 |      0.8548 |      0.8415 |      0.8143 |      0.8421 |      0.8052 |      0.7466 |
|             Energy [J]            | 316160.1835 |         0 |         0 |         0 |         0 |         0 |         0 |         0 |         0 |         0 |           0 |           0 |           0 |           0 |           0 |           0 |           0 |           0 |           0 |           0 |           0 |           0 |           0 |           0 |           0 |           0 |           0 |           0 |           0 |           0 |           0 |           0 |           0 |           0 |           0 |           0 |
|             Power [W]             |    232.4092 |         0 |         0 |         0 |         0 |         0 |         0 |         0 |         0 |         0 |           0 |           0 |           0 |           0 |           0 |           0 |           0 |           0 |           0 |           0 |           0 |           0 |           0 |           0 |           0 |           0 |           0 |           0 |           0 |           0 |           0 |           0 |           0 |           0 |           0 |           0 |
|          Energy DRAM [J]          |  29180.9815 |         0 |         0 |         0 |         0 |         0 |         0 |         0 |         0 |         0 |           0 |           0 |           0 |           0 |           0 |           0 |           0 |           0 |           0 |           0 |           0 |           0 |           0 |           0 |           0 |           0 |           0 |           0 |           0 |           0 |           0 |           0 |           0 |           0 |           0 |           0 |
|           Power DRAM [W]          |     21.4509 |         0 |         0 |         0 |         0 |         0 |         0 |         0 |         0 |         0 |           0 |           0 |           0 |           0 |           0 |           0 |           0 |           0 |           0 |           0 |           0 |           0 |           0 |           0 |           0 |           0 |           0 |           0 |           0 |           0 |           0 |           0 |           0 |           0 |           0 |           0 |
|            DP [MFLOP/s]           |   1598.7110 | 1594.1981 | 1598.4712 | 1598.0236 | 1594.1910 | 1598.2855 | 1598.1892 | 1594.1301 | 1598.0095 | 1598.3290 |   1594.1699 |   1598.0811 |   1598.0154 |   1594.1898 |   1598.3842 |   1598.2221 |   1594.1652 |   1598.4559 |   1598.0212 |   1594.1394 |   1598.0823 |   1598.2479 |   1594.0503 |   1598.4711 |   1598.4171 |   1593.6685 |   1598.4100 |   1598.0658 |   1594.1956 |   1598.1950 |   1598.4781 |   1593.8371 |   1598.4617 |   1598.4335 |   1594.1523 |   1598.4699 |
|          AVX DP [MFLOP/s]         |    277.4016 |  257.0431 |  277.1399 |  277.0623 |  257.0420 |  277.1078 |  277.0911 |  257.0322 |  277.0599 |  277.1153 |    257.0386 |    277.0723 |    277.0609 |    257.0418 |    277.1249 |    277.0968 |    257.0378 |    277.1373 |    277.0619 |    257.0337 |    277.0725 |    277.1012 |    257.0193 |    277.1399 |    277.1306 |    256.9578 |    277.1293 |    277.0697 |    257.0428 |    277.0921 |    277.1412 |    256.9849 |    277.1383 |    277.1334 |    257.0358 |    277.1397 |
|          Packed [MUOPS/s]         |     34.6752 |   32.1304 |   34.6425 |   34.6328 |   32.1302 |   34.6385 |   34.6364 |   32.1290 |   34.6325 |   34.6394 |     32.1298 |     34.6340 |     34.6326 |     32.1302 |     34.6406 |     34.6371 |     32.1297 |     34.6422 |     34.6327 |     32.1292 |     34.6341 |     34.6377 |     32.1274 |     34.6425 |     34.6413 |     32.1197 |     34.6412 |     34.6337 |     32.1303 |     34.6365 |     34.6426 |     32.1231 |     34.6423 |     34.6417 |     32.1295 |     34.6425 |
|          Scalar [MUOPS/s]         |   1321.3094 | 1337.1549 | 1321.3312 | 1320.9613 | 1337.1490 | 1321.1778 | 1321.0982 | 1337.0979 | 1320.9496 | 1321.2137 |   1337.1313 |   1321.0088 |   1320.9544 |   1337.1480 |   1321.2593 |   1321.1253 |   1337.1274 |   1321.3186 |   1320.9593 |   1337.1057 |   1321.0098 |   1321.1466 |   1337.0310 |   1321.3312 |   1321.2865 |   1336.7107 |   1321.2807 |   1320.9961 |   1337.1529 |   1321.1029 |   1321.3370 |   1336.8522 |   1321.3234 |   1321.3001 |   1337.1165 |   1321.3302 |
|  Memory read bandwidth [MBytes/s] |  74099.3522 |         0 |         0 |         0 |         0 |         0 |         0 |         0 |         0 |         0 |           0 |           0 |           0 |           0 |           0 |           0 |           0 |           0 |           0 |           0 |           0 |           0 |           0 |           0 |           0 |           0 |           0 |           0 |           0 |           0 |           0 |           0 |           0 |           0 |           0 |           0 |
|  Memory read data volume [GBytes] | 100801.7947 |         0 |         0 |         0 |         0 |         0 |         0 |         0 |         0 |         0 |           0 |           0 |           0 |           0 |           0 |           0 |           0 |           0 |           0 |           0 |           0 |           0 |           0 |           0 |           0 |           0 |           0 |           0 |           0 |           0 |           0 |           0 |           0 |           0 |           0 |           0 |
| Memory write bandwidth [MBytes/s] |  37416.5597 |         0 |         0 |         0 |         0 |         0 |         0 |         0 |         0 |         0 |           0 |           0 |           0 |           0 |           0 |           0 |           0 |           0 |           0 |           0 |           0 |           0 |           0 |           0 |           0 |           0 |           0 |           0 |           0 |           0 |           0 |           0 |           0 |           0 |           0 |           0 |
| Memory write data volume [GBytes] |  50899.9912 |         0 |         0 |         0 |         0 |         0 |         0 |         0 |         0 |         0 |           0 |           0 |           0 |           0 |           0 |           0 |           0 |           0 |           0 |           0 |           0 |           0 |           0 |           0 |           0 |           0 |           0 |           0 |           0 |           0 |           0 |           0 |           0 |           0 |           0 |           0 |
|    Memory bandwidth [MBytes/s]    | 111515.9119 |         0 |         0 |         0 |         0 |         0 |         0 |         0 |         0 |         0 |           0 |           0 |           0 |           0 |           0 |           0 |           0 |           0 |           0 |           0 |           0 |           0 |           0 |           0 |           0 |           0 |           0 |           0 |           0 |           0 |           0 |           0 |           0 |           0 |           0 |           0 |
|    Memory data volume [GBytes]    | 151701.7859 |         0 |         0 |         0 |         0 |         0 |         0 |         0 |         0 |         0 |           0 |           0 |           0 |           0 |           0 |           0 |           0 |           0 |           0 |           0 |           0 |           0 |           0 |           0 |           0 |           0 |           0 |           0 |           0 |           0 |           0 |           0 |           0 |           0 |           0 |           0 |
|       Operational intensity       |      0.0143 |         0 |         0 |         0 |         0 |         0 |         0 |         0 |         0 |         0 |           0 |           0 |           0 |           0 |           0 |           0 |           0 |           0 |           0 |           0 |           0 |           0 |           0 |           0 |           0 |           0 |           0 |           0 |           0 |           0 |           0 |           0 |           0 |           0 |           0 |           0 |
+-----------------------------------+-------------+-----------+-----------+-----------+-----------+-----------+-----------+-----------+-----------+-----------+-------------+-------------+-------------+-------------+-------------+-------------+-------------+-------------+-------------+-------------+-------------+-------------+-------------+-------------+-------------+-------------+-------------+-------------+-------------+-------------+-------------+-------------+-------------+-------------+-------------+-------------+

+----------------------------------------+-------------+-----------+-------------+-----------+-----------+-----------+-----------+
|                 Metric                 |     Sum     |    Min    |     Max     |    Avg    |  %ile 25  |  %ile 50  |  %ile 75  |
+----------------------------------------+-------------+-----------+-------------+-----------+-----------+-----------+-----------+
|        Runtime (RDTSC) [s] STAT        |  48977.1960 | 1360.3310 |   1360.7900 | 1360.4777 | 1360.3450 | 1360.3890 | 1360.5770 |
|        Runtime unhalted [s] STAT       |  48783.1939 | 1354.0612 |   1355.6652 | 1355.0887 | 1354.9438 | 1355.1456 | 1355.2472 |
|            Clock [MHz] STAT            |  86192.0542 | 2393.5390 |   2394.3283 | 2394.2237 | 2394.2325 | 2394.3204 | 2394.3242 |
|                CPI STAT                |     23.5861 |    0.4933 |      0.8637 |    0.6552 |    0.4967 |    0.5074 |    0.8307 |
|             Energy [J] STAT            | 316160.1835 |         0 | 316160.1835 | 8782.2273 |         0 |         0 |         0 |
|             Power [W] STAT             |    232.4092 |         0 |    232.4092 |    6.4558 |         0 |         0 |         0 |
|          Energy DRAM [J] STAT          |  29180.9815 |         0 |  29180.9815 |  810.5828 |         0 |         0 |         0 |
|           Power DRAM [W] STAT          |     21.4509 |         0 |     21.4509 |    0.5959 |         0 |         0 |         0 |
|            DP [MFLOP/s] STAT           |  57488.0186 | 1593.6685 |   1598.7110 | 1596.8894 | 1594.1898 | 1598.0811 | 1598.4100 |
|          AVX DP [MFLOP/s] STAT         |   9735.1297 |  256.9578 |    277.4016 |  270.4203 |  257.0418 |  277.0723 |  277.1293 |
|          Packed [MUOPS/s] STAT         |   1216.8911 |   32.1197 |     34.6752 |   33.8025 |   32.1302 |   34.6340 |   34.6412 |
|          Scalar [MUOPS/s] STAT         |  47752.8889 | 1320.9496 |   1337.1549 | 1326.4691 | 1321.1029 | 1321.3094 | 1337.0310 |
|  Memory read bandwidth [MBytes/s] STAT |  74099.3522 |         0 |  74099.3522 | 2058.3153 |         0 |         0 |         0 |
|  Memory read data volume [GBytes] STAT | 100801.7947 |         0 | 100801.7947 | 2800.0499 |         0 |         0 |         0 |
| Memory write bandwidth [MBytes/s] STAT |  37416.5597 |         0 |  37416.5597 | 1039.3489 |         0 |         0 |         0 |
| Memory write data volume [GBytes] STAT |  50899.9912 |         0 |  50899.9912 | 1413.8886 |         0 |         0 |         0 |
|    Memory bandwidth [MBytes/s] STAT    | 111515.9119 |         0 | 111515.9119 | 3097.6642 |         0 |         0 |         0 |
|    Memory data volume [GBytes] STAT    | 151701.7859 |         0 | 151701.7859 | 4213.9385 |         0 |         0 |         0 |
|       Operational intensity STAT       |      0.0143 |         0 |      0.0143 |    0.0004 |         0 |         0 |         0 |
+----------------------------------------+-------------+-----------+-------------+-----------+-----------+-----------+-----------+

