WARN: Cannot extract OpenMP vendor from executable or commandline, assuming no OpenMP
 nx_glob, nz_glob:                  3000                  1250
 dx,dz:    8.00000000000000        8.00000000000000     
 dt:   2.666666666666666E-002
Group: 1
+------------------------------------------+---------+----------------+----------------+----------------+----------------+----------------+----------------+----------------+----------------+----------------+----------------+----------------+----------------+----------------+----------------+----------------+----------------+----------------+----------------+----------------+
|                   Event                  | Counter |    f0314:0:0   |    f0314:1:1   |    f0314:2:2   |    f0314:3:3   |    f0314:4:4   |    f0314:5:5   |    f0314:6:6   |    f0314:7:7   |    f0314:8:8   |    f0314:9:9   |   f0314:10:10  |   f0314:11:11  |   f0314:12:12  |   f0314:13:13  |   f0314:14:14  |   f0314:15:15  |   f0314:16:16  |   f0314:17:17  |   f0314:18:18  |
+------------------------------------------+---------+----------------+----------------+----------------+----------------+----------------+----------------+----------------+----------------+----------------+----------------+----------------+----------------+----------------+----------------+----------------+----------------+----------------+----------------+----------------+
|             INSTR_RETIRED_ANY            |  FIXC0  |  6974805042542 |  7121032560903 |  7214791539762 |  7032717649842 |  8340862995497 |  8395543778731 |  7303340287010 |  7059742579021 |  7011451917427 |  7043598725731 |  7236703197503 |  7013066634061 |  7245051855146 |  6969819831516 |  7067915261544 |  7068725723492 |  6985130539454 |  6975057251980 | 15116665770482 |
|           CPU_CLK_UNHALTED_CORE          |  FIXC1  |  5999243197535 |  5999885241745 |  5998499408757 |  5998860057947 |  5998855515567 |  5999124641135 |  5998587974041 |  5999529970524 |  6000110661158 |  5997063027086 |  6000206932831 |  5999275261135 |  5998650718892 |  5998892677676 |  5998740757336 |  6000319843239 |  6002172496762 |  6002372631808 |  6006838262078 |
|           CPU_CLK_UNHALTED_REF           |  FIXC2  |  5999244321408 |  5999881634304 |  5998495952064 |  5998857326208 |  5998853386176 |  5999120518848 |  5998586084160 |  5999525938368 |  6000106758432 |  5997060359136 |  6000204786240 |  5999273230560 |  5998646999904 |  5998893543072 |  5998738477536 |  6000320139936 |  6002174262720 |  6002374072512 |  6006838565856 |
|               TOPDOWN_SLOTS              |  FIXC3  | 29996215987675 | 29999426208725 | 29992497043785 | 29994300289735 | 29994277577835 | 29995623205675 | 29992939870205 | 29997649852620 | 30000553305790 | 29985315135430 | 30001034664155 | 29996376305675 | 29993253594460 | 29994463388380 | 29993703786680 | 30001599216195 | 30010862483810 | 30011863159040 | 30034191310390 |
|              PWR_PKG_ENERGY              |   PWR0  |    413164.0031 |              0 |              0 |              0 |              0 |              0 |              0 |              0 |              0 |              0 |              0 |              0 |              0 |              0 |              0 |              0 |              0 |              0 |              0 |
|              PWR_DRAM_ENERGY             |   PWR3  |     36020.2822 |              0 |              0 |              0 |              0 |              0 |              0 |              0 |              0 |              0 |              0 |              0 |              0 |              0 |              0 |              0 |              0 |              0 |              0 |
| FP_ARITH_INST_RETIRED_128B_PACKED_DOUBLE |   PMC0  |              0 |              0 |              0 |              0 |              0 |              0 |              0 |              0 |              0 |              0 |              0 |              0 |              0 |              0 |              0 |              0 |              0 |              0 |              0 |
|    FP_ARITH_INST_RETIRED_SCALAR_DOUBLE   |   PMC1  |  3411972605274 |  3411971987451 |  3411971987664 |  3411971982062 |  3390445099993 |  3411971989432 |  3411971974107 |  3411971972515 |  3411971972482 |  3411971976495 |  3411971973519 |  3411971973444 |  3411971959454 |  3411971970718 |  3390445118665 |  3411971958557 |  3411971961023 |  3411971954398 |  3411971962532 |
| FP_ARITH_INST_RETIRED_256B_PACKED_DOUBLE |   PMC2  |              0 |              0 |              0 |              0 |              0 |              0 |              0 |              0 |              0 |              0 |              0 |              0 |              0 |              0 |              0 |              0 |              0 |              0 |              0 |
| FP_ARITH_INST_RETIRED_512B_PACKED_DOUBLE |   PMC3  |    73707943263 |    73662648750 |    73662648750 |    73662648750 |    74337678750 |    73662648750 |    73662648750 |    73662648750 |    73662648750 |    73662648750 |    73662648750 |    73662648750 |    73662648750 |    73662648750 |    74337678750 |    73662648750 |    73662648750 |    73662648750 |    73662648750 |
|               CAS_COUNT_RD               | MBOX0C0 |   352050224961 |              0 |              0 |              0 |              0 |              0 |              0 |              0 |              0 |              0 |              0 |              0 |              0 |              0 |              0 |              0 |              0 |              0 |              0 |
|               CAS_COUNT_WR               | MBOX0C1 |   184986519496 |              0 |              0 |              0 |              0 |              0 |              0 |              0 |              0 |              0 |              0 |              0 |              0 |              0 |              0 |              0 |              0 |              0 |              0 |
|               CAS_COUNT_RD               | MBOX1C0 |   352090854523 |              0 |              0 |              0 |              0 |              0 |              0 |              0 |              0 |              0 |              0 |              0 |              0 |              0 |              0 |              0 |              0 |              0 |              0 |
|               CAS_COUNT_WR               | MBOX1C1 |   184983514719 |              0 |              0 |              0 |              0 |              0 |              0 |              0 |              0 |              0 |              0 |              0 |              0 |              0 |              0 |              0 |              0 |              0 |              0 |
|               CAS_COUNT_RD               | MBOX2C0 |   352086015724 |              0 |              0 |              0 |              0 |              0 |              0 |              0 |              0 |              0 |              0 |              0 |              0 |              0 |              0 |              0 |              0 |              0 |              0 |
|               CAS_COUNT_WR               | MBOX2C1 |   184986249709 |              0 |              0 |              0 |              0 |              0 |              0 |              0 |              0 |              0 |              0 |              0 |              0 |              0 |              0 |              0 |              0 |              0 |              0 |
|               CAS_COUNT_RD               | MBOX3C0 |   352127759246 |              0 |              0 |              0 |              0 |              0 |              0 |              0 |              0 |              0 |              0 |              0 |              0 |              0 |              0 |              0 |              0 |              0 |              0 |
|               CAS_COUNT_WR               | MBOX3C1 |   184975553586 |              0 |              0 |              0 |              0 |              0 |              0 |              0 |              0 |              0 |              0 |              0 |              0 |              0 |              0 |              0 |              0 |              0 |              0 |
|               CAS_COUNT_RD               | MBOX4C0 |      950377189 |              0 |              0 |              0 |              0 |              0 |              0 |              0 |              0 |              0 |              0 |              0 |              0 |              0 |              0 |              0 |              0 |              0 |              0 |
|               CAS_COUNT_WR               | MBOX4C1 |      665130415 |              0 |              0 |              0 |              0 |              0 |              0 |              0 |              0 |              0 |              0 |              0 |              0 |              0 |              0 |              0 |              0 |              0 |              0 |
|               CAS_COUNT_RD               | MBOX5C0 |      928987719 |              0 |              0 |              0 |              0 |              0 |              0 |              0 |              0 |              0 |              0 |              0 |              0 |              0 |              0 |              0 |              0 |              0 |              0 |
|               CAS_COUNT_WR               | MBOX5C1 |      644830292 |              0 |              0 |              0 |              0 |              0 |              0 |              0 |              0 |              0 |              0 |              0 |              0 |              0 |              0 |              0 |              0 |              0 |              0 |
|               CAS_COUNT_RD               | MBOX6C0 |      947175858 |              0 |              0 |              0 |              0 |              0 |              0 |              0 |              0 |              0 |              0 |              0 |              0 |              0 |              0 |              0 |              0 |              0 |              0 |
|               CAS_COUNT_WR               | MBOX6C1 |      660238655 |              0 |              0 |              0 |              0 |              0 |              0 |              0 |              0 |              0 |              0 |              0 |              0 |              0 |              0 |              0 |              0 |              0 |              0 |
|               CAS_COUNT_RD               | MBOX7C0 |      927357575 |              0 |              0 |              0 |              0 |              0 |              0 |              0 |              0 |              0 |              0 |              0 |              0 |              0 |              0 |              0 |              0 |              0 |              0 |
|               CAS_COUNT_WR               | MBOX7C1 |      645662361 |              0 |              0 |              0 |              0 |              0 |              0 |              0 |              0 |              0 |              0 |              0 |              0 |              0 |              0 |              0 |              0 |              0 |              0 |
+------------------------------------------+---------+----------------+----------------+----------------+----------------+----------------+----------------+----------------+----------------+----------------+----------------+----------------+----------------+----------------+----------------+----------------+----------------+----------------+----------------+----------------+

+-----------------------------------------------+---------+-----------------+----------------+----------------+--------------+
|                     Event                     | Counter |       Sum       |       Min      |       Max      |      Avg     |
+-----------------------------------------------+---------+-----------------+----------------+----------------+--------------+
|             INSTR_RETIRED_ANY STAT            |  FIXC0  | 145176023141644 |  6969819831516 | 15116665770482 | 7.640843e+12 |
|           CPU_CLK_UNHALTED_CORE STAT          |  FIXC1  | 113997229277252 |  5997063027086 |  6006838262078 | 5.999854e+12 |
|           CPU_CLK_UNHALTED_REF STAT           |  FIXC2  | 113997196357440 |  5997060359136 |  6006838565856 | 5.999852e+12 |
|               TOPDOWN_SLOTS STAT              |  FIXC3  | 569986146386260 | 29985315135430 | 30034191310390 |      nil     |
|              PWR_PKG_ENERGY STAT              |   PWR0  |     413164.0031 |              0 |    413164.0031 |   21745.4738 |
|              PWR_DRAM_ENERGY STAT             |   PWR3  |      36020.2822 |              0 |     36020.2822 |    1895.8043 |
| FP_ARITH_INST_RETIRED_128B_PACKED_DOUBLE STAT |   PMC0  |               0 |              0 |              0 |            0 |
|    FP_ARITH_INST_RETIRED_SCALAR_DOUBLE STAT   |   PMC1  |  64784414379785 |  3390445099993 |  3411972605274 | 3.409706e+12 |
| FP_ARITH_INST_RETIRED_256B_PACKED_DOUBLE STAT |   PMC2  |               0 |              0 |              0 |            0 |
| FP_ARITH_INST_RETIRED_512B_PACKED_DOUBLE STAT |   PMC3  |   1400985680763 |    73662648750 |    74337678750 | 7.373609e+10 |
|               CAS_COUNT_RD STAT               | MBOX0C0 |    352050224961 |              0 |   352050224961 | 1.852896e+10 |
|               CAS_COUNT_WR STAT               | MBOX0C1 |    184986519496 |              0 |   184986519496 | 9.736133e+09 |
|               CAS_COUNT_RD STAT               | MBOX1C0 |    352090854523 |              0 |   352090854523 | 1.853110e+10 |
|               CAS_COUNT_WR STAT               | MBOX1C1 |    184983514719 |              0 |   184983514719 | 9.735974e+09 |
|               CAS_COUNT_RD STAT               | MBOX2C0 |    352086015724 |              0 |   352086015724 | 1.853084e+10 |
|               CAS_COUNT_WR STAT               | MBOX2C1 |    184986249709 |              0 |   184986249709 | 9.736118e+09 |
|               CAS_COUNT_RD STAT               | MBOX3C0 |    352127759246 |              0 |   352127759246 | 1.853304e+10 |
|               CAS_COUNT_WR STAT               | MBOX3C1 |    184975553586 |              0 |   184975553586 | 9.735555e+09 |
|               CAS_COUNT_RD STAT               | MBOX4C0 |       950377189 |              0 |      950377189 | 5.001985e+07 |
|               CAS_COUNT_WR STAT               | MBOX4C1 |       665130415 |              0 |      665130415 | 3.500686e+07 |
|               CAS_COUNT_RD STAT               | MBOX5C0 |       928987719 |              0 |      928987719 | 4.889409e+07 |
|               CAS_COUNT_WR STAT               | MBOX5C1 |       644830292 |              0 |      644830292 | 3.393844e+07 |
|               CAS_COUNT_RD STAT               | MBOX6C0 |       947175858 |              0 |      947175858 | 4.985136e+07 |
|               CAS_COUNT_WR STAT               | MBOX6C1 |       660238655 |              0 |      660238655 | 3.474940e+07 |
|               CAS_COUNT_RD STAT               | MBOX7C0 |       927357575 |              0 |      927357575 | 4.880829e+07 |
|               CAS_COUNT_WR STAT               | MBOX7C1 |       645662361 |              0 |      645662361 | 3.398223e+07 |
+-----------------------------------------------+---------+-----------------+----------------+----------------+--------------+

+-----------------------------------+-------------+-----------+-----------+-----------+-----------+-----------+-----------+-----------+-----------+-----------+-------------+-------------+-------------+-------------+-------------+-------------+-------------+-------------+-------------+
|               Metric              |  f0314:0:0  | f0314:1:1 | f0314:2:2 | f0314:3:3 | f0314:4:4 | f0314:5:5 | f0314:6:6 | f0314:7:7 | f0314:8:8 | f0314:9:9 | f0314:10:10 | f0314:11:11 | f0314:12:12 | f0314:13:13 | f0314:14:14 | f0314:15:15 | f0314:16:16 | f0314:17:17 | f0314:18:18 |
+-----------------------------------+-------------+-----------+-----------+-----------+-----------+-----------+-----------+-----------+-----------+-----------+-------------+-------------+-------------+-------------+-------------+-------------+-------------+-------------+-------------+
|        Runtime (RDTSC) [s]        |   2514.8300 | 2514.8220 | 2514.8470 | 2514.8740 | 2514.8290 | 2514.8230 | 2514.8070 | 2514.8690 | 2514.8050 | 2514.7990 |   2515.0950 |   2514.8190 |   2514.8500 |   2514.8850 |   2514.8520 |   2514.8310 |   2514.8440 |   2515.5990 |   2514.8590 |
|        Runtime unhalted [s]       |   2505.6075 | 2505.8812 | 2505.2989 | 2505.4485 | 2505.4520 | 2505.5612 | 2505.3364 | 2505.7287 | 2505.9697 | 2504.7023 |   2506.2839 |   2505.6241 |   2505.3588 |   2505.4994 |   2505.4446 |   2506.0605 |   2506.8352 |   2507.6921 |   2508.7766 |
|            Clock [MHz]            |   2394.3263 | 2394.3229 | 2394.3262 | 2394.3269 | 2394.3216 | 2394.3254 | 2394.3251 | 2394.3271 | 2394.3285 | 2394.3227 |   2394.0660 |   2394.3246 |   2394.3295 |   2394.2899 |   2394.2828 |   2394.3235 |   2394.3220 |   2393.5838 |   2394.3295 |
|                CPI                |      0.8601 |    0.8426 |    0.8314 |    0.8530 |    0.7192 |    0.7146 |    0.8213 |    0.8498 |    0.8558 |    0.8514 |      0.8291 |      0.8554 |      0.8280 |      0.8607 |      0.8487 |      0.8489 |      0.8593 |      0.8605 |      0.3974 |
|             Energy [J]            | 413164.0031 |         0 |         0 |         0 |         0 |         0 |         0 |         0 |         0 |         0 |           0 |           0 |           0 |           0 |           0 |           0 |           0 |           0 |           0 |
|             Power [W]             |    164.2910 |         0 |         0 |         0 |         0 |         0 |         0 |         0 |         0 |         0 |           0 |           0 |           0 |           0 |           0 |           0 |           0 |           0 |           0 |
|          Energy DRAM [J]          |  36020.2822 |         0 |         0 |         0 |         0 |         0 |         0 |         0 |         0 |         0 |           0 |           0 |           0 |           0 |           0 |           0 |           0 |           0 |           0 |
|           Power DRAM [W]          |     14.3231 |         0 |         0 |         0 |         0 |         0 |         0 |         0 |         0 |         0 |           0 |           0 |           0 |           0 |           0 |           0 |           0 |           0 |           0 |
|            DP [MFLOP/s]           |   1591.2154 | 1591.0761 | 1591.0603 | 1591.0432 | 1584.6590 | 1591.0755 | 1591.0856 | 1591.0464 | 1591.0868 | 1591.0906 |   1590.9034 |   1591.0780 |   1591.0584 |   1591.0362 |   1584.6446 |   1591.0704 |   1591.0622 |   1590.5846 |   1591.0527 |
|          AVX DP [MFLOP/s]         |    234.4745 |  234.3312 |  234.3288 |  234.3263 |  236.4779 |  234.3311 |  234.3326 |  234.3268 |  234.3328 |  234.3333 |    234.3057 |    234.3315 |    234.3286 |    234.3253 |    236.4757 |    234.3303 |    234.3291 |    234.2588 |    234.3277 |
|          Packed [MUOPS/s]         |     29.3093 |   29.2914 |   29.2911 |   29.2908 |   29.5597 |   29.2914 |   29.2916 |   29.2908 |   29.2916 |   29.2917 |     29.2882 |     29.2914 |     29.2911 |     29.2907 |     29.5595 |     29.2913 |     29.2911 |     29.2823 |     29.2910 |
|          Scalar [MUOPS/s]         |   1356.7409 | 1356.7449 | 1356.7314 | 1356.7169 | 1348.1812 | 1356.7444 | 1356.7530 | 1356.7196 | 1356.7541 | 1356.7573 |   1356.5977 |   1356.7465 |   1356.7298 |   1356.7109 |   1348.1688 |   1356.7401 |   1356.7330 |   1356.3259 |   1356.7250 |
|  Memory read bandwidth [MBytes/s] |  35936.8069 |         0 |         0 |         0 |         0 |         0 |         0 |         0 |         0 |         0 |           0 |           0 |           0 |           0 |           0 |           0 |           0 |           0 |           0 |
|  Memory read data volume [GBytes] |  90374.9602 |         0 |         0 |         0 |         0 |         0 |         0 |         0 |         0 |         0 |           0 |           0 |           0 |           0 |           0 |           0 |           0 |           0 |           0 |
| Memory write bandwidth [MBytes/s] |  18897.1234 |         0 |         0 |         0 |         0 |         0 |         0 |         0 |         0 |         0 |           0 |           0 |           0 |           0 |           0 |           0 |           0 |           0 |           0 |
| Memory write data volume [GBytes] |  47523.0528 |         0 |         0 |         0 |         0 |         0 |         0 |         0 |         0 |         0 |           0 |           0 |           0 |           0 |           0 |           0 |           0 |           0 |           0 |
|    Memory bandwidth [MBytes/s]    |  54833.9303 |         0 |         0 |         0 |         0 |         0 |         0 |         0 |         0 |         0 |           0 |           0 |           0 |           0 |           0 |           0 |           0 |           0 |           0 |
|    Memory data volume [GBytes]    | 137898.0129 |         0 |         0 |         0 |         0 |         0 |         0 |         0 |         0 |         0 |           0 |           0 |           0 |           0 |           0 |           0 |           0 |           0 |           0 |
|       Operational intensity       |      0.0290 |         0 |         0 |         0 |         0 |         0 |         0 |         0 |         0 |         0 |           0 |           0 |           0 |           0 |           0 |           0 |           0 |           0 |           0 |
+-----------------------------------+-------------+-----------+-----------+-----------+-----------+-----------+-----------+-----------+-----------+-----------+-------------+-------------+-------------+-------------+-------------+-------------+-------------+-------------+-------------+

+----------------------------------------+-------------+-----------+-------------+------------+-----------+-----------+-----------+
|                 Metric                 |     Sum     |    Min    |     Max     |     Avg    |  %ile 25  |  %ile 50  |  %ile 75  |
+----------------------------------------+-------------+-----------+-------------+------------+-----------+-----------+-----------+
|        Runtime (RDTSC) [s] STAT        |  47782.9390 | 2514.7990 |   2515.5990 |  2514.8915 | 2514.8220 | 2514.8440 | 2514.8590 |
|        Runtime unhalted [s] STAT       |  47612.5616 | 2504.7023 |   2508.7766 |  2505.9243 | 2505.4446 | 2505.6075 | 2505.9697 |
|            Clock [MHz] STAT            |  45491.1043 | 2393.5838 |   2394.3295 |  2394.2686 | 2394.3216 | 2394.3246 | 2394.3263 |
|                CPI STAT                |     15.3872 |    0.3974 |      0.8607 |     0.8099 |    0.8280 |    0.8489 |    0.8554 |
|             Energy [J] STAT            | 413164.0031 |         0 | 413164.0031 | 21745.4738 |         0 |         0 |         0 |
|             Power [W] STAT             |    164.2910 |         0 |    164.2910 |     8.6469 |         0 |         0 |         0 |
|          Energy DRAM [J] STAT          |  36020.2822 |         0 |  36020.2822 |  1895.8043 |         0 |         0 |         0 |
|           Power DRAM [W] STAT          |     14.3231 |         0 |     14.3231 |     0.7538 |         0 |         0 |         0 |
|            DP [MFLOP/s] STAT           |  30216.9294 | 1584.6446 |   1591.2154 |  1590.3647 | 1591.0362 | 1591.0603 | 1591.0761 |
|          AVX DP [MFLOP/s] STAT         |   4456.6080 |  234.2588 |    236.4779 |   234.5583 |  234.3268 |  234.3303 |  234.3326 |
|          Packed [MUOPS/s] STAT         |    557.0760 |   29.2823 |     29.5597 |    29.3198 |   29.2908 |   29.2913 |   29.2916 |
|          Scalar [MUOPS/s] STAT         |  25760.3214 | 1348.1688 |   1356.7573 |  1355.8064 | 1356.7109 | 1356.7314 | 1356.7444 |
|  Memory read bandwidth [MBytes/s] STAT |  35936.8069 |         0 |  35936.8069 |  1891.4109 |         0 |         0 |         0 |
|  Memory read data volume [GBytes] STAT |  90374.9602 |         0 |  90374.9602 |  4756.5769 |         0 |         0 |         0 |
| Memory write bandwidth [MBytes/s] STAT |  18897.1234 |         0 |  18897.1234 |   994.5854 |         0 |         0 |         0 |
| Memory write data volume [GBytes] STAT |  47523.0528 |         0 |  47523.0528 |  2501.2133 |         0 |         0 |         0 |
|    Memory bandwidth [MBytes/s] STAT    |  54833.9303 |         0 |  54833.9303 |  2885.9963 |         0 |         0 |         0 |
|    Memory data volume [GBytes] STAT    | 137898.0129 |         0 | 137898.0129 |  7257.7902 |         0 |         0 |         0 |
|       Operational intensity STAT       |      0.0290 |         0 |      0.0290 |     0.0015 |         0 |         0 |         0 |
+----------------------------------------+-------------+-----------+-------------+------------+-----------+-----------+-----------+

