WARN: Cannot extract OpenMP vendor from executable or commandline, assuming no OpenMP
 nx_glob, nz_glob:                  3000                  1250
 dx,dz:    8.00000000000000        8.00000000000000     
 dt:   2.666666666666666E-002
Group: 1
+------------------------------------------+---------+----------------+----------------+----------------+----------------+----------------+----------------+----------------+----------------+----------------+----------------+----------------+----------------+----------------+----------------+----------------+----------------+----------------+----------------+----------------+----------------+----------------+----------------+----------------+----------------+----------------+----------------+----------------+----------------+----------------+----------------+----------------+----------------+----------------+----------------+----------------+----------------+----------------+----------------+
|                   Event                  | Counter |    f0314:0:0   |    f0314:1:1   |    f0314:2:2   |    f0314:3:3   |    f0314:4:4   |    f0314:5:5   |    f0314:6:6   |    f0314:7:7   |    f0314:8:8   |    f0314:9:9   |   f0314:10:10  |   f0314:11:11  |   f0314:12:12  |   f0314:13:13  |   f0314:14:14  |   f0314:15:15  |   f0314:16:16  |   f0314:17:17  |   f0314:18:18  |   f0314:19:19  |   f0314:20:20  |   f0314:21:21  |   f0314:22:22  |   f0314:23:23  |   f0314:24:24  |   f0314:25:25  |   f0314:26:26  |   f0314:27:27  |   f0314:28:28  |   f0314:29:29  |   f0314:30:30  |   f0314:31:31  |   f0314:32:32  |   f0314:33:33  |   f0314:34:34  |   f0314:35:35  |   f0314:36:36  |   f0314:37:37  |
+------------------------------------------+---------+----------------+----------------+----------------+----------------+----------------+----------------+----------------+----------------+----------------+----------------+----------------+----------------+----------------+----------------+----------------+----------------+----------------+----------------+----------------+----------------+----------------+----------------+----------------+----------------+----------------+----------------+----------------+----------------+----------------+----------------+----------------+----------------+----------------+----------------+----------------+----------------+----------------+----------------+
|             INSTR_RETIRED_ANY            |  FIXC0  |  3702446557282 |  3687062201685 |  3636789368870 |  3614424001713 |  3647083825358 |  3768511914231 |  4296427999827 |  4133585203903 |  4304868708075 |  4739215991945 |  3678099246739 |  3626925527312 |  3684156380273 |  3848862988812 |  3745034631167 |  3679203657548 |  3620738631832 |  3615963505403 |  6214726596323 |  6172026308492 |  6092972443430 |  6021547139963 |  6022189452178 |  5992798363475 |  6229042818435 |  6235558089318 |  6089499915120 |  5966240791624 |  6216440828144 |  5922851939421 |  6043435153217 |  5886579603999 |  5932233270342 |  5946672656592 |  5792680535029 |  6011663635713 |  7862315537936 |  7940291557559 |
|           CPU_CLK_UNHALTED_CORE          |  FIXC1  |  3087135673151 |  3088529740533 |  3088234806864 |  3088706043823 |  3088654932797 |  3088322914494 |  3088320169024 |  3088404474906 |  3088593448233 |  3088568198086 |  3088409740121 |  3088540105550 |  3088709534828 |  3088855973709 |  3088750788544 |  3089395930650 |  3089479607559 |  3089155238424 |  3089167750851 |  3089317371703 |  3089348875858 |  3089431367597 |  3089404178471 |  3089637292643 |  3089330010022 |  3089186792716 |  3089264713584 |  3088256167907 |  3089218972053 |  3089039940152 |  3089092270166 |  3089752331420 |  3088740318938 |  3089108011727 |  3089778859891 |  3086759207162 |  3091202646836 |  3091534235605 |
|           CPU_CLK_UNHALTED_REF           |  FIXC2  |  3087137036160 |  3088530427104 |  3088235487072 |  3088706684640 |  3088655854272 |  3088323549696 |  3088320523584 |  3088404249216 |  3088592380800 |  3088567303584 |  3088409982048 |  3088542198816 |  3088710751392 |  3088856772768 |  3088751030496 |  3089397847872 |  3089480846496 |  3089157735168 |  3089168813568 |  3089318003520 |  3089348251776 |  3089431032864 |  3089404910496 |  3089637159840 |  3089329703616 |  3089187500544 |  3089264949408 |  3088254930048 |  3089218759872 |  3089037615168 |  3089089911648 |  3089751607776 |  3088740683904 |  3089109049440 |  3089780204064 |  3086756616192 |  3091199546208 |  3091536647808 |
|               TOPDOWN_SLOTS              |  FIXC3  | 15435678365755 | 15442648702665 | 15441174034320 | 15443530219115 | 15443274663985 | 15441614572470 | 15441600845120 | 15442022374530 | 15442967241165 | 15442840990430 | 15442048700605 | 15442700527750 | 15443547674140 | 15444279868545 | 15443753942720 | 15446979653250 | 15447398037795 | 15445776192120 | 15445838754255 | 15446586858515 | 15446744379290 | 15447156837985 | 15447020892355 | 15448186463215 | 15446650050110 | 15445933963580 | 15446323567920 | 15441280839535 | 15446094860265 | 15445199700760 | 15445461350830 | 15448761657100 | 15443701594690 | 15445540058635 | 15448894299455 | 15433796035810 | 15456013234180 | 15457671178025 |
|              PWR_PKG_ENERGY              |   PWR0  |    300190.3708 |              0 |              0 |              0 |              0 |              0 |              0 |              0 |              0 |              0 |              0 |              0 |              0 |              0 |              0 |              0 |              0 |              0 |              0 |              0 |              0 |              0 |              0 |              0 |              0 |              0 |              0 |              0 |              0 |              0 |              0 |              0 |              0 |              0 |              0 |              0 |    131235.4454 |              0 |
|              PWR_DRAM_ENERGY             |   PWR3  |     27731.4603 |              0 |              0 |              0 |              0 |              0 |              0 |              0 |              0 |              0 |              0 |              0 |              0 |              0 |              0 |              0 |              0 |              0 |              0 |              0 |              0 |              0 |              0 |              0 |              0 |              0 |              0 |              0 |              0 |              0 |              0 |              0 |              0 |              0 |              0 |              0 |     10003.7428 |              0 |
| FP_ARITH_INST_RETIRED_128B_PACKED_DOUBLE |   PMC0  |              0 |              0 |              0 |              0 |              0 |              0 |              0 |              0 |              0 |              0 |              0 |              0 |              0 |              0 |              0 |              0 |              0 |              0 |              0 |              0 |              0 |              0 |              0 |              0 |              0 |              0 |              0 |              0 |              0 |              0 |              0 |              0 |              0 |              0 |              0 |              0 |              0 |              0 |
|    FP_ARITH_INST_RETIRED_SCALAR_DOUBLE   |   PMC1  |  1711348858989 |  1711348273706 |  1711348277888 |  1711348245963 |  1711348248295 |  1711348241074 |  1711348247038 |  1711348264340 |  1711348253660 |  1689821354747 |  1711348242377 |  1711348253170 |  1711348221330 |  1711348225894 |  1711348246809 |  1711348200067 |  1711348237569 |  1711348212265 |  1711348267239 |  1711348188077 |  1711348229318 |  1711348235034 |  1711348238115 |  1711348220610 |  1711348223826 |  1711348214770 |  1711348221235 |  1711348180609 |  1689821268959 |  1711348137715 |  1711348131088 |  1711348141027 |  1711348178207 |  1711348168236 |  1711348111294 |  1711348177806 |  1711348109931 |  1711348095465 |
| FP_ARITH_INST_RETIRED_256B_PACKED_DOUBLE |   PMC2  |              0 |              0 |              0 |              0 |              0 |              0 |              0 |              0 |              0 |              0 |              0 |              0 |              0 |              0 |              0 |              0 |              0 |              0 |              0 |              0 |              0 |              0 |              0 |              0 |              0 |              0 |              0 |              0 |              0 |              0 |              0 |              0 |              0 |              0 |              0 |              0 |              0 |              0 |
| FP_ARITH_INST_RETIRED_512B_PACKED_DOUBLE |   PMC3  |    46411350135 |    46366055622 |    46366055622 |    46366055622 |    46366055622 |    46366055622 |    46366055622 |    46366055622 |    46366055622 |    44973873750 |    46366055622 |    46366055622 |    46366055622 |    46366055622 |    46366055622 |    46366055622 |    46366055622 |    46366055622 |    46366055622 |    46366055622 |    46366055622 |    46366055622 |    46366055622 |    46366055622 |    46366055622 |    46366055622 |    46366055622 |    46366055622 |    44973873750 |    46366055622 |    46366055622 |    46366055622 |    46366055622 |    46366055622 |    46366055622 |    46366055622 |    46366055622 |    46366055622 |
|               CAS_COUNT_RD               | MBOX0C0 |   185669829399 |              0 |              0 |              0 |              0 |              0 |              0 |              0 |              0 |              0 |              0 |              0 |              0 |              0 |              0 |              0 |              0 |              0 |              0 |              0 |              0 |              0 |              0 |              0 |              0 |              0 |              0 |              0 |              0 |              0 |              0 |              0 |              0 |              0 |              0 |              0 |     2294765720 |              0 |
|               CAS_COUNT_WR               | MBOX0C1 |    94381259132 |              0 |              0 |              0 |              0 |              0 |              0 |              0 |              0 |              0 |              0 |              0 |              0 |              0 |              0 |              0 |              0 |              0 |              0 |              0 |              0 |              0 |              0 |              0 |              0 |              0 |              0 |              0 |              0 |              0 |              0 |              0 |              0 |              0 |              0 |              0 |     1470776139 |              0 |
|               CAS_COUNT_RD               | MBOX1C0 |   185692757312 |              0 |              0 |              0 |              0 |              0 |              0 |              0 |              0 |              0 |              0 |              0 |              0 |              0 |              0 |              0 |              0 |              0 |              0 |              0 |              0 |              0 |              0 |              0 |              0 |              0 |              0 |              0 |              0 |              0 |              0 |              0 |              0 |              0 |              0 |              0 |     2293533090 |              0 |
|               CAS_COUNT_WR               | MBOX1C1 |    94376628135 |              0 |              0 |              0 |              0 |              0 |              0 |              0 |              0 |              0 |              0 |              0 |              0 |              0 |              0 |              0 |              0 |              0 |              0 |              0 |              0 |              0 |              0 |              0 |              0 |              0 |              0 |              0 |              0 |              0 |              0 |              0 |              0 |              0 |              0 |              0 |     1461086112 |              0 |
|               CAS_COUNT_RD               | MBOX2C0 |   185676870864 |              0 |              0 |              0 |              0 |              0 |              0 |              0 |              0 |              0 |              0 |              0 |              0 |              0 |              0 |              0 |              0 |              0 |              0 |              0 |              0 |              0 |              0 |              0 |              0 |              0 |              0 |              0 |              0 |              0 |              0 |              0 |              0 |              0 |              0 |              0 |     2291808598 |              0 |
|               CAS_COUNT_WR               | MBOX2C1 |    94370207515 |              0 |              0 |              0 |              0 |              0 |              0 |              0 |              0 |              0 |              0 |              0 |              0 |              0 |              0 |              0 |              0 |              0 |              0 |              0 |              0 |              0 |              0 |              0 |              0 |              0 |              0 |              0 |              0 |              0 |              0 |              0 |              0 |              0 |              0 |              0 |     1467196692 |              0 |
|               CAS_COUNT_RD               | MBOX3C0 |   185699609554 |              0 |              0 |              0 |              0 |              0 |              0 |              0 |              0 |              0 |              0 |              0 |              0 |              0 |              0 |              0 |              0 |              0 |              0 |              0 |              0 |              0 |              0 |              0 |              0 |              0 |              0 |              0 |              0 |              0 |              0 |              0 |              0 |              0 |              0 |              0 |     2293952375 |              0 |
|               CAS_COUNT_WR               | MBOX3C1 |    94376556444 |              0 |              0 |              0 |              0 |              0 |              0 |              0 |              0 |              0 |              0 |              0 |              0 |              0 |              0 |              0 |              0 |              0 |              0 |              0 |              0 |              0 |              0 |              0 |              0 |              0 |              0 |              0 |              0 |              0 |              0 |              0 |              0 |              0 |              0 |              0 |     1462707868 |              0 |
|               CAS_COUNT_RD               | MBOX4C0 |   188113823830 |              0 |              0 |              0 |              0 |              0 |              0 |              0 |              0 |              0 |              0 |              0 |              0 |              0 |              0 |              0 |              0 |              0 |              0 |              0 |              0 |              0 |              0 |              0 |              0 |              0 |              0 |              0 |              0 |              0 |              0 |              0 |              0 |              0 |              0 |              0 |       18478001 |              0 |
|               CAS_COUNT_WR               | MBOX4C1 |    94472106223 |              0 |              0 |              0 |              0 |              0 |              0 |              0 |              0 |              0 |              0 |              0 |              0 |              0 |              0 |              0 |              0 |              0 |              0 |              0 |              0 |              0 |              0 |              0 |              0 |              0 |              0 |              0 |              0 |              0 |              0 |              0 |              0 |              0 |              0 |              0 |        8825342 |              0 |
|               CAS_COUNT_RD               | MBOX5C0 |   188118417561 |              0 |              0 |              0 |              0 |              0 |              0 |              0 |              0 |              0 |              0 |              0 |              0 |              0 |              0 |              0 |              0 |              0 |              0 |              0 |              0 |              0 |              0 |              0 |              0 |              0 |              0 |              0 |              0 |              0 |              0 |              0 |              0 |              0 |              0 |              0 |       20054851 |              0 |
|               CAS_COUNT_WR               | MBOX5C1 |    94469416029 |              0 |              0 |              0 |              0 |              0 |              0 |              0 |              0 |              0 |              0 |              0 |              0 |              0 |              0 |              0 |              0 |              0 |              0 |              0 |              0 |              0 |              0 |              0 |              0 |              0 |              0 |              0 |              0 |              0 |              0 |              0 |              0 |              0 |              0 |              0 |       11485683 |              0 |
|               CAS_COUNT_RD               | MBOX6C0 |   188050859910 |              0 |              0 |              0 |              0 |              0 |              0 |              0 |              0 |              0 |              0 |              0 |              0 |              0 |              0 |              0 |              0 |              0 |              0 |              0 |              0 |              0 |              0 |              0 |              0 |              0 |              0 |              0 |              0 |              0 |              0 |              0 |              0 |              0 |              0 |              0 |       20247740 |              0 |
|               CAS_COUNT_WR               | MBOX6C1 |    94465864898 |              0 |              0 |              0 |              0 |              0 |              0 |              0 |              0 |              0 |              0 |              0 |              0 |              0 |              0 |              0 |              0 |              0 |              0 |              0 |              0 |              0 |              0 |              0 |              0 |              0 |              0 |              0 |              0 |              0 |              0 |              0 |              0 |              0 |              0 |              0 |       12023102 |              0 |
|               CAS_COUNT_RD               | MBOX7C0 |   188109258601 |              0 |              0 |              0 |              0 |              0 |              0 |              0 |              0 |              0 |              0 |              0 |              0 |              0 |              0 |              0 |              0 |              0 |              0 |              0 |              0 |              0 |              0 |              0 |              0 |              0 |              0 |              0 |              0 |              0 |              0 |              0 |              0 |              0 |              0 |              0 |       20135723 |              0 |
|               CAS_COUNT_WR               | MBOX7C1 |    94459209456 |              0 |              0 |              0 |              0 |              0 |              0 |              0 |              0 |              0 |              0 |              0 |              0 |              0 |              0 |              0 |              0 |              0 |              0 |              0 |              0 |              0 |              0 |              0 |              0 |              0 |              0 |              0 |              0 |              0 |              0 |              0 |              0 |              0 |              0 |              0 |       11812805 |              0 |
+------------------------------------------+---------+----------------+----------------+----------------+----------------+----------------+----------------+----------------+----------------+----------------+----------------+----------------+----------------+----------------+----------------+----------------+----------------+----------------+----------------+----------------+----------------+----------------+----------------+----------------+----------------+----------------+----------------+----------------+----------------+----------------+----------------+----------------+----------------+----------------+----------------+----------------+----------------+----------------+----------------+

+-----------------------------------------------+---------+-----------------+----------------+----------------+--------------+
|                     Event                     | Counter |       Sum       |       Min      |       Max      |      Avg     |
+-----------------------------------------------+---------+-----------------+----------------+----------------+--------------+
|             INSTR_RETIRED_ANY STAT            |  FIXC0  | 193621166978285 |  3614424001713 |  7940291557559 | 5.095294e+12 |
|           CPU_CLK_UNHALTED_CORE STAT          |  FIXC1  | 117381338636598 |  3086759207162 |  3091534235605 | 3.088983e+12 |
|           CPU_CLK_UNHALTED_REF STAT           |  FIXC2  | 117381346558944 |  3086756616192 |  3091536647808 | 3.088983e+12 |
|               TOPDOWN_SLOTS STAT              |  FIXC3  | 586906693182990 | 15433796035810 | 15457671178025 |      nil     |
|              PWR_PKG_ENERGY STAT              |   PWR0  |     431425.8162 |              0 |    300190.3708 |   11353.3110 |
|              PWR_DRAM_ENERGY STAT             |   PWR3  |      37735.2031 |              0 |     27731.4603 |     993.0317 |
| FP_ARITH_INST_RETIRED_128B_PACKED_DOUBLE STAT |   PMC0  |               0 |              0 |              0 |            0 |
|    FP_ARITH_INST_RETIRED_SCALAR_DOUBLE STAT   |   PMC1  |  64988178843742 |  1689821268959 |  1711348858989 | 1.710215e+12 |
| FP_ARITH_INST_RETIRED_256B_PACKED_DOUBLE STAT |   PMC2  |               0 |              0 |              0 |            0 |
| FP_ARITH_INST_RETIRED_512B_PACKED_DOUBLE STAT |   PMC3  |   1759171044405 |    44973873750 |    46411350135 | 4.629397e+10 |
|               CAS_COUNT_RD STAT               | MBOX0C0 |    187964595119 |              0 |   185669829399 | 4.946437e+09 |
|               CAS_COUNT_WR STAT               | MBOX0C1 |     95852035271 |              0 |    94381259132 | 2.522422e+09 |
|               CAS_COUNT_RD STAT               | MBOX1C0 |    187986290402 |              0 |   185692757312 | 4.947008e+09 |
|               CAS_COUNT_WR STAT               | MBOX1C1 |     95837714247 |              0 |    94376628135 | 2.522045e+09 |
|               CAS_COUNT_RD STAT               | MBOX2C0 |    187968679462 |              0 |   185676870864 | 4.946544e+09 |
|               CAS_COUNT_WR STAT               | MBOX2C1 |     95837404207 |              0 |    94370207515 | 2.522037e+09 |
|               CAS_COUNT_RD STAT               | MBOX3C0 |    187993561929 |              0 |   185699609554 | 4.947199e+09 |
|               CAS_COUNT_WR STAT               | MBOX3C1 |     95839264312 |              0 |    94376556444 | 2.522086e+09 |
|               CAS_COUNT_RD STAT               | MBOX4C0 |    188132301831 |              0 |   188113823830 | 4.950850e+09 |
|               CAS_COUNT_WR STAT               | MBOX4C1 |     94480931565 |              0 |    94472106223 | 2.486340e+09 |
|               CAS_COUNT_RD STAT               | MBOX5C0 |    188138472412 |              0 |   188118417561 | 4.951012e+09 |
|               CAS_COUNT_WR STAT               | MBOX5C1 |     94480901712 |              0 |    94469416029 | 2.486340e+09 |
|               CAS_COUNT_RD STAT               | MBOX6C0 |    188071107650 |              0 |   188050859910 |   4949239675 |
|               CAS_COUNT_WR STAT               | MBOX6C1 |     94477888000 |              0 |    94465864898 | 2.486260e+09 |
|               CAS_COUNT_RD STAT               | MBOX7C0 |    188129394324 |              0 |   188109258601 | 4.950774e+09 |
|               CAS_COUNT_WR STAT               | MBOX7C1 |     94471022261 |              0 |    94459209456 | 2.486080e+09 |
+-----------------------------------------------+---------+-----------------+----------------+----------------+--------------+

+-----------------------------------+-------------+-----------+-----------+-----------+-----------+-----------+-----------+-----------+-----------+-----------+-------------+-------------+-------------+-------------+-------------+-------------+-------------+-------------+-------------+-------------+-------------+-------------+-------------+-------------+-------------+-------------+-------------+-------------+-------------+-------------+-------------+-------------+-------------+-------------+-------------+-------------+-------------+-------------+
|               Metric              |  f0314:0:0  | f0314:1:1 | f0314:2:2 | f0314:3:3 | f0314:4:4 | f0314:5:5 | f0314:6:6 | f0314:7:7 | f0314:8:8 | f0314:9:9 | f0314:10:10 | f0314:11:11 | f0314:12:12 | f0314:13:13 | f0314:14:14 | f0314:15:15 | f0314:16:16 | f0314:17:17 | f0314:18:18 | f0314:19:19 | f0314:20:20 | f0314:21:21 | f0314:22:22 | f0314:23:23 | f0314:24:24 | f0314:25:25 | f0314:26:26 | f0314:27:27 | f0314:28:28 | f0314:29:29 | f0314:30:30 | f0314:31:31 | f0314:32:32 | f0314:33:33 | f0314:34:34 | f0314:35:35 | f0314:36:36 | f0314:37:37 |
+-----------------------------------+-------------+-----------+-----------+-----------+-----------+-----------+-----------+-----------+-----------+-----------+-------------+-------------+-------------+-------------+-------------+-------------+-------------+-------------+-------------+-------------+-------------+-------------+-------------+-------------+-------------+-------------+-------------+-------------+-------------+-------------+-------------+-------------+-------------+-------------+-------------+-------------+-------------+-------------+
|        Runtime (RDTSC) [s]        |   1295.4650 | 1295.5920 | 1295.4480 | 1295.6380 | 1295.5270 | 1295.4470 | 1295.5840 | 1295.4390 | 1295.4550 | 1295.4620 |   1295.4360 |   1295.6420 |   1295.4360 |   1295.4980 |   1295.5280 |   1295.7300 |   1295.5330 |   1295.9260 |   1295.5040 |   1295.5520 |   1295.4720 |   1295.5160 |   1295.4380 |   1295.6490 |   1295.4940 |   1295.4680 |   1295.4240 |   1295.5720 |   1295.4390 |   1295.4320 |   1295.5150 |   1295.8280 |   1295.4540 |   1295.4260 |   1295.5200 |   1295.4320 |   1295.4200 |   1295.4340 |
|        Runtime unhalted [s]       |   1289.3580 | 1289.9386 | 1289.8147 | 1290.0125 | 1289.9915 | 1289.8652 | 1289.8497 | 1289.8851 | 1289.9639 | 1289.9768 |   1289.8872 |   1290.1348 |   1290.0139 |   1290.0792 |   1290.1118 |   1290.2994 |   1290.3350 |   1290.6887 |   1290.2048 |   1290.2723 |   1290.2812 |   1290.3119 |   1290.3144 |   1290.4012 |   1290.2744 |   1290.2122 |   1290.2446 |   1289.8402 |   1290.2267 |   1290.1525 |   1290.2565 |   1290.4609 |   1290.0265 |   1290.1823 |   1290.4635 |   1289.1972 |   1291.0522 |   1291.1936 |
|            Clock [MHz]            |   2394.3190 | 2394.3226 | 2394.3238 | 2394.3220 | 2394.3212 | 2394.2985 | 2394.3253 | 2394.3255 | 2394.3263 | 2394.2826 |   2394.3253 |   2393.9653 |   2394.3217 |   2394.3145 |   2394.1728 |   2394.3233 |   2394.3226 |   2393.4144 |   2394.3227 |   2394.3138 |   2394.3226 |   2394.3294 |   2394.3029 |   2394.3230 |   2394.3203 |   2394.3241 |   2394.3247 |   2394.2946 |   2394.3228 |   2394.3234 |   2394.1710 |   2394.3020 |   2394.3229 |   2394.3182 |   2394.3161 |   2394.3286 |   2394.3305 |   2394.3209 |
|                CPI                |      0.8338 |    0.8377 |    0.8492 |    0.8546 |    0.8469 |    0.8195 |    0.7188 |    0.7471 |    0.7175 |    0.6517 |      0.8397 |      0.8516 |      0.8384 |      0.8025 |      0.8248 |      0.8397 |      0.8533 |      0.8543 |      0.4971 |      0.5005 |      0.5070 |      0.5131 |      0.5130 |      0.5156 |      0.4960 |      0.4954 |      0.5073 |      0.5176 |      0.4969 |      0.5215 |      0.5111 |      0.5249 |      0.5207 |      0.5195 |      0.5334 |      0.5135 |      0.3932 |      0.3893 |
|             Energy [J]            | 300190.3708 |         0 |         0 |         0 |         0 |         0 |         0 |         0 |         0 |         0 |           0 |           0 |           0 |           0 |           0 |           0 |           0 |           0 |           0 |           0 |           0 |           0 |           0 |           0 |           0 |           0 |           0 |           0 |           0 |           0 |           0 |           0 |           0 |           0 |           0 |           0 | 131235.4454 |           0 |
|             Power [W]             |    231.7240 |         0 |         0 |         0 |         0 |         0 |         0 |         0 |         0 |         0 |           0 |           0 |           0 |           0 |           0 |           0 |           0 |           0 |           0 |           0 |           0 |           0 |           0 |           0 |           0 |           0 |           0 |           0 |           0 |           0 |           0 |           0 |           0 |           0 |           0 |           0 |    101.3073 |           0 |
|          Energy DRAM [J]          |  27731.4603 |         0 |         0 |         0 |         0 |         0 |         0 |         0 |         0 |         0 |           0 |           0 |           0 |           0 |           0 |           0 |           0 |           0 |           0 |           0 |           0 |           0 |           0 |           0 |           0 |           0 |           0 |           0 |           0 |           0 |           0 |           0 |           0 |           0 |           0 |           0 |  10003.7428 |           0 |
|           Power DRAM [W]          |     21.4066 |         0 |         0 |         0 |         0 |         0 |         0 |         0 |         0 |         0 |           0 |           0 |           0 |           0 |           0 |           0 |           0 |           0 |           0 |           0 |           0 |           0 |           0 |           0 |           0 |           0 |           0 |           0 |           0 |           0 |           0 |           0 |           0 |           0 |           0 |           0 |      7.7224 |           0 |
|            DP [MFLOP/s]           |   1607.6387 | 1607.2010 | 1607.3796 | 1607.1439 | 1607.2816 | 1607.3808 | 1607.2109 | 1607.3908 | 1607.3709 | 1582.1478 |   1607.3945 |   1607.1389 |   1607.3945 |   1607.3175 |   1607.2803 |   1607.0297 |   1607.2741 |   1606.7867 |   1607.3101 |   1607.2505 |   1607.3498 |   1607.2952 |   1607.3920 |   1607.1302 |   1607.3225 |   1607.3548 |   1607.4094 |   1607.2257 |   1582.1758 |   1607.3994 |   1607.2964 |   1606.9082 |   1607.3721 |   1607.4068 |   1607.2902 |   1607.3994 |   1607.4142 |   1607.3969 |
|          AVX DP [MFLOP/s]         |    286.6081 |  286.3004 |  286.3322 |  286.2902 |  286.3147 |  286.3324 |  286.3021 |  286.3342 |  286.3306 |  277.7318 |    286.3348 |    286.2893 |    286.3348 |    286.3211 |    286.3145 |    286.2699 |    286.3134 |    286.2266 |    286.3198 |    286.3092 |    286.3269 |    286.3171 |    286.3344 |    286.2878 |    286.3220 |    286.3278 |    286.3375 |    286.3048 |    277.7367 |    286.3357 |    286.3174 |    286.2482 |    286.3309 |    286.3370 |    286.3163 |    286.3357 |    286.3384 |    286.3353 |
|          Packed [MUOPS/s]         |     35.8260 |   35.7875 |   35.7915 |   35.7863 |   35.7893 |   35.7915 |   35.7878 |   35.7918 |   35.7913 |   34.7165 |     35.7919 |     35.7862 |     35.7919 |     35.7901 |     35.7893 |     35.7837 |     35.7892 |     35.7783 |     35.7900 |     35.7886 |     35.7909 |     35.7896 |     35.7918 |     35.7860 |     35.7903 |     35.7910 |     35.7922 |     35.7881 |     34.7171 |     35.7920 |     35.7897 |     35.7810 |     35.7914 |     35.7921 |     35.7895 |     35.7920 |     35.7923 |     35.7919 |
|          Scalar [MUOPS/s]         |   1321.0306 | 1320.9006 | 1321.0475 | 1320.8537 | 1320.9669 | 1321.0484 | 1320.9088 | 1321.0566 | 1321.0403 | 1304.4160 |   1321.0597 |   1320.8496 |   1321.0596 |   1320.9964 |   1320.9659 |   1320.7599 |   1320.9607 |   1320.5601 |   1320.9903 |   1320.9413 |   1321.0229 |   1320.9781 |   1321.0576 |   1320.8425 |   1321.0005 |   1321.0270 |   1321.0719 |   1320.9209 |   1304.4391 |   1321.0637 |   1320.9790 |   1320.6599 |   1321.0413 |   1321.0698 |   1320.9739 |   1321.0637 |   1321.0759 |   1321.0616 |
|  Memory read bandwidth [MBytes/s] |  73864.1425 |         0 |         0 |         0 |         0 |         0 |         0 |         0 |         0 |         0 |           0 |           0 |           0 |           0 |           0 |           0 |           0 |           0 |           0 |           0 |           0 |           0 |           0 |           0 |           0 |           0 |           0 |           0 |           0 |           0 |           0 |           0 |           0 |           0 |           0 |           0 |    457.1417 |           0 |
|  Memory read data volume [GBytes] |  95688.4113 |         0 |         0 |         0 |         0 |         0 |         0 |         0 |         0 |         0 |           0 |           0 |           0 |           0 |           0 |           0 |           0 |           0 |           0 |           0 |           0 |           0 |           0 |           0 |           0 |           0 |           0 |           0 |           0 |           0 |           0 |           0 |           0 |           0 |           0 |           0 |    592.1905 |           0 |
| Memory write bandwidth [MBytes/s] |  37317.6889 |         0 |         0 |         0 |         0 |         0 |         0 |         0 |         0 |         0 |           0 |           0 |           0 |           0 |           0 |           0 |           0 |           0 |           0 |           0 |           0 |           0 |           0 |           0 |           0 |           0 |           0 |           0 |           0 |           0 |           0 |           0 |           0 |           0 |           0 |           0 |    291.7806 |           0 |
| Memory write data volume [GBytes] |  48343.7599 |         0 |         0 |         0 |         0 |         0 |         0 |         0 |         0 |         0 |           0 |           0 |           0 |           0 |           0 |           0 |           0 |           0 |           0 |           0 |           0 |           0 |           0 |           0 |           0 |           0 |           0 |           0 |           0 |           0 |           0 |           0 |           0 |           0 |           0 |           0 |    377.9785 |           0 |
|    Memory bandwidth [MBytes/s]    | 111181.8314 |         0 |         0 |         0 |         0 |         0 |         0 |         0 |         0 |         0 |           0 |           0 |           0 |           0 |           0 |           0 |           0 |           0 |           0 |           0 |           0 |           0 |           0 |           0 |           0 |           0 |           0 |           0 |           0 |           0 |           0 |           0 |           0 |           0 |           0 |           0 |    748.9223 |           0 |
|    Memory data volume [GBytes]    | 144032.1712 |         0 |         0 |         0 |         0 |         0 |         0 |         0 |         0 |         0 |           0 |           0 |           0 |           0 |           0 |           0 |           0 |           0 |           0 |           0 |           0 |           0 |           0 |           0 |           0 |           0 |           0 |           0 |           0 |           0 |           0 |           0 |           0 |           0 |           0 |           0 |    970.1689 |           0 |
|       Operational intensity       |      0.0145 |         0 |         0 |         0 |         0 |         0 |         0 |         0 |         0 |         0 |           0 |           0 |           0 |           0 |           0 |           0 |           0 |           0 |           0 |           0 |           0 |           0 |           0 |           0 |           0 |           0 |           0 |           0 |           0 |           0 |           0 |           0 |           0 |           0 |           0 |           0 |      2.1463 |           0 |
+-----------------------------------+-------------+-----------+-----------+-----------+-----------+-----------+-----------+-----------+-----------+-----------+-------------+-------------+-------------+-------------+-------------+-------------+-------------+-------------+-------------+-------------+-------------+-------------+-------------+-------------+-------------+-------------+-------------+-------------+-------------+-------------+-------------+-------------+-------------+-------------+-------------+-------------+-------------+-------------+

+----------------------------------------+-------------+-----------+-------------+------------+-----------+-----------+-----------+
|                 Metric                 |     Sum     |    Min    |     Max     |     Avg    |  %ile 25  |  %ile 50  |  %ile 75  |
+----------------------------------------+-------------+-----------+-------------+------------+-----------+-----------+-----------+
|        Runtime (RDTSC) [s] STAT        |  49229.7750 | 1295.4200 |   1295.9260 |  1295.5204 | 1295.4390 | 1295.4720 | 1295.5520 |
|        Runtime unhalted [s] STAT       |  49025.7751 | 1289.1972 |   1291.1936 |  1290.1520 | 1289.9639 | 1290.1525 | 1290.2994 |
|            Clock [MHz] STAT            |  90982.5612 | 2393.4144 |   2394.3305 |  2394.2779 | 2394.3138 | 2394.3220 | 2394.3238 |
|                CPI STAT                |     24.5677 |    0.3893 |      0.8546 |     0.6465 |    0.5111 |    0.5249 |    0.8377 |
|             Energy [J] STAT            | 431425.8162 |         0 | 300190.3708 | 11353.3110 |         0 |         0 |         0 |
|             Power [W] STAT             |    333.0313 |         0 |    231.7240 |     8.7640 |         0 |         0 |         0 |
|          Energy DRAM [J] STAT          |  37735.2031 |         0 |  27731.4603 |   993.0317 |         0 |         0 |         0 |
|           Power DRAM [W] STAT          |     29.1290 |         0 |     21.4066 |     0.7666 |         0 |         0 |         0 |
|            DP [MFLOP/s] STAT           |  61026.8618 | 1582.1478 |   1607.6387 |  1605.9700 | 1607.2109 | 1607.3101 | 1607.3920 |
|          AVX DP [MFLOP/s] STAT         |  10863.1000 |  277.7318 |    286.6081 |   285.8711 |  286.3021 |  286.3198 |  286.3344 |
|          Packed [MUOPS/s] STAT         |   1357.8876 |   34.7165 |     35.8260 |    35.7339 |   35.7878 |   35.7900 |   35.7918 |
|          Scalar [MUOPS/s] STAT         |  50163.7622 | 1304.4160 |   1321.0759 |  1320.0990 | 1320.9088 | 1320.9903 | 1321.0566 |
|  Memory read bandwidth [MBytes/s] STAT |  74321.2842 |         0 |  73864.1425 |  1955.8233 |         0 |         0 |         0 |
|  Memory read data volume [GBytes] STAT |  96280.6018 |         0 |  95688.4113 |  2533.7000 |         0 |         0 |         0 |
| Memory write bandwidth [MBytes/s] STAT |  37609.4695 |         0 |  37317.6889 |   989.7229 |         0 |         0 |         0 |
| Memory write data volume [GBytes] STAT |  48721.7384 |         0 |  48343.7599 |  1282.1510 |         0 |         0 |         0 |
|    Memory bandwidth [MBytes/s] STAT    | 111930.7537 |         0 | 111181.8314 |  2945.5462 |         0 |         0 |         0 |
|    Memory data volume [GBytes] STAT    | 145002.3401 |         0 | 144032.1712 |  3815.8511 |         0 |         0 |         0 |
|       Operational intensity STAT       |      2.1608 |         0 |      2.1463 |     0.0569 |         0 |         0 |         0 |
+----------------------------------------+-------------+-----------+-------------+------------+-----------+-----------+-----------+

