WARN: Cannot extract OpenMP vendor from executable or commandline, assuming no OpenMP
 nx_glob, nz_glob:                  3000                  1250
 dx,dz:    8.00000000000000        8.00000000000000     
 dt:   2.666666666666666E-002
Group: 1
+------------------------------------------+---------+----------------+----------------+----------------+----------------+----------------+----------------+----------------+----------------+----------------+----------------+----------------+----------------+----------------+----------------+----------------+----------------+----------------+----------------+----------------+----------------+----------------+----------------+----------------+----------------+----------------+----------------+----------------+----------------+----------------+----------------+----------------+----------------+----------------+----------------+----------------+
|                   Event                  | Counter |    f0314:0:0   |    f0314:1:1   |    f0314:2:2   |    f0314:3:3   |    f0314:4:4   |    f0314:5:5   |    f0314:6:6   |    f0314:7:7   |    f0314:8:8   |    f0314:9:9   |   f0314:10:10  |   f0314:11:11  |   f0314:12:12  |   f0314:13:13  |   f0314:14:14  |   f0314:15:15  |   f0314:16:16  |   f0314:17:17  |   f0314:18:18  |   f0314:19:19  |   f0314:20:20  |   f0314:21:21  |   f0314:22:22  |   f0314:23:23  |   f0314:24:24  |   f0314:25:25  |   f0314:26:26  |   f0314:27:27  |   f0314:28:28  |   f0314:29:29  |   f0314:30:30  |   f0314:31:31  |   f0314:32:32  |   f0314:33:33  |   f0314:34:34  |
+------------------------------------------+---------+----------------+----------------+----------------+----------------+----------------+----------------+----------------+----------------+----------------+----------------+----------------+----------------+----------------+----------------+----------------+----------------+----------------+----------------+----------------+----------------+----------------+----------------+----------------+----------------+----------------+----------------+----------------+----------------+----------------+----------------+----------------+----------------+----------------+----------------+----------------+
|             INSTR_RETIRED_ANY            |  FIXC0  |  4749268031094 |  4735487493101 |  4197982523057 |  4197062719910 |  3883362200618 |  3900850632318 |  3919681359856 |  3996963468268 |  3844239816284 |  3998954060511 |  4092696408040 |  3882849198693 |  3866748835467 |  3942197830180 |  3878777462884 |  4397255625881 |  5388046299402 |  6071381704532 |  6574577999687 |  6763077574143 |  6670764750006 |  6643061915983 |  6699463870341 |  6700089597477 |  6733873934389 |  6662575003361 |  6763688609967 |  6629209404379 |  6759439829279 |  6755950164598 |  6692881890935 |  6660299526950 |  6559949656398 |  6675902444572 |  6599607628958 |
|           CPU_CLK_UNHALTED_CORE          |  FIXC1  |  3285563250723 |  3286293549183 |  3286076971375 |  3286696164294 |  3286522097004 |  3285188561050 |  3286180664326 |  3284314368637 |  3285906525447 |  3286537421801 |  3286269847902 |  3286526542248 |  3286155637533 |  3286338388424 |  3286664040864 |  3285860310779 |  3288475341261 |  3288574794185 |  3288001164346 |  3287579604690 |  3287569072677 |  3288013692362 |  3288140645212 |  3287607142954 |  3287838934389 |  3287497203549 |  3287909900387 |  3286604334418 |  3288032338174 |  3287782758648 |  3288193239497 |  3288276632631 |  3287733563804 |  3288478784961 |  3288303895312 |
|           CPU_CLK_UNHALTED_REF           |  FIXC2  |  3285563517792 |  3286293899520 |  3286076430336 |  3286696879872 |  3286521892032 |  3285188130240 |  3286181020128 |  3284313508512 |  3285905153568 |  3286537046496 |  3286269987264 |  3286526979360 |  3286155289920 |  3286338567456 |  3286663931232 |  3285861151680 |  3288475172832 |  3288574606656 |  3288000202656 |  3287579312544 |  3287567819328 |  3288011432832 |  3288139917408 |  3287606226240 |  3287838147552 |  3287496598752 |  3287908119360 |  3286602908544 |  3288031268064 |  3287783027712 |  3288192044544 |  3288275887488 |  3287733544800 |  3288479141952 |  3288303683424 |
|               TOPDOWN_SLOTS              |  FIXC3  | 16427816253615 | 16431467745915 | 16430384856875 | 16433480821470 | 16432610485020 | 16425942805250 | 16430903321630 | 16421571843185 | 16429532627235 | 16432687109005 | 16431349239510 | 16432632711240 | 16430778187665 | 16431691942120 | 16433320204320 | 16429301553895 | 16442376706305 | 16442873970925 | 16440005821730 | 16437898023450 | 16437845363385 | 16440068461810 | 16440703226060 | 16438035714770 | 16439194671945 | 16437486017745 | 16439549501935 | 16433021672090 | 16440161690870 | 16438913793240 | 16440966197485 | 16441383163155 | 16438667819020 | 16442393924805 | 16441519476560 |
|              PWR_PKG_ENERGY              |   PWR0  |    318089.4387 |              0 |              0 |              0 |              0 |              0 |              0 |              0 |              0 |              0 |              0 |              0 |              0 |              0 |              0 |              0 |              0 |              0 |              0 |              0 |              0 |              0 |              0 |              0 |              0 |              0 |              0 |              0 |              0 |              0 |              0 |              0 |              0 |              0 |              0 |
|              PWR_DRAM_ENERGY             |   PWR3  |     29400.0591 |              0 |              0 |              0 |              0 |              0 |              0 |              0 |              0 |              0 |              0 |              0 |              0 |              0 |              0 |              0 |              0 |              0 |              0 |              0 |              0 |              0 |              0 |              0 |              0 |              0 |              0 |              0 |              0 |              0 |              0 |              0 |              0 |              0 |              0 |
| FP_ARITH_INST_RETIRED_128B_PACKED_DOUBLE |   PMC0  |              0 |              0 |              0 |              0 |              0 |              0 |              0 |              0 |              0 |              0 |              0 |              0 |              0 |              0 |              0 |              0 |              0 |              0 |              0 |              0 |              0 |              0 |              0 |              0 |              0 |              0 |              0 |              0 |              0 |              0 |              0 |              0 |              0 |              0 |              0 |
|    FP_ARITH_INST_RETIRED_SCALAR_DOUBLE   |   PMC1  |  1862037033202 |  1840509524497 |  1862036424077 |  1862036410088 |  1862036417951 |  1840509518116 |  1862036397514 |  1862036390426 |  1840509513253 |  1862036382934 |  1862036391963 |  1862036379640 |  1840509491610 |  1862036370273 |  1862036357571 |  1840509474542 |  1862036363493 |  1862036349425 |  1862036344368 |  1840509453327 |  1862036321317 |  1862036327178 |  1840509452229 |  1862036322044 |  1862036322561 |  1862036296529 |  1840509422698 |  1862036289963 |  1862036305933 |  1840509416959 |  1862036294597 |  1862036282086 |  1862036278619 |  1840509401018 |  1862036271201 |
| FP_ARITH_INST_RETIRED_256B_PACKED_DOUBLE |   PMC2  |              0 |              0 |              0 |              0 |              0 |              0 |              0 |              0 |              0 |              0 |              0 |              0 |              0 |              0 |              0 |              0 |              0 |              0 |              0 |              0 |              0 |              0 |              0 |              0 |              0 |              0 |              0 |              0 |              0 |              0 |              0 |              0 |              0 |              0 |              0 |
| FP_ARITH_INST_RETIRED_512B_PACKED_DOUBLE |   PMC3  |    46537985763 |    47842751250 |    46492691250 |    46492691250 |    46492691250 |    47842751250 |    46492691250 |    46492691250 |    47842751250 |    46492691250 |    46492691250 |    46492691250 |    47842751250 |    46492691250 |    46492691250 |    47842751250 |    46492691250 |    46492691250 |    46492691250 |    47842751250 |    46492691250 |    46492691250 |    47842751250 |    46492691250 |    46492691250 |    46492691250 |    47842751250 |    46492691250 |    46492691250 |    47842751250 |    46492691250 |    46492691250 |    46492691250 |    47842751250 |    46492691250 |
|               CAS_COUNT_RD               | MBOX0C0 |   202817750378 |              0 |              0 |              0 |              0 |              0 |              0 |              0 |              0 |              0 |              0 |              0 |              0 |              0 |              0 |              0 |              0 |              0 |              0 |              0 |              0 |              0 |              0 |              0 |              0 |              0 |              0 |              0 |              0 |              0 |              0 |              0 |              0 |              0 |              0 |
|               CAS_COUNT_WR               | MBOX0C1 |   102244492118 |              0 |              0 |              0 |              0 |              0 |              0 |              0 |              0 |              0 |              0 |              0 |              0 |              0 |              0 |              0 |              0 |              0 |              0 |              0 |              0 |              0 |              0 |              0 |              0 |              0 |              0 |              0 |              0 |              0 |              0 |              0 |              0 |              0 |              0 |
|               CAS_COUNT_RD               | MBOX1C0 |   202843112547 |              0 |              0 |              0 |              0 |              0 |              0 |              0 |              0 |              0 |              0 |              0 |              0 |              0 |              0 |              0 |              0 |              0 |              0 |              0 |              0 |              0 |              0 |              0 |              0 |              0 |              0 |              0 |              0 |              0 |              0 |              0 |              0 |              0 |              0 |
|               CAS_COUNT_WR               | MBOX1C1 |   102226656426 |              0 |              0 |              0 |              0 |              0 |              0 |              0 |              0 |              0 |              0 |              0 |              0 |              0 |              0 |              0 |              0 |              0 |              0 |              0 |              0 |              0 |              0 |              0 |              0 |              0 |              0 |              0 |              0 |              0 |              0 |              0 |              0 |              0 |              0 |
|               CAS_COUNT_RD               | MBOX2C0 |   202882760818 |              0 |              0 |              0 |              0 |              0 |              0 |              0 |              0 |              0 |              0 |              0 |              0 |              0 |              0 |              0 |              0 |              0 |              0 |              0 |              0 |              0 |              0 |              0 |              0 |              0 |              0 |              0 |              0 |              0 |              0 |              0 |              0 |              0 |              0 |
|               CAS_COUNT_WR               | MBOX2C1 |   102235252922 |              0 |              0 |              0 |              0 |              0 |              0 |              0 |              0 |              0 |              0 |              0 |              0 |              0 |              0 |              0 |              0 |              0 |              0 |              0 |              0 |              0 |              0 |              0 |              0 |              0 |              0 |              0 |              0 |              0 |              0 |              0 |              0 |              0 |              0 |
|               CAS_COUNT_RD               | MBOX3C0 |   202859700091 |              0 |              0 |              0 |              0 |              0 |              0 |              0 |              0 |              0 |              0 |              0 |              0 |              0 |              0 |              0 |              0 |              0 |              0 |              0 |              0 |              0 |              0 |              0 |              0 |              0 |              0 |              0 |              0 |              0 |              0 |              0 |              0 |              0 |              0 |
|               CAS_COUNT_WR               | MBOX3C1 |   102228709846 |              0 |              0 |              0 |              0 |              0 |              0 |              0 |              0 |              0 |              0 |              0 |              0 |              0 |              0 |              0 |              0 |              0 |              0 |              0 |              0 |              0 |              0 |              0 |              0 |              0 |              0 |              0 |              0 |              0 |              0 |              0 |              0 |              0 |              0 |
|               CAS_COUNT_RD               | MBOX4C0 |   193222129394 |              0 |              0 |              0 |              0 |              0 |              0 |              0 |              0 |              0 |              0 |              0 |              0 |              0 |              0 |              0 |              0 |              0 |              0 |              0 |              0 |              0 |              0 |              0 |              0 |              0 |              0 |              0 |              0 |              0 |              0 |              0 |              0 |              0 |              0 |
|               CAS_COUNT_WR               | MBOX4C1 |    96496197450 |              0 |              0 |              0 |              0 |              0 |              0 |              0 |              0 |              0 |              0 |              0 |              0 |              0 |              0 |              0 |              0 |              0 |              0 |              0 |              0 |              0 |              0 |              0 |              0 |              0 |              0 |              0 |              0 |              0 |              0 |              0 |              0 |              0 |              0 |
|               CAS_COUNT_RD               | MBOX5C0 |   193229812339 |              0 |              0 |              0 |              0 |              0 |              0 |              0 |              0 |              0 |              0 |              0 |              0 |              0 |              0 |              0 |              0 |              0 |              0 |              0 |              0 |              0 |              0 |              0 |              0 |              0 |              0 |              0 |              0 |              0 |              0 |              0 |              0 |              0 |              0 |
|               CAS_COUNT_WR               | MBOX5C1 |    96486255968 |              0 |              0 |              0 |              0 |              0 |              0 |              0 |              0 |              0 |              0 |              0 |              0 |              0 |              0 |              0 |              0 |              0 |              0 |              0 |              0 |              0 |              0 |              0 |              0 |              0 |              0 |              0 |              0 |              0 |              0 |              0 |              0 |              0 |              0 |
|               CAS_COUNT_RD               | MBOX6C0 |   193193683322 |              0 |              0 |              0 |              0 |              0 |              0 |              0 |              0 |              0 |              0 |              0 |              0 |              0 |              0 |              0 |              0 |              0 |              0 |              0 |              0 |              0 |              0 |              0 |              0 |              0 |              0 |              0 |              0 |              0 |              0 |              0 |              0 |              0 |              0 |
|               CAS_COUNT_WR               | MBOX6C1 |    96493132041 |              0 |              0 |              0 |              0 |              0 |              0 |              0 |              0 |              0 |              0 |              0 |              0 |              0 |              0 |              0 |              0 |              0 |              0 |              0 |              0 |              0 |              0 |              0 |              0 |              0 |              0 |              0 |              0 |              0 |              0 |              0 |              0 |              0 |              0 |
|               CAS_COUNT_RD               | MBOX7C0 |   193246220857 |              0 |              0 |              0 |              0 |              0 |              0 |              0 |              0 |              0 |              0 |              0 |              0 |              0 |              0 |              0 |              0 |              0 |              0 |              0 |              0 |              0 |              0 |              0 |              0 |              0 |              0 |              0 |              0 |              0 |              0 |              0 |              0 |              0 |              0 |
|               CAS_COUNT_WR               | MBOX7C1 |    96482749124 |              0 |              0 |              0 |              0 |              0 |              0 |              0 |              0 |              0 |              0 |              0 |              0 |              0 |              0 |              0 |              0 |              0 |              0 |              0 |              0 |              0 |              0 |              0 |              0 |              0 |              0 |              0 |              0 |              0 |              0 |              0 |              0 |              0 |              0 |
+------------------------------------------+---------+----------------+----------------+----------------+----------------+----------------+----------------+----------------+----------------+----------------+----------------+----------------+----------------+----------------+----------------+----------------+----------------+----------------+----------------+----------------+----------------+----------------+----------------+----------------+----------------+----------------+----------------+----------------+----------------+----------------+----------------+----------------+----------------+----------------+----------------+----------------+

+-----------------------------------------------+---------+-----------------+----------------+----------------+--------------+
|                     Event                     | Counter |       Sum       |       Min      |       Max      |      Avg     |
+-----------------------------------------------+---------+-----------------+----------------+----------------+--------------+
|             INSTR_RETIRED_ANY STAT            |  FIXC0  | 190488219471519 |  3844239816284 |  6763688609967 | 5.442521e+12 |
|           CPU_CLK_UNHALTED_CORE STAT          |  FIXC1  | 115047707385047 |  3284314368637 |  3288574794185 | 3.287077e+12 |
|           CPU_CLK_UNHALTED_REF STAT           |  FIXC2  | 115047692448096 |  3284313508512 |  3288574606656 | 3.287077e+12 |
|               TOPDOWN_SLOTS STAT              |  FIXC3  | 575238536925235 | 16421571843185 | 16442873970925 |      nil     |
|              PWR_PKG_ENERGY STAT              |   PWR0  |     318089.4387 |              0 |    318089.4387 |    9088.2697 |
|              PWR_DRAM_ENERGY STAT             |   PWR3  |      29400.0591 |              0 |     29400.0591 |     840.0017 |
| FP_ARITH_INST_RETIRED_128B_PACKED_DOUBLE STAT |   PMC0  |               0 |              0 |              0 |            0 |
|    FP_ARITH_INST_RETIRED_SCALAR_DOUBLE STAT   |   PMC1  |  64956003993202 |  1840509401018 |  1862037033202 | 1.855886e+12 |
| FP_ARITH_INST_RETIRED_256B_PACKED_DOUBLE STAT |   PMC2  |               0 |              0 |              0 |            0 |
| FP_ARITH_INST_RETIRED_512B_PACKED_DOUBLE STAT |   PMC3  |   1640790088263 |    46492691250 |    47842751250 | 4.687972e+10 |
|               CAS_COUNT_RD STAT               | MBOX0C0 |    202817750378 |              0 |   202817750378 | 5.794793e+09 |
|               CAS_COUNT_WR STAT               | MBOX0C1 |    102244492118 |              0 |   102244492118 | 2.921271e+09 |
|               CAS_COUNT_RD STAT               | MBOX1C0 |    202843112547 |              0 |   202843112547 | 5.795518e+09 |
|               CAS_COUNT_WR STAT               | MBOX1C1 |    102226656426 |              0 |   102226656426 | 2.920762e+09 |
|               CAS_COUNT_RD STAT               | MBOX2C0 |    202882760818 |              0 |   202882760818 | 5.796650e+09 |
|               CAS_COUNT_WR STAT               | MBOX2C1 |    102235252922 |              0 |   102235252922 | 2.921007e+09 |
|               CAS_COUNT_RD STAT               | MBOX3C0 |    202859700091 |              0 |   202859700091 | 5.795991e+09 |
|               CAS_COUNT_WR STAT               | MBOX3C1 |    102228709846 |              0 |   102228709846 | 2.920820e+09 |
|               CAS_COUNT_RD STAT               | MBOX4C0 |    193222129394 |              0 |   193222129394 | 5.520632e+09 |
|               CAS_COUNT_WR STAT               | MBOX4C1 |     96496197450 |              0 |    96496197450 | 2.757034e+09 |
|               CAS_COUNT_RD STAT               | MBOX5C0 |    193229812339 |              0 |   193229812339 | 5.520852e+09 |
|               CAS_COUNT_WR STAT               | MBOX5C1 |     96486255968 |              0 |    96486255968 | 2.756750e+09 |
|               CAS_COUNT_RD STAT               | MBOX6C0 |    193193683322 |              0 |   193193683322 | 5.519820e+09 |
|               CAS_COUNT_WR STAT               | MBOX6C1 |     96493132041 |              0 |    96493132041 | 2.756947e+09 |
|               CAS_COUNT_RD STAT               | MBOX7C0 |    193246220857 |              0 |   193246220857 | 5.521321e+09 |
|               CAS_COUNT_WR STAT               | MBOX7C1 |     96482749124 |              0 |    96482749124 | 2.756650e+09 |
+-----------------------------------------------+---------+-----------------+----------------+----------------+--------------+

+-----------------------------------+-------------+-----------+-----------+-----------+-----------+-----------+-----------+-----------+-----------+-----------+-------------+-------------+-------------+-------------+-------------+-------------+-------------+-------------+-------------+-------------+-------------+-------------+-------------+-------------+-------------+-------------+-------------+-------------+-------------+-------------+-------------+-------------+-------------+-------------+-------------+
|               Metric              |  f0314:0:0  | f0314:1:1 | f0314:2:2 | f0314:3:3 | f0314:4:4 | f0314:5:5 | f0314:6:6 | f0314:7:7 | f0314:8:8 | f0314:9:9 | f0314:10:10 | f0314:11:11 | f0314:12:12 | f0314:13:13 | f0314:14:14 | f0314:15:15 | f0314:16:16 | f0314:17:17 | f0314:18:18 | f0314:19:19 | f0314:20:20 | f0314:21:21 | f0314:22:22 | f0314:23:23 | f0314:24:24 | f0314:25:25 | f0314:26:26 | f0314:27:27 | f0314:28:28 | f0314:29:29 | f0314:30:30 | f0314:31:31 | f0314:32:32 | f0314:33:33 | f0314:34:34 |
+-----------------------------------+-------------+-----------+-----------+-----------+-----------+-----------+-----------+-----------+-----------+-----------+-------------+-------------+-------------+-------------+-------------+-------------+-------------+-------------+-------------+-------------+-------------+-------------+-------------+-------------+-------------+-------------+-------------+-------------+-------------+-------------+-------------+-------------+-------------+-------------+-------------+
|        Runtime (RDTSC) [s]        |   1378.2130 | 1378.1010 | 1378.2910 | 1378.2290 | 1378.1650 | 1378.3410 | 1378.1000 | 1378.3250 | 1378.3950 | 1378.0960 |   1378.1830 |   1378.0960 |   1378.4680 |   1378.1600 |   1378.3450 |   1378.4160 |   1378.1230 |   1378.3900 |   1378.0930 |   1378.1070 |   1378.3560 |   1378.0990 |   1378.1420 |   1378.0960 |   1378.6930 |   1378.3280 |   1378.1040 |   1378.1620 |   1378.1730 |   1378.2820 |   1378.4830 |   1378.0920 |   1378.1110 |   1378.1800 |   1378.0870 |
|        Runtime unhalted [s]       |   1372.2329 | 1372.5363 | 1372.4426 | 1372.7746 | 1372.6907 | 1372.0711 | 1372.4873 | 1371.8950 | 1372.6252 | 1372.6375 |   1372.5250 |   1372.6402 |   1372.4764 |   1372.5546 |   1372.6886 |   1372.3540 |   1373.4457 |   1373.4870 |   1373.2527 |   1373.0751 |   1373.3103 |   1373.2534 |   1373.3081 |   1373.0831 |   1373.7784 |   1373.2713 |   1373.2085 |   1372.6835 |   1373.3163 |   1373.1557 |   1373.7159 |   1373.3641 |   1373.1412 |   1373.4882 |   1373.3761 |
|            Clock [MHz]            |   2394.3187 | 2394.3216 | 2394.3279 | 2394.1989 | 2394.2191 | 2394.3286 | 2394.3247 | 2393.9990 | 2393.8857 | 2394.3231 |   2394.3242 |   2394.3100 |   2394.3260 |   2394.3224 |   2394.3261 |   2394.3235 |   2394.3251 |   2394.3255 |   2394.3169 |   2394.3190 |   2393.9021 |   2394.3258 |   2394.3217 |   2394.3257 |   2393.2825 |   2393.9173 |   2394.3280 |   2394.2925 |   2394.2287 |   2394.3260 |   2393.6496 |   2394.3231 |   2394.3158 |   2394.2531 |   2394.3217 |
|                CPI                |      0.6918 |    0.6940 |    0.7828 |    0.7831 |    0.8463 |    0.8422 |    0.8384 |    0.8217 |    0.8548 |    0.8218 |      0.8030 |      0.8464 |      0.8498 |      0.8336 |      0.8473 |      0.7473 |      0.6103 |      0.5417 |      0.5001 |      0.4861 |      0.4928 |      0.4950 |      0.4908 |      0.4907 |      0.4883 |      0.4934 |      0.4861 |      0.4958 |      0.4864 |      0.4866 |      0.4913 |      0.4937 |      0.5012 |      0.4926 |      0.4983 |
|             Energy [J]            | 318089.4387 |         0 |         0 |         0 |         0 |         0 |         0 |         0 |         0 |         0 |           0 |           0 |           0 |           0 |           0 |           0 |           0 |           0 |           0 |           0 |           0 |           0 |           0 |           0 |           0 |           0 |           0 |           0 |           0 |           0 |           0 |           0 |           0 |           0 |           0 |
|             Power [W]             |    230.7985 |         0 |         0 |         0 |         0 |         0 |         0 |         0 |         0 |         0 |           0 |           0 |           0 |           0 |           0 |           0 |           0 |           0 |           0 |           0 |           0 |           0 |           0 |           0 |           0 |           0 |           0 |           0 |           0 |           0 |           0 |           0 |           0 |           0 |           0 |
|          Energy DRAM [J]          |  29400.0591 |         0 |         0 |         0 |         0 |         0 |         0 |         0 |         0 |         0 |           0 |           0 |           0 |           0 |           0 |           0 |           0 |           0 |           0 |           0 |           0 |           0 |           0 |           0 |           0 |           0 |           0 |           0 |           0 |           0 |           0 |           0 |           0 |           0 |           0 |
|           Power DRAM [W]          |     21.3320 |         0 |         0 |         0 |         0 |         0 |         0 |         0 |         0 |         0 |           0 |           0 |           0 |           0 |           0 |           0 |           0 |           0 |           0 |           0 |           0 |           0 |           0 |           0 |           0 |           0 |           0 |           0 |           0 |           0 |           0 |           0 |           0 |           0 |           0 |
|            DP [MFLOP/s]           |   1621.1869 | 1613.2718 | 1620.8319 | 1620.9048 | 1620.9800 | 1612.9909 | 1621.0565 | 1620.7918 | 1612.9277 | 1621.0612 |   1620.9588 |   1621.0612 |   1612.8423 |   1620.9859 |   1620.7683 |   1612.9031 |   1621.0294 |   1620.7154 |   1621.0647 |   1613.2648 |   1620.7553 |   1621.0576 |   1613.2238 |   1621.0611 |   1620.3592 |   1620.7882 |   1613.2683 |   1620.9835 |   1620.9705 |   1613.0599 |   1620.6060 |   1621.0658 |   1621.0434 |   1613.1793 |   1621.0717 |
|          AVX DP [MFLOP/s]         |    270.1352 |  277.7315 |  269.8570 |  269.8692 |  269.8817 |  277.6831 |  269.8944 |  269.8504 |  277.6722 |  269.8952 |    269.8782 |    269.8952 |    277.6575 |    269.8827 |    269.8465 |    277.6680 |    269.8899 |    269.8377 |    269.8958 |    277.7303 |    269.8443 |    269.8946 |    277.7232 |    269.8952 |    269.7784 |    269.8498 |    277.7309 |    269.8823 |    269.8801 |    277.6950 |    269.8195 |    269.8960 |    269.8923 |    277.7155 |    269.8970 |
|          Packed [MUOPS/s]         |     33.7669 |   34.7164 |   33.7321 |   33.7336 |   33.7352 |   34.7104 |   33.7368 |   33.7313 |   34.7090 |   33.7369 |     33.7348 |     33.7369 |     34.7072 |     33.7353 |     33.7308 |     34.7085 |     33.7362 |     33.7297 |     33.7370 |     34.7163 |     33.7305 |     33.7368 |     34.7154 |     33.7369 |     33.7223 |     33.7312 |     34.7164 |     33.7353 |     33.7350 |     34.7119 |     33.7274 |     33.7370 |     33.7365 |     34.7144 |     33.7371 |
|          Scalar [MUOPS/s]         |   1351.0517 | 1335.5404 | 1350.9748 | 1351.0356 | 1351.0983 | 1335.3078 | 1351.1620 | 1350.9415 | 1335.2555 | 1351.1659 |   1351.0807 |   1351.1659 |   1335.1848 |   1351.1032 |   1350.9218 |   1335.2351 |   1351.1395 |   1350.8777 |   1351.1689 |   1335.5345 |   1350.9110 |   1351.1630 |   1335.5006 |   1351.1659 |   1350.5808 |   1350.9385 |   1335.5374 |   1351.1012 |   1351.0904 |   1335.3649 |   1350.7865 |   1351.1698 |   1351.1512 |   1335.4637 |   1351.1747 |
|  Memory read bandwidth [MBytes/s] |  73569.8262 |         0 |         0 |         0 |         0 |         0 |         0 |         0 |         0 |         0 |           0 |           0 |           0 |           0 |           0 |           0 |           0 |           0 |           0 |           0 |           0 |           0 |           0 |           0 |           0 |           0 |           0 |           0 |           0 |           0 |           0 |           0 |           0 |           0 |           0 |
|  Memory read data volume [GBytes] | 101394.8909 |         0 |         0 |         0 |         0 |         0 |         0 |         0 |         0 |         0 |           0 |           0 |           0 |           0 |           0 |           0 |           0 |           0 |           0 |           0 |           0 |           0 |           0 |           0 |           0 |           0 |           0 |           0 |           0 |           0 |           0 |           0 |           0 |           0 |           0 |
| Memory write bandwidth [MBytes/s] |  36912.4225 |         0 |         0 |         0 |         0 |         0 |         0 |         0 |         0 |         0 |           0 |           0 |           0 |           0 |           0 |           0 |           0 |           0 |           0 |           0 |           0 |           0 |           0 |           0 |           0 |           0 |           0 |           0 |           0 |           0 |           0 |           0 |           0 |           0 |           0 |
| Memory write data volume [GBytes] |  50873.1805 |         0 |         0 |         0 |         0 |         0 |         0 |         0 |         0 |         0 |           0 |           0 |           0 |           0 |           0 |           0 |           0 |           0 |           0 |           0 |           0 |           0 |           0 |           0 |           0 |           0 |           0 |           0 |           0 |           0 |           0 |           0 |           0 |           0 |           0 |
|    Memory bandwidth [MBytes/s]    | 110482.2487 |         0 |         0 |         0 |         0 |         0 |         0 |         0 |         0 |         0 |           0 |           0 |           0 |           0 |           0 |           0 |           0 |           0 |           0 |           0 |           0 |           0 |           0 |           0 |           0 |           0 |           0 |           0 |           0 |           0 |           0 |           0 |           0 |           0 |           0 |
|    Memory data volume [GBytes]    | 152268.0714 |         0 |         0 |         0 |         0 |         0 |         0 |         0 |         0 |         0 |           0 |           0 |           0 |           0 |           0 |           0 |           0 |           0 |           0 |           0 |           0 |           0 |           0 |           0 |           0 |           0 |           0 |           0 |           0 |           0 |           0 |           0 |           0 |           0 |           0 |
|       Operational intensity       |      0.0147 |         0 |         0 |         0 |         0 |         0 |         0 |         0 |         0 |         0 |           0 |           0 |           0 |           0 |           0 |           0 |           0 |           0 |           0 |           0 |           0 |           0 |           0 |           0 |           0 |           0 |           0 |           0 |           0 |           0 |           0 |           0 |           0 |           0 |           0 |
+-----------------------------------+-------------+-----------+-----------+-----------+-----------+-----------+-----------+-----------+-----------+-----------+-------------+-------------+-------------+-------------+-------------+-------------+-------------+-------------+-------------+-------------+-------------+-------------+-------------+-------------+-------------+-------------+-------------+-------------+-------------+-------------+-------------+-------------+-------------+-------------+-------------+

+----------------------------------------+-------------+-----------+-------------+-----------+-----------+-----------+-----------+
|                 Metric                 |     Sum     |    Min    |     Max     |    Avg    |  %ile 25  |  %ile 50  |  %ile 75  |
+----------------------------------------+-------------+-----------+-------------+-----------+-----------+-----------+-----------+
|        Runtime (RDTSC) [s] STAT        |  48238.0250 | 1378.0870 |   1378.6930 | 1378.2293 | 1378.1010 | 1378.1730 | 1378.3280 |
|        Runtime unhalted [s] STAT       |  48052.3466 | 1371.8950 |   1373.7784 | 1372.9242 | 1372.5363 | 1373.0751 | 1373.3081 |
|            Clock [MHz] STAT            |  83797.5796 | 2393.2825 |   2394.3286 | 2394.2166 | 2394.2287 | 2394.3217 | 2394.3251 |
|                CPI STAT                |     22.4255 |    0.4861 |      0.8548 |    0.6407 |    0.4926 |    0.5417 |    0.8217 |
|             Energy [J] STAT            | 318089.4387 |         0 | 318089.4387 | 9088.2697 |         0 |         0 |         0 |
|             Power [W] STAT             |    230.7985 |         0 |    230.7985 |    6.5942 |         0 |         0 |         0 |
|          Energy DRAM [J] STAT          |  29400.0591 |         0 |  29400.0591 |  840.0017 |         0 |         0 |         0 |
|           Power DRAM [W] STAT          |     21.3320 |         0 |     21.3320 |    0.6095 |         0 |         0 |         0 |
|            DP [MFLOP/s] STAT           |  56654.0910 | 1612.8423 |   1621.1869 | 1618.6883 | 1613.2683 | 1620.8319 | 1621.0434 |
|          AVX DP [MFLOP/s] STAT         |   9524.0458 |  269.7784 |    277.7315 |  272.1156 |  269.8692 |  269.8946 |  277.6575 |
|          Packed [MUOPS/s] STAT         |   1190.5054 |   33.7223 |     34.7164 |   34.0144 |   33.7336 |   33.7368 |   34.7072 |
|          Scalar [MUOPS/s] STAT         |  47130.0452 | 1335.1848 |   1351.1747 | 1346.5727 | 1335.5374 | 1350.9748 | 1351.1395 |
|  Memory read bandwidth [MBytes/s] STAT |  73569.8262 |         0 |  73569.8262 | 2101.9950 |         0 |         0 |         0 |
|  Memory read data volume [GBytes] STAT | 101394.8909 |         0 | 101394.8909 | 2896.9969 |         0 |         0 |         0 |
| Memory write bandwidth [MBytes/s] STAT |  36912.4225 |         0 |  36912.4225 | 1054.6406 |         0 |         0 |         0 |
| Memory write data volume [GBytes] STAT |  50873.1805 |         0 |  50873.1805 | 1453.5194 |         0 |         0 |         0 |
|    Memory bandwidth [MBytes/s] STAT    | 110482.2487 |         0 | 110482.2487 | 3156.6357 |         0 |         0 |         0 |
|    Memory data volume [GBytes] STAT    | 152268.0714 |         0 | 152268.0714 | 4350.5163 |         0 |         0 |         0 |
|       Operational intensity STAT       |      0.0147 |         0 |      0.0147 |    0.0004 |         0 |         0 |         0 |
+----------------------------------------+-------------+-----------+-------------+-----------+-----------+-----------+-----------+

