WARN: Cannot extract OpenMP vendor from executable or commandline, assuming no OpenMP
 nx_glob, nz_glob:                  3000                  1250
 dx,dz:    8.00000000000000        8.00000000000000     
 dt:   2.666666666666666E-002
Group: 1
+------------------------------------------+---------+----------------+----------------+----------------+----------------+----------------+----------------+----------------+----------------+----------------+----------------+----------------+----------------+----------------+----------------+----------------+----------------+----------------+----------------+----------------+----------------+----------------+----------------+----------------+----------------+----------------+----------------+----------------+----------------+----------------+----------------+----------------+----------------+----------------+----------------+----------------+----------------+----------------+----------------+----------------+----------------+----------------+----------------+----------------+----------------+----------------+----------------+
|                   Event                  | Counter |    f0314:0:0   |    f0314:1:1   |    f0314:2:2   |    f0314:3:3   |    f0314:4:4   |    f0314:5:5   |    f0314:6:6   |    f0314:7:7   |    f0314:8:8   |    f0314:9:9   |   f0314:10:10  |   f0314:11:11  |   f0314:12:12  |   f0314:13:13  |   f0314:14:14  |   f0314:15:15  |   f0314:16:16  |   f0314:17:17  |   f0314:18:18  |   f0314:19:19  |   f0314:20:20  |   f0314:21:21  |   f0314:22:22  |   f0314:23:23  |   f0314:24:24  |   f0314:25:25  |   f0314:26:26  |   f0314:27:27  |   f0314:28:28  |   f0314:29:29  |   f0314:30:30  |   f0314:31:31  |   f0314:32:32  |   f0314:33:33  |   f0314:34:34  |   f0314:35:35  |   f0314:36:36  |   f0314:37:37  |   f0314:38:38  |   f0314:39:39  |   f0314:40:40  |   f0314:41:41  |   f0314:42:42  |   f0314:43:43  |   f0314:44:44  |   f0314:45:45  |
+------------------------------------------+---------+----------------+----------------+----------------+----------------+----------------+----------------+----------------+----------------+----------------+----------------+----------------+----------------+----------------+----------------+----------------+----------------+----------------+----------------+----------------+----------------+----------------+----------------+----------------+----------------+----------------+----------------+----------------+----------------+----------------+----------------+----------------+----------------+----------------+----------------+----------------+----------------+----------------+----------------+----------------+----------------+----------------+----------------+----------------+----------------+----------------+----------------+
|             INSTR_RETIRED_ANY            |  FIXC0  |  4570012135949 |  4418922617975 |  4422456251145 |  4455459683662 |  4502553972310 |  4423448877726 |  4421916351890 |  4482622241893 |  4516350383356 |  4481785831620 |  4468775678299 |  4404722332956 |  4366948709018 |  4363869096219 |  4468598840283 |  4438195437832 |  4408230780283 |  4353457103697 |  3853424489658 |  3848102863070 |  3847778189070 |  3897838899299 |  3918042401031 |  3905801446146 |  3889700474072 |  3832719450281 |  3928635714737 |  3967961769491 |  4171720488067 |  4047682011397 |  4035903168844 |  3954758089088 |  4064082371845 |  4110645148288 |  3952520996184 |  4021421377755 |  6079834622030 |  6137614891988 |  6118401629891 |  6087238578683 |  6107950821724 |  6148358689573 |  6146532678297 |  6099668330128 |  6144352774351 |  6028678878116 |
|           CPU_CLK_UNHALTED_CORE          |  FIXC1  |  2559843908921 |  2561164454372 |  2560889625734 |  2561289669767 |  2560840810877 |  2560648136305 |  2560732365921 |  2560912919952 |  2560944344472 |  2560871239235 |  2561120900219 |  2560972640621 |  2561236116629 |  2561121621639 |  2561317733878 |  2561469920824 |  2561431465065 |  2561491757747 |  2561534171730 |  2561054845916 |  2561427664278 |  2561308420254 |  2561398399463 |  2561279540992 |  2561386881842 |  2561177785585 |  2561117723421 |  2557735170929 |  2561241891973 |  2561016391698 |  2561158798835 |  2561705006857 |  2561116838995 |  2561495195457 |  2561281880624 |  2561121291291 |  2561694375376 |  2562165685304 |  2562186646946 |  2562047745434 |  2561667896879 |  2561887124051 |  2562037109925 |  2561874462263 |  2562028129407 |  2561613374788 |
|           CPU_CLK_UNHALTED_REF           |  FIXC2  |  2559844225632 |  2561163261024 |  2560888120704 |  2561288766816 |  2560839950976 |  2560646151168 |  2560731222048 |  2560911429216 |  2560942934688 |  2560870352064 |  2561120248128 |  2560972925088 |  2561235209376 |  2561121128640 |  2561316947712 |  2561469253152 |  2561431615008 |  2561491152960 |  2561534908128 |  2561054497632 |  2561427689856 |  2561309044896 |  2561398720512 |  2561278769568 |  2561386425792 |  2561177362560 |  2561118352704 |  2557733445792 |  2561241350496 |  2561016766080 |  2561157893568 |  2561704202112 |  2561116947552 |  2561495339232 |  2561282574336 |  2561121282624 |  2561692074432 |  2562164928960 |  2562185938752 |  2562044157120 |  2561667618816 |  2561887027680 |  2562035110752 |  2561872961952 |  2562026546016 |  2561609071968 |
|               TOPDOWN_SLOTS              |  FIXC3  | 12799219544605 | 12805822271860 | 12804448128670 | 12806448348835 | 12804204054385 | 12803240681525 | 12803661829605 | 12804564599760 | 12804721722360 | 12804356196175 | 12805604501095 | 12804863203105 | 12806180583145 | 12805608108195 | 12806588669390 | 12807349604120 | 12807157325325 | 12807458788735 | 12807670858650 | 12805274229580 | 12807138321390 | 12806542101270 | 12806991997315 | 12806397704960 | 12806934409210 | 12805888927925 | 12805588617105 | 12788675854645 | 12806209459865 | 12805081958490 | 12805793994175 | 12808525034285 | 12805584194975 | 12807475977285 | 12806409403120 | 12805606456455 | 12808471876880 | 12810828426520 | 12810933234730 | 12810238727170 | 12808339484395 | 12809435620255 | 12810185549625 | 12809372311315 | 12810140647035 | 12808066873940 |
|              PWR_PKG_ENERGY              |   PWR0  |    250154.8911 |              0 |              0 |              0 |              0 |              0 |              0 |              0 |              0 |              0 |              0 |              0 |              0 |              0 |              0 |              0 |              0 |              0 |              0 |              0 |              0 |              0 |              0 |              0 |              0 |              0 |              0 |              0 |              0 |              0 |              0 |              0 |              0 |              0 |              0 |              0 |    147603.5477 |              0 |              0 |              0 |              0 |              0 |              0 |              0 |              0 |              0 |
|              PWR_DRAM_ENERGY             |   PWR3  |     23013.2603 |              0 |              0 |              0 |              0 |              0 |              0 |              0 |              0 |              0 |              0 |              0 |              0 |              0 |              0 |              0 |              0 |              0 |              0 |              0 |              0 |              0 |              0 |              0 |              0 |              0 |              0 |              0 |              0 |              0 |              0 |              0 |              0 |              0 |              0 |              0 |     12655.7503 |              0 |              0 |              0 |              0 |              0 |              0 |              0 |              0 |              0 |
| FP_ARITH_INST_RETIRED_128B_PACKED_DOUBLE |   PMC0  |              0 |              0 |              0 |              0 |              0 |              0 |              0 |              0 |              0 |              0 |              0 |              0 |              0 |              0 |              0 |              0 |              0 |              0 |              0 |              0 |              0 |              0 |              0 |              0 |              0 |              0 |              0 |              0 |              0 |              0 |              0 |              0 |              0 |              0 |              0 |              0 |              0 |              0 |              0 |              0 |              0 |              0 |              0 |              0 |              0 |              0 |
|    FP_ARITH_INST_RETIRED_SCALAR_DOUBLE   |   PMC1  |  1409972614417 |  1409972005641 |  1431498890909 |  1409972011596 |  1409971976280 |  1409972001525 |  1431498807805 |  1409972004820 |  1409971967491 |  1409971963413 |  1409971944754 |  1431498820309 |  1409971947438 |  1409971933012 |  1409971914660 |  1409971931304 |  1431498808201 |  1409971904178 |  1409971906769 |  1409971851691 |  1431498728282 |  1409971849633 |  1409971834242 |  1409971831172 |  1409971821196 |  1431498698013 |  1409971802482 |  1409971805950 |  1409971794845 |  1431498675163 |  1409971786732 |  1409971779586 |  1409971777317 |  1409971794709 |  1431498671330 |  1409971818856 |  1409971789424 |  1409971777903 |  1409971780085 |  1431498605495 |  1409971756169 |  1409971786239 |  1409971741480 |  1431498628515 |  1409971742276 |  1409971727459 |
| FP_ARITH_INST_RETIRED_256B_PACKED_DOUBLE |   PMC2  |              0 |              0 |              0 |              0 |              0 |              0 |              0 |              0 |              0 |              0 |              0 |              0 |              0 |              0 |              0 |              0 |              0 |              0 |              0 |              0 |              0 |              0 |              0 |              0 |              0 |              0 |              0 |              0 |              0 |              0 |              0 |              0 |              0 |              0 |              0 |              0 |              0 |              0 |              0 |              0 |              0 |              0 |              0 |              0 |              0 |              0 |
| FP_ARITH_INST_RETIRED_512B_PACKED_DOUBLE |   PMC3  |    40715852013 |    40670557500 |    39320497500 |    40670557500 |    40670557500 |    40670557500 |    39320497500 |    40670557500 |    40670557500 |    40670557500 |    40670557500 |    39320497500 |    40670557500 |    40670557500 |    40670557500 |    40670557500 |    39320497500 |    40670557500 |    40670557500 |    40670557500 |    39320497500 |    40670557500 |    40670557500 |    40670557500 |    40670557500 |    39320497500 |    40670557500 |    40670557500 |    40670557500 |    39320497500 |    40670557500 |    40670557500 |    40670557500 |    40670557500 |    39320497500 |    40670557500 |    40670557500 |    40670557500 |    40670557500 |    39320497500 |    40670557500 |    40670557500 |    40670557500 |    39320497500 |    40670557500 |    40670557500 |
|               CAS_COUNT_RD               | MBOX0C0 |   152550575941 |              0 |              0 |              0 |              0 |              0 |              0 |              0 |              0 |              0 |              0 |              0 |              0 |              0 |              0 |              0 |              0 |              0 |              0 |              0 |              0 |              0 |              0 |              0 |              0 |              0 |              0 |              0 |              0 |              0 |              0 |              0 |              0 |              0 |              0 |              0 |    74131988754 |              0 |              0 |              0 |              0 |              0 |              0 |              0 |              0 |              0 |
|               CAS_COUNT_WR               | MBOX0C1 |    78534439045 |              0 |              0 |              0 |              0 |              0 |              0 |              0 |              0 |              0 |              0 |              0 |              0 |              0 |              0 |              0 |              0 |              0 |              0 |              0 |              0 |              0 |              0 |              0 |              0 |              0 |              0 |              0 |              0 |              0 |              0 |              0 |              0 |              0 |              0 |              0 |    41656101253 |              0 |              0 |              0 |              0 |              0 |              0 |              0 |              0 |              0 |
|               CAS_COUNT_RD               | MBOX1C0 |   152592052861 |              0 |              0 |              0 |              0 |              0 |              0 |              0 |              0 |              0 |              0 |              0 |              0 |              0 |              0 |              0 |              0 |              0 |              0 |              0 |              0 |              0 |              0 |              0 |              0 |              0 |              0 |              0 |              0 |              0 |              0 |              0 |              0 |              0 |              0 |              0 |    74148011192 |              0 |              0 |              0 |              0 |              0 |              0 |              0 |              0 |              0 |
|               CAS_COUNT_WR               | MBOX1C1 |    78529880961 |              0 |              0 |              0 |              0 |              0 |              0 |              0 |              0 |              0 |              0 |              0 |              0 |              0 |              0 |              0 |              0 |              0 |              0 |              0 |              0 |              0 |              0 |              0 |              0 |              0 |              0 |              0 |              0 |              0 |              0 |              0 |              0 |              0 |              0 |              0 |    41651096039 |              0 |              0 |              0 |              0 |              0 |              0 |              0 |              0 |              0 |
|               CAS_COUNT_RD               | MBOX2C0 |   152601535892 |              0 |              0 |              0 |              0 |              0 |              0 |              0 |              0 |              0 |              0 |              0 |              0 |              0 |              0 |              0 |              0 |              0 |              0 |              0 |              0 |              0 |              0 |              0 |              0 |              0 |              0 |              0 |              0 |              0 |              0 |              0 |              0 |              0 |              0 |              0 |    74108288840 |              0 |              0 |              0 |              0 |              0 |              0 |              0 |              0 |              0 |
|               CAS_COUNT_WR               | MBOX2C1 |    78524399574 |              0 |              0 |              0 |              0 |              0 |              0 |              0 |              0 |              0 |              0 |              0 |              0 |              0 |              0 |              0 |              0 |              0 |              0 |              0 |              0 |              0 |              0 |              0 |              0 |              0 |              0 |              0 |              0 |              0 |              0 |              0 |              0 |              0 |              0 |              0 |    41654338546 |              0 |              0 |              0 |              0 |              0 |              0 |              0 |              0 |              0 |
|               CAS_COUNT_RD               | MBOX3C0 |   152616548645 |              0 |              0 |              0 |              0 |              0 |              0 |              0 |              0 |              0 |              0 |              0 |              0 |              0 |              0 |              0 |              0 |              0 |              0 |              0 |              0 |              0 |              0 |              0 |              0 |              0 |              0 |              0 |              0 |              0 |              0 |              0 |              0 |              0 |              0 |              0 |    74125149235 |              0 |              0 |              0 |              0 |              0 |              0 |              0 |              0 |              0 |
|               CAS_COUNT_WR               | MBOX3C1 |    78538275926 |              0 |              0 |              0 |              0 |              0 |              0 |              0 |              0 |              0 |              0 |              0 |              0 |              0 |              0 |              0 |              0 |              0 |              0 |              0 |              0 |              0 |              0 |              0 |              0 |              0 |              0 |              0 |              0 |              0 |              0 |              0 |              0 |              0 |              0 |              0 |    41644497476 |              0 |              0 |              0 |              0 |              0 |              0 |              0 |              0 |              0 |
|               CAS_COUNT_RD               | MBOX4C0 |   153578574513 |              0 |              0 |              0 |              0 |              0 |              0 |              0 |              0 |              0 |              0 |              0 |              0 |              0 |              0 |              0 |              0 |              0 |              0 |              0 |              0 |              0 |              0 |              0 |              0 |              0 |              0 |              0 |              0 |              0 |              0 |              0 |              0 |              0 |              0 |              0 |       28735498 |              0 |              0 |              0 |              0 |              0 |              0 |              0 |              0 |              0 |
|               CAS_COUNT_WR               | MBOX4C1 |    78481007435 |              0 |              0 |              0 |              0 |              0 |              0 |              0 |              0 |              0 |              0 |              0 |              0 |              0 |              0 |              0 |              0 |              0 |              0 |              0 |              0 |              0 |              0 |              0 |              0 |              0 |              0 |              0 |              0 |              0 |              0 |              0 |              0 |              0 |              0 |              0 |       10852407 |              0 |              0 |              0 |              0 |              0 |              0 |              0 |              0 |              0 |
|               CAS_COUNT_RD               | MBOX5C0 |   153521464112 |              0 |              0 |              0 |              0 |              0 |              0 |              0 |              0 |              0 |              0 |              0 |              0 |              0 |              0 |              0 |              0 |              0 |              0 |              0 |              0 |              0 |              0 |              0 |              0 |              0 |              0 |              0 |              0 |              0 |              0 |              0 |              0 |              0 |              0 |              0 |       28929610 |              0 |              0 |              0 |              0 |              0 |              0 |              0 |              0 |              0 |
|               CAS_COUNT_WR               | MBOX5C1 |    78467601016 |              0 |              0 |              0 |              0 |              0 |              0 |              0 |              0 |              0 |              0 |              0 |              0 |              0 |              0 |              0 |              0 |              0 |              0 |              0 |              0 |              0 |              0 |              0 |              0 |              0 |              0 |              0 |              0 |              0 |              0 |              0 |              0 |              0 |              0 |              0 |       13385447 |              0 |              0 |              0 |              0 |              0 |              0 |              0 |              0 |              0 |
|               CAS_COUNT_RD               | MBOX6C0 |   153513757986 |              0 |              0 |              0 |              0 |              0 |              0 |              0 |              0 |              0 |              0 |              0 |              0 |              0 |              0 |              0 |              0 |              0 |              0 |              0 |              0 |              0 |              0 |              0 |              0 |              0 |              0 |              0 |              0 |              0 |              0 |              0 |              0 |              0 |              0 |              0 |       23938224 |              0 |              0 |              0 |              0 |              0 |              0 |              0 |              0 |              0 |
|               CAS_COUNT_WR               | MBOX6C1 |    78464792309 |              0 |              0 |              0 |              0 |              0 |              0 |              0 |              0 |              0 |              0 |              0 |              0 |              0 |              0 |              0 |              0 |              0 |              0 |              0 |              0 |              0 |              0 |              0 |              0 |              0 |              0 |              0 |              0 |              0 |              0 |              0 |              0 |              0 |              0 |              0 |       11001319 |              0 |              0 |              0 |              0 |              0 |              0 |              0 |              0 |              0 |
|               CAS_COUNT_RD               | MBOX7C0 |   153532623154 |              0 |              0 |              0 |              0 |              0 |              0 |              0 |              0 |              0 |              0 |              0 |              0 |              0 |              0 |              0 |              0 |              0 |              0 |              0 |              0 |              0 |              0 |              0 |              0 |              0 |              0 |              0 |              0 |              0 |              0 |              0 |              0 |              0 |              0 |              0 |       28307744 |              0 |              0 |              0 |              0 |              0 |              0 |              0 |              0 |              0 |
|               CAS_COUNT_WR               | MBOX7C1 |    78460896097 |              0 |              0 |              0 |              0 |              0 |              0 |              0 |              0 |              0 |              0 |              0 |              0 |              0 |              0 |              0 |              0 |              0 |              0 |              0 |              0 |              0 |              0 |              0 |              0 |              0 |              0 |              0 |              0 |              0 |              0 |              0 |              0 |              0 |              0 |              0 |       12680396 |              0 |              0 |              0 |              0 |              0 |              0 |              0 |              0 |              0 |
+------------------------------------------+---------+----------------+----------------+----------------+----------------+----------------+----------------+----------------+----------------+----------------+----------------+----------------+----------------+----------------+----------------+----------------+----------------+----------------+----------------+----------------+----------------+----------------+----------------+----------------+----------------+----------------+----------------+----------------+----------------+----------------+----------------+----------------+----------------+----------------+----------------+----------------+----------------+----------------+----------------+----------------+----------------+----------------+----------------+----------------+----------------+----------------+----------------+

+-----------------------------------------------+---------+-----------------+----------------+----------------+--------------+
|                     Event                     | Counter |       Sum       |       Min      |       Max      |      Avg     |
+-----------------------------------------------+---------+-----------------+----------------+----------------+--------------+
|             INSTR_RETIRED_ANY STAT            |  FIXC0  | 212315697569217 |  3832719450281 |  6148358689573 | 4.615559e+12 |
|           CPU_CLK_UNHALTED_CORE STAT          |  FIXC1  | 117817060082691 |  2557735170929 |  2562186646946 | 2.561240e+12 |
|           CPU_CLK_UNHALTED_REF STAT           |  FIXC2  | 117817025904288 |  2557733445792 |  2562185938752 | 2.561240e+12 |
|               TOPDOWN_SLOTS STAT              |  FIXC3  | 589085300413455 | 12788675854645 | 12810933234730 |      nil     |
|              PWR_PKG_ENERGY STAT              |   PWR0  |     397758.4388 |              0 |    250154.8911 |    8646.9226 |
|              PWR_DRAM_ENERGY STAT             |   PWR3  |      35669.0106 |              0 |     23013.2603 |     775.4133 |
| FP_ARITH_INST_RETIRED_128B_PACKED_DOUBLE STAT |   PMC0  |               0 |              0 |              0 |            0 |
|    FP_ARITH_INST_RETIRED_SCALAR_DOUBLE STAT   |   PMC1  |  65073975010766 |  1409971727459 |  1431498890909 | 1.414652e+12 |
| FP_ARITH_INST_RETIRED_256B_PACKED_DOUBLE STAT |   PMC2  |               0 |              0 |              0 |            0 |
| FP_ARITH_INST_RETIRED_512B_PACKED_DOUBLE STAT |   PMC3  |   1857390339513 |    39320497500 |    40715852013 | 4.037805e+10 |
|               CAS_COUNT_RD STAT               | MBOX0C0 |    226682564695 |              0 |   152550575941 | 4.927882e+09 |
|               CAS_COUNT_WR STAT               | MBOX0C1 |    120190540298 |              0 |    78534439045 | 2.612838e+09 |
|               CAS_COUNT_RD STAT               | MBOX1C0 |    226740064053 |              0 |   152592052861 | 4.929132e+09 |
|               CAS_COUNT_WR STAT               | MBOX1C1 |    120180977000 |              0 |    78529880961 | 2.612630e+09 |
|               CAS_COUNT_RD STAT               | MBOX2C0 |    226709824732 |              0 |   152601535892 | 4.928474e+09 |
|               CAS_COUNT_WR STAT               | MBOX2C1 |    120178738120 |              0 |    78524399574 | 2.612581e+09 |
|               CAS_COUNT_RD STAT               | MBOX3C0 |    226741697880 |              0 |   152616548645 | 4.929167e+09 |
|               CAS_COUNT_WR STAT               | MBOX3C1 |    120182773402 |              0 |    78538275926 |   2612668987 |
|               CAS_COUNT_RD STAT               | MBOX4C0 |    153607310011 |              0 |   153578574513 | 3.339289e+09 |
|               CAS_COUNT_WR STAT               | MBOX4C1 |     78491859842 |              0 |    78481007435 | 1.706345e+09 |
|               CAS_COUNT_RD STAT               | MBOX5C0 |    153550393722 |              0 |   153521464112 | 3.338052e+09 |
|               CAS_COUNT_WR STAT               | MBOX5C1 |     78480986463 |              0 |    78467601016 | 1.706108e+09 |
|               CAS_COUNT_RD STAT               | MBOX6C0 |    153537696210 |              0 |   153513757986 | 3.337776e+09 |
|               CAS_COUNT_WR STAT               | MBOX6C1 |     78475793628 |              0 |    78464792309 | 1.705996e+09 |
|               CAS_COUNT_RD STAT               | MBOX7C0 |    153560930898 |              0 |   153532623154 | 3.338281e+09 |
|               CAS_COUNT_WR STAT               | MBOX7C1 |     78473576493 |              0 |    78460896097 | 1.705947e+09 |
+-----------------------------------------------+---------+-----------------+----------------+----------------+--------------+

+-----------------------------------+-------------+-----------+-----------+-----------+-----------+-----------+-----------+-----------+-----------+-----------+-------------+-------------+-------------+-------------+-------------+-------------+-------------+-------------+-------------+-------------+-------------+-------------+-------------+-------------+-------------+-------------+-------------+-------------+-------------+-------------+-------------+-------------+-------------+-------------+-------------+-------------+-------------+-------------+-------------+-------------+-------------+-------------+-------------+-------------+-------------+-------------+
|               Metric              |  f0314:0:0  | f0314:1:1 | f0314:2:2 | f0314:3:3 | f0314:4:4 | f0314:5:5 | f0314:6:6 | f0314:7:7 | f0314:8:8 | f0314:9:9 | f0314:10:10 | f0314:11:11 | f0314:12:12 | f0314:13:13 | f0314:14:14 | f0314:15:15 | f0314:16:16 | f0314:17:17 | f0314:18:18 | f0314:19:19 | f0314:20:20 | f0314:21:21 | f0314:22:22 | f0314:23:23 | f0314:24:24 | f0314:25:25 | f0314:26:26 | f0314:27:27 | f0314:28:28 | f0314:29:29 | f0314:30:30 | f0314:31:31 | f0314:32:32 | f0314:33:33 | f0314:34:34 | f0314:35:35 | f0314:36:36 | f0314:37:37 | f0314:38:38 | f0314:39:39 | f0314:40:40 | f0314:41:41 | f0314:42:42 | f0314:43:43 | f0314:44:44 | f0314:45:45 |
+-----------------------------------+-------------+-----------+-----------+-----------+-----------+-----------+-----------+-----------+-----------+-----------+-------------+-------------+-------------+-------------+-------------+-------------+-------------+-------------+-------------+-------------+-------------+-------------+-------------+-------------+-------------+-------------+-------------+-------------+-------------+-------------+-------------+-------------+-------------+-------------+-------------+-------------+-------------+-------------+-------------+-------------+-------------+-------------+-------------+-------------+-------------+-------------+
|        Runtime (RDTSC) [s]        |   1075.1350 | 1074.7870 | 1074.9640 |      1075 | 1074.8270 | 1074.7710 | 1074.7770 | 1074.9590 | 1074.9780 | 1074.7870 |   1075.1040 |   1074.7660 |   1074.7890 |   1074.8890 |   1074.7840 |   1074.7800 |   1074.7710 |   1074.7750 |   1075.2930 |   1075.1440 |   1074.7980 |   1074.8340 |   1074.8900 |   1075.1760 |   1074.7630 |   1075.2110 |   1074.7610 |   1075.0970 |   1074.7830 |   1074.7610 |   1075.1130 |   1074.7620 |   1074.7760 |   1074.9940 |   1074.9800 |   1074.7850 |   1074.7970 |   1075.2750 |   1074.9180 |   1074.8270 |   1074.7990 |   1074.9170 |   1074.7740 |   1074.8060 |   1075.2450 |   1074.9140 |
|        Runtime unhalted [s]       |   1069.1292 | 1069.6824 | 1069.7542 | 1069.8842 | 1069.5724 | 1069.4663 | 1069.5020 | 1069.7252 | 1069.6135 | 1069.5603 |   1069.6630 |   1069.6025 |   1069.7112 |   1069.7798 |   1069.7451 |   1069.8107 |   1069.7929 |   1069.8176 |   1069.8369 |   1069.9656 |   1069.7922 |   1069.7473 |   1069.8177 |   1069.8431 |   1069.7748 |   1069.7370 |   1069.6617 |   1068.5757 |   1069.7134 |   1069.6195 |   1070.0168 |   1069.9078 |   1069.6621 |   1069.8190 |   1069.7375 |   1069.6631 |   1069.9046 |   1070.1778 |   1070.1096 |   1070.1069 |   1069.8907 |   1069.9827 |   1070.0476 |   1069.9779 |   1070.0415 |   1069.9507 |
|            Clock [MHz]            |   2394.3258 | 2394.3235 | 2393.9062 | 2393.9885 | 2394.2667 | 2394.3253 | 2394.3233 | 2393.9929 | 2394.2720 | 2394.3224 |   2394.3256 |   2394.3215 |   2394.3258 |   2394.0647 |   2394.3261 |   2394.3213 |   2394.3245 |   2394.3261 |   2394.3215 |   2393.5864 |   2394.3226 |   2394.3111 |   2394.2380 |   2394.0709 |   2394.3239 |   2394.2131 |   2394.3245 |   2393.5944 |   2394.3259 |   2394.3244 |   2393.5697 |   2394.3240 |   2394.3232 |   2394.3256 |   2394.3081 |   2394.3252 |   2394.3226 |   2394.1502 |   2394.3224 |   2394.2014 |   2394.3271 |   2394.3258 |   2394.3225 |   2394.3261 |   2394.3273 |   2394.1454 |
|                CPI                |      0.5601 |    0.5796 |    0.5791 |    0.5749 |    0.5688 |    0.5789 |    0.5791 |    0.5713 |    0.5670 |    0.5714 |      0.5731 |      0.5814 |      0.5865 |      0.5869 |      0.5732 |      0.5771 |      0.5811 |      0.5884 |      0.6647 |      0.6655 |      0.6657 |      0.6571 |      0.6537 |      0.6558 |      0.6585 |      0.6682 |      0.6519 |      0.6446 |      0.6140 |      0.6327 |      0.6346 |      0.6478 |      0.6302 |      0.6231 |      0.6480 |      0.6369 |      0.4213 |      0.4175 |      0.4188 |      0.4209 |      0.4194 |      0.4167 |      0.4168 |      0.4200 |      0.4170 |      0.4249 |
|             Energy [J]            | 250154.8911 |         0 |         0 |         0 |         0 |         0 |         0 |         0 |         0 |         0 |           0 |           0 |           0 |           0 |           0 |           0 |           0 |           0 |           0 |           0 |           0 |           0 |           0 |           0 |           0 |           0 |           0 |           0 |           0 |           0 |           0 |           0 |           0 |           0 |           0 |           0 | 147603.5477 |           0 |           0 |           0 |           0 |           0 |           0 |           0 |           0 |           0 |
|             Power [W]             |    232.6730 |         0 |         0 |         0 |         0 |         0 |         0 |         0 |         0 |         0 |           0 |           0 |           0 |           0 |           0 |           0 |           0 |           0 |           0 |           0 |           0 |           0 |           0 |           0 |           0 |           0 |           0 |           0 |           0 |           0 |           0 |           0 |           0 |           0 |           0 |           0 |    137.3316 |           0 |           0 |           0 |           0 |           0 |           0 |           0 |           0 |           0 |
|          Energy DRAM [J]          |  23013.2603 |         0 |         0 |         0 |         0 |         0 |         0 |         0 |         0 |         0 |           0 |           0 |           0 |           0 |           0 |           0 |           0 |           0 |           0 |           0 |           0 |           0 |           0 |           0 |           0 |           0 |           0 |           0 |           0 |           0 |           0 |           0 |           0 |           0 |           0 |           0 |  12655.7503 |           0 |           0 |           0 |           0 |           0 |           0 |           0 |           0 |           0 |
|           Power DRAM [W]          |     21.4050 |         0 |         0 |         0 |         0 |         0 |         0 |         0 |         0 |         0 |           0 |           0 |           0 |           0 |           0 |           0 |           0 |           0 |           0 |           0 |           0 |           0 |           0 |           0 |           0 |           0 |           0 |           0 |           0 |           0 |           0 |           0 |           0 |           0 |           0 |           0 |     11.7750 |           0 |           0 |           0 |           0 |           0 |           0 |           0 |           0 |           0 |
|            DP [MFLOP/s]           |   1614.4014 | 1614.5864 | 1624.2989 | 1614.2665 | 1614.5263 | 1614.6104 | 1624.5815 | 1614.3280 | 1614.2995 | 1614.5864 |   1614.1103 |   1624.5981 |   1614.5833 |   1614.4331 |   1614.5908 |   1614.5968 |   1624.5905 |   1614.6043 |   1613.8265 |   1614.0501 |   1624.5496 |   1614.5156 |   1614.4315 |   1614.0021 |   1614.6223 |   1623.9256 |   1614.6253 |   1614.1206 |   1614.5922 |   1624.6055 |   1614.0966 |   1614.6237 |   1614.6027 |   1614.2753 |   1624.2745 |   1614.5892 |   1614.5712 |   1613.8534 |   1614.3894 |   1624.5057 |   1614.5681 |   1614.3909 |   1614.6057 |   1624.5375 |   1613.8984 |   1614.3954 |
|          AVX DP [MFLOP/s]         |    302.9636 |  302.7246 |  292.6275 |  302.6646 |  302.7133 |  302.7291 |  292.6784 |  302.6762 |  302.6708 |  302.7246 |    302.6353 |    292.6814 |    302.7240 |    302.6959 |    302.7254 |    302.7266 |    292.6800 |    302.7280 |    302.5821 |    302.6241 |    292.6727 |    302.7114 |    302.6956 |    302.6151 |    302.7314 |    292.5602 |    302.7319 |    302.6373 |    302.7257 |    292.6827 |    302.6328 |    302.7316 |    302.7277 |    302.6663 |    292.6231 |    302.7252 |    302.7218 |    302.5872 |    302.6877 |    292.6648 |    302.7212 |    302.6880 |    302.7283 |    292.6705 |    302.5957 |    302.6888 |
|          Packed [MUOPS/s]         |     37.8705 |   37.8406 |   36.5784 |   37.8331 |   37.8392 |   37.8411 |   36.5848 |   37.8345 |   37.8339 |   37.8406 |     37.8294 |     36.5852 |     37.8405 |     37.8370 |     37.8407 |     37.8408 |     36.5850 |     37.8410 |     37.8228 |     37.8280 |     36.5841 |     37.8389 |     37.8369 |     37.8269 |     37.8414 |     36.5700 |     37.8415 |     37.8297 |     37.8407 |     36.5853 |     37.8291 |     37.8415 |     37.8410 |     37.8333 |     36.5779 |     37.8406 |     37.8402 |     37.8234 |     37.8360 |     36.5831 |     37.8402 |     37.8360 |     37.8410 |     36.5838 |     37.8245 |     37.8361 |
|          Scalar [MUOPS/s]         |   1311.4377 | 1311.8618 | 1331.6715 | 1311.6019 | 1311.8129 | 1311.8813 | 1331.9031 | 1311.6519 | 1311.6287 | 1311.8618 |   1311.4749 |   1331.9167 |   1311.8593 |   1311.7372 |   1311.8654 |   1311.8703 |   1331.9105 |   1311.8764 |   1311.2444 |   1311.4261 |   1331.8770 |   1311.8043 |   1311.7359 |   1311.3870 |   1311.8909 |   1331.3654 |   1311.8933 |   1311.4833 |   1311.8665 |   1331.9228 |   1311.4638 |   1311.8921 |   1311.8750 |   1311.6090 |   1331.6514 |   1311.8641 |   1311.8494 |   1311.2662 |   1311.7017 |   1331.8409 |   1311.8469 |   1311.7029 |   1311.8774 |   1331.8670 |   1311.3028 |   1311.7065 |
|  Memory read bandwidth [MBytes/s] |  72891.7359 |         0 |         0 |         0 |         0 |         0 |         0 |         0 |         0 |         0 |           0 |           0 |           0 |           0 |           0 |           0 |           0 |           0 |           0 |           0 |           0 |           0 |           0 |           0 |           0 |           0 |           0 |           0 |           0 |           0 |           0 |           0 |           0 |           0 |           0 |           0 |  17662.7720 |           0 |           0 |           0 |           0 |           0 |           0 |           0 |           0 |           0 |
|  Memory read data volume [GBytes] |  78368.4565 |         0 |         0 |         0 |         0 |         0 |         0 |         0 |         0 |         0 |           0 |           0 |           0 |           0 |           0 |           0 |           0 |           0 |           0 |           0 |           0 |           0 |           0 |           0 |           0 |           0 |           0 |           0 |           0 |           0 |           0 |           0 |           0 |           0 |           0 |           0 |  18983.8943 |           0 |           0 |           0 |           0 |           0 |           0 |           0 |           0 |           0 |
| Memory write bandwidth [MBytes/s] |  37383.2893 |         0 |         0 |         0 |         0 |         0 |         0 |         0 |         0 |         0 |           0 |           0 |           0 |           0 |           0 |           0 |           0 |           0 |           0 |           0 |           0 |           0 |           0 |           0 |           0 |           0 |           0 |           0 |           0 |           0 |           0 |           0 |           0 |           0 |           0 |           0 |   9923.5977 |           0 |           0 |           0 |           0 |           0 |           0 |           0 |           0 |           0 |
| Memory write data volume [GBytes] |  40192.0827 |         0 |         0 |         0 |         0 |         0 |         0 |         0 |         0 |         0 |           0 |           0 |           0 |           0 |           0 |           0 |           0 |           0 |           0 |           0 |           0 |           0 |           0 |           0 |           0 |           0 |           0 |           0 |           0 |           0 |           0 |           0 |           0 |           0 |           0 |           0 |  10665.8530 |           0 |           0 |           0 |           0 |           0 |           0 |           0 |           0 |           0 |
|    Memory bandwidth [MBytes/s]    | 110275.0252 |         0 |         0 |         0 |         0 |         0 |         0 |         0 |         0 |         0 |           0 |           0 |           0 |           0 |           0 |           0 |           0 |           0 |           0 |           0 |           0 |           0 |           0 |           0 |           0 |           0 |           0 |           0 |           0 |           0 |           0 |           0 |           0 |           0 |           0 |           0 |  27586.3696 |           0 |           0 |           0 |           0 |           0 |           0 |           0 |           0 |           0 |
|    Memory data volume [GBytes]    | 118560.5392 |         0 |         0 |         0 |         0 |         0 |         0 |         0 |         0 |         0 |           0 |           0 |           0 |           0 |           0 |           0 |           0 |           0 |           0 |           0 |           0 |           0 |           0 |           0 |           0 |           0 |           0 |           0 |           0 |           0 |           0 |           0 |           0 |           0 |           0 |           0 |  29649.7473 |           0 |           0 |           0 |           0 |           0 |           0 |           0 |           0 |           0 |
|       Operational intensity       |      0.0146 |         0 |         0 |         0 |         0 |         0 |         0 |         0 |         0 |         0 |           0 |           0 |           0 |           0 |           0 |           0 |           0 |           0 |           0 |           0 |           0 |           0 |           0 |           0 |           0 |           0 |           0 |           0 |           0 |           0 |           0 |           0 |           0 |           0 |           0 |           0 |      0.0585 |           0 |           0 |           0 |           0 |           0 |           0 |           0 |           0 |           0 |
+-----------------------------------+-------------+-----------+-----------+-----------+-----------+-----------+-----------+-----------+-----------+-----------+-------------+-------------+-------------+-------------+-------------+-------------+-------------+-------------+-------------+-------------+-------------+-------------+-------------+-------------+-------------+-------------+-------------+-------------+-------------+-------------+-------------+-------------+-------------+-------------+-------------+-------------+-------------+-------------+-------------+-------------+-------------+-------------+-------------+-------------+-------------+-------------+

+----------------------------------------+-------------+-----------+-------------+-----------+-----------+-----------+-----------+
|                 Metric                 |     Sum     |    Min    |     Max     |    Avg    |  %ile 25  |  %ile 50  |  %ile 75  |
+----------------------------------------+-------------+-----------+-------------+-----------+-----------+-----------+-----------+
|        Runtime (RDTSC) [s] STAT        |  49445.8360 | 1074.7610 |   1075.2930 | 1074.9095 | 1074.7800 | 1074.8270 | 1074.9940 |
|        Runtime unhalted [s] STAT       |  49208.8937 | 1068.5757 |   1070.1778 | 1069.7586 | 1069.6630 | 1069.7748 | 1069.9046 |
|            Clock [MHz] STAT            | 110134.2855 | 2393.5697 |   2394.3273 | 2394.2236 | 2394.2131 | 2394.3225 | 2394.3253 |
|                CPI STAT                |     26.2242 |    0.4167 |      0.6682 |    0.5701 |    0.5670 |    0.5796 |    0.6446 |
|             Energy [J] STAT            | 397758.4388 |         0 | 250154.8911 | 8646.9226 |         0 |         0 |         0 |
|             Power [W] STAT             |    370.0046 |         0 |    232.6730 |    8.0436 |         0 |         0 |         0 |
|          Energy DRAM [J] STAT          |  35669.0106 |         0 |  23013.2603 |  775.4133 |         0 |         0 |         0 |
|           Power DRAM [W] STAT          |     33.1800 |         0 |     21.4050 |    0.7213 |         0 |         0 |         0 |
|            DP [MFLOP/s] STAT           |  74362.6371 | 1613.8265 |   1624.6055 | 1616.5791 | 1614.3280 | 1614.5833 | 1614.6237 |
|          AVX DP [MFLOP/s] STAT         |  13823.6002 |  292.5602 |    302.9636 |  300.5130 |  302.5872 |  302.6877 |  302.7252 |
|          Packed [MUOPS/s] STAT         |   1727.9502 |   36.5700 |     37.8705 |   37.5641 |   37.8234 |   37.8360 |   37.8406 |
|          Scalar [MUOPS/s] STAT         |  60539.0373 | 1311.2444 |   1331.9228 | 1316.0660 | 1311.6287 | 1311.8593 | 1311.8921 |
|  Memory read bandwidth [MBytes/s] STAT |  90554.5079 |         0 |  72891.7359 | 1968.5763 |         0 |         0 |         0 |
|  Memory read data volume [GBytes] STAT |  97352.3508 |         0 |  78368.4565 | 2116.3555 |         0 |         0 |         0 |
| Memory write bandwidth [MBytes/s] STAT |  47306.8870 |         0 |  37383.2893 | 1028.4106 |         0 |         0 |         0 |
| Memory write data volume [GBytes] STAT |  50857.9357 |         0 |  40192.0827 | 1105.6073 |         0 |         0 |         0 |
|    Memory bandwidth [MBytes/s] STAT    | 137861.3948 |         0 | 110275.0252 | 2996.9868 |         0 |         0 |         0 |
|    Memory data volume [GBytes] STAT    | 148210.2865 |         0 | 118560.5392 | 3221.9627 |         0 |         0 |         0 |
|       Operational intensity STAT       |      0.0731 |         0 |      0.0585 |    0.0016 |         0 |         0 |         0 |
+----------------------------------------+-------------+-----------+-------------+-----------+-----------+-----------+-----------+

