WARN: Cannot extract OpenMP vendor from executable or commandline, assuming no OpenMP
 nx_glob, nz_glob:                  3000                  1250
 dx,dz:    8.00000000000000        8.00000000000000     
 dt:   2.666666666666666E-002
Group: 1
+------------------------------------------+---------+----------------+----------------+----------------+----------------+----------------+----------------+----------------+----------------+----------------+----------------+----------------+----------------+----------------+----------------+----------------+----------------+----------------+----------------+----------------+----------------+----------------+----------------+----------------+----------------+----------------+----------------+----------------+----------------+----------------+----------------+----------------+----------------+----------------+----------------+----------------+----------------+----------------+----------------+----------------+----------------+----------------+----------------+----------------+----------------+----------------+----------------+----------------+
|                   Event                  | Counter |    f0314:0:0   |    f0314:1:1   |    f0314:2:2   |    f0314:3:3   |    f0314:4:4   |    f0314:5:5   |    f0314:6:6   |    f0314:7:7   |    f0314:8:8   |    f0314:9:9   |   f0314:10:10  |   f0314:11:11  |   f0314:12:12  |   f0314:13:13  |   f0314:14:14  |   f0314:15:15  |   f0314:16:16  |   f0314:17:17  |   f0314:18:18  |   f0314:19:19  |   f0314:20:20  |   f0314:21:21  |   f0314:22:22  |   f0314:23:23  |   f0314:24:24  |   f0314:25:25  |   f0314:26:26  |   f0314:27:27  |   f0314:28:28  |   f0314:29:29  |   f0314:30:30  |   f0314:31:31  |   f0314:32:32  |   f0314:33:33  |   f0314:34:34  |   f0314:35:35  |   f0314:36:36  |   f0314:37:37  |   f0314:38:38  |   f0314:39:39  |   f0314:40:40  |   f0314:41:41  |   f0314:42:42  |   f0314:43:43  |   f0314:44:44  |   f0314:45:45  |   f0314:46:46  |
+------------------------------------------+---------+----------------+----------------+----------------+----------------+----------------+----------------+----------------+----------------+----------------+----------------+----------------+----------------+----------------+----------------+----------------+----------------+----------------+----------------+----------------+----------------+----------------+----------------+----------------+----------------+----------------+----------------+----------------+----------------+----------------+----------------+----------------+----------------+----------------+----------------+----------------+----------------+----------------+----------------+----------------+----------------+----------------+----------------+----------------+----------------+----------------+----------------+----------------+
|             INSTR_RETIRED_ANY            |  FIXC0  |  5192535209889 |  5185732391242 |  5222290982812 |  5187404334947 |  5238376406728 |  5238396656892 |  5260318502232 |  5269582197348 |  5127411723786 |  5230710155092 |  5322684033737 |  5348380568871 |  5187188297612 |  5196994466869 |  5262983486715 |  5275032277483 |  5203680659060 |  5207469989924 |  3132962952964 |  3145982438721 |  3739414386961 |  2958899681895 |  2970409493654 |  2982314171593 |  2951765712380 |  2964066415115 |  3481592235693 |  3167900253319 |  2995488167125 |  3095658297537 |  2950546279897 |  3004868257609 |  3257059877704 |  2951339791743 |  2962324182235 |  3007028431793 |  5942091442653 |  5961576226462 |  6003700933869 |  5976524566200 |  5894957432768 |  6005885162184 |  5993876176621 |  6014243170000 |  6034268669416 |  5965895475976 |  5920137538624 |
|           CPU_CLK_UNHALTED_CORE          |  FIXC1  |  2521811330168 |  2522821001242 |  2522517132050 |  2522916633139 |  2522831382856 |  2522454773713 |  2522752719856 |  2522846304665 |  2522634192655 |  2522851210601 |  2522707020796 |  2522629109798 |  2520854012174 |  2522727893235 |  2522806634433 |  2522928625950 |  2523061716436 |  2523440038942 |  2522639957477 |  2522078656181 |  2522235225918 |  2522395887211 |  2522139744690 |  2522436599301 |  2520982739122 |  2522050018570 |  2522422964414 |  2520691849172 |  2522014717830 |  2521799009050 |  2522513455816 |  2522898102572 |  2521861445996 |  2522606742808 |  2522659311658 |  2522168874745 |  2523729360323 |  2523381597833 |  2523577949251 |  2523333782739 |  2523531109978 |  2523326494088 |  2523544133591 |  2523500475037 |  2523667420075 |  2523537542921 |  2523627061543 |
|           CPU_CLK_UNHALTED_REF           |  FIXC2  |  2521811522496 |  2522819308320 |  2522517019392 |  2522914619040 |  2522830807488 |  2522453349024 |  2522751688512 |  2522845939872 |  2522634141600 |  2522851482048 |  2522707243488 |  2522629262304 |  2520852449376 |  2522727284640 |  2522804167008 |  2522928402912 |  2523061288224 |  2523440698272 |  2522642525856 |  2522079921408 |  2522234876160 |  2522396479008 |  2522141133024 |  2522436132576 |  2520984109248 |  2522051485728 |  2522424456960 |  2520690977664 |  2522015550336 |  2521800835008 |  2522514754848 |  2522898973056 |  2521862843904 |  2522610021408 |  2522661418368 |  2522170648416 |  2523730981536 |  2523381986976 |  2523579643392 |  2523335770944 |  2523532241472 |  2523326947200 |  2523545337120 |  2523501147072 |  2523669954144 |  2523537466080 |  2523624630432 |
|               TOPDOWN_SLOTS              |  FIXC3  | 12609056650840 | 12614105006210 | 12612585660250 | 12614583165695 | 12614156914280 | 12612273868565 | 12613763599280 | 12614231523325 | 12613170963275 | 12614256053005 | 12613535103980 | 12613145548990 | 12604270060870 | 12613639466175 | 12614033172165 | 12614643129750 | 12615308582180 | 12617200194710 | 12613199787385 | 12610393280905 | 12611176129590 | 12611979436055 | 12610698723450 | 12612182996505 | 12604913695610 | 12610250092850 | 12612114822070 | 12603459245860 | 12610073589150 | 12608995045250 | 12612567279080 | 12614490512860 | 12609307229980 | 12613033714040 | 12613296558290 | 12610844373725 | 12618646801615 | 12616907989165 | 12617889746255 | 12616668913695 | 12617655549890 | 12616632470440 | 12617720667955 | 12617502375185 | 12618337100375 | 12617687714605 | 12618135307715 |
|              PWR_PKG_ENERGY              |   PWR0  |    246187.2230 |              0 |              0 |              0 |              0 |              0 |              0 |              0 |              0 |              0 |              0 |              0 |              0 |              0 |              0 |              0 |              0 |              0 |              0 |              0 |              0 |              0 |              0 |              0 |              0 |              0 |              0 |              0 |              0 |              0 |              0 |              0 |              0 |              0 |              0 |              0 |    149964.3695 |              0 |              0 |              0 |              0 |              0 |              0 |              0 |              0 |              0 |              0 |
|              PWR_DRAM_ENERGY             |   PWR3  |     22622.6542 |              0 |              0 |              0 |              0 |              0 |              0 |              0 |              0 |              0 |              0 |              0 |              0 |              0 |              0 |              0 |              0 |              0 |              0 |              0 |              0 |              0 |              0 |              0 |              0 |              0 |              0 |              0 |              0 |              0 |              0 |              0 |              0 |              0 |              0 |              0 |     12868.5053 |              0 |              0 |              0 |              0 |              0 |              0 |              0 |              0 |              0 |              0 |
| FP_ARITH_INST_RETIRED_128B_PACKED_DOUBLE |   PMC0  |              0 |              0 |              0 |              0 |              0 |              0 |              0 |              0 |              0 |              0 |              0 |              0 |              0 |              0 |              0 |              0 |              0 |              0 |              0 |              0 |              0 |              0 |              0 |              0 |              0 |              0 |              0 |              0 |              0 |              0 |              0 |              0 |              0 |              0 |              0 |              0 |              0 |              0 |              0 |              0 |              0 |              0 |              0 |              0 |              0 |              0 |              0 |
|    FP_ARITH_INST_RETIRED_SCALAR_DOUBLE   |   PMC1  |  1388445755934 |  1388445152593 |  1366918282540 |  1388445124052 |  1388445057487 |  1388445078270 |  1388445115220 |  1388445083210 |  1366918188787 |  1388445106015 |  1388445095559 |  1388445080898 |  1388445015382 |  1388445088875 |  1366918208656 |  1388445039915 |  1388445059283 |  1388444990724 |  1388444999672 |  1388444999361 |  1366918089512 |  1388444977729 |  1388444975540 |  1388445026198 |  1388444997536 |  1388444936218 |  1366918057031 |  1388444960973 |  1388444942119 |  1388444918473 |  1388444914608 |  1388444905679 |  1366918015173 |  1388444924354 |  1388444952343 |  1388444967940 |  1388444882176 |  1388444912778 |  1366918048657 |  1388444870560 |  1388444841715 |  1388444903542 |  1388444887318 |  1388444828970 |  1366917992385 |  1388444811153 |  1388444856437 |
| FP_ARITH_INST_RETIRED_256B_PACKED_DOUBLE |   PMC2  |              0 |              0 |              0 |              0 |              0 |              0 |              0 |              0 |              0 |              0 |              0 |              0 |              0 |              0 |              0 |              0 |              0 |              0 |              0 |              0 |              0 |              0 |              0 |              0 |              0 |              0 |              0 |              0 |              0 |              0 |              0 |              0 |              0 |              0 |              0 |              0 |              0 |              0 |              0 |              0 |              0 |              0 |              0 |              0 |              0 |              0 |              0 |
| FP_ARITH_INST_RETIRED_512B_PACKED_DOUBLE |   PMC3  |    42065912013 |    42020617500 |    40628300622 |    42020617500 |    42020617500 |    42020617500 |    42020617500 |    42020617500 |    40628300622 |    42020617500 |    42020617500 |    42020617500 |    42020617500 |    42020617500 |    40628300622 |    42020617500 |    42020617500 |    42020617500 |    42020617500 |    42020617500 |    40628300622 |    42020617500 |    42020617500 |    42020617500 |    42020617500 |    42020617500 |    40628300622 |    42020617500 |    42020617500 |    42020617500 |    42020617500 |    42020617500 |    40628300622 |    42020617500 |    42020617500 |    42020617500 |    42020617500 |    42020617500 |    40628300622 |    42020617500 |    42020617500 |    42020617500 |    42020617500 |    42020617500 |    40628300622 |    42020617500 |    42020617500 |
|               CAS_COUNT_RD               | MBOX0C0 |   148893846874 |              0 |              0 |              0 |              0 |              0 |              0 |              0 |              0 |              0 |              0 |              0 |              0 |              0 |              0 |              0 |              0 |              0 |              0 |              0 |              0 |              0 |              0 |              0 |              0 |              0 |              0 |              0 |              0 |              0 |              0 |              0 |              0 |              0 |              0 |              0 |    82342445976 |              0 |              0 |              0 |              0 |              0 |              0 |              0 |              0 |              0 |              0 |
|               CAS_COUNT_WR               | MBOX0C1 |    76985348482 |              0 |              0 |              0 |              0 |              0 |              0 |              0 |              0 |              0 |              0 |              0 |              0 |              0 |              0 |              0 |              0 |              0 |              0 |              0 |              0 |              0 |              0 |              0 |              0 |              0 |              0 |              0 |              0 |              0 |              0 |              0 |              0 |              0 |              0 |              0 |    45491185578 |              0 |              0 |              0 |              0 |              0 |              0 |              0 |              0 |              0 |              0 |
|               CAS_COUNT_RD               | MBOX1C0 |   148951859109 |              0 |              0 |              0 |              0 |              0 |              0 |              0 |              0 |              0 |              0 |              0 |              0 |              0 |              0 |              0 |              0 |              0 |              0 |              0 |              0 |              0 |              0 |              0 |              0 |              0 |              0 |              0 |              0 |              0 |              0 |              0 |              0 |              0 |              0 |              0 |    82342458761 |              0 |              0 |              0 |              0 |              0 |              0 |              0 |              0 |              0 |              0 |
|               CAS_COUNT_WR               | MBOX1C1 |    76977790571 |              0 |              0 |              0 |              0 |              0 |              0 |              0 |              0 |              0 |              0 |              0 |              0 |              0 |              0 |              0 |              0 |              0 |              0 |              0 |              0 |              0 |              0 |              0 |              0 |              0 |              0 |              0 |              0 |              0 |              0 |              0 |              0 |              0 |              0 |              0 |    45488049911 |              0 |              0 |              0 |              0 |              0 |              0 |              0 |              0 |              0 |              0 |
|               CAS_COUNT_RD               | MBOX2C0 |   148970122451 |              0 |              0 |              0 |              0 |              0 |              0 |              0 |              0 |              0 |              0 |              0 |              0 |              0 |              0 |              0 |              0 |              0 |              0 |              0 |              0 |              0 |              0 |              0 |              0 |              0 |              0 |              0 |              0 |              0 |              0 |              0 |              0 |              0 |              0 |              0 |    82347423248 |              0 |              0 |              0 |              0 |              0 |              0 |              0 |              0 |              0 |              0 |
|               CAS_COUNT_WR               | MBOX2C1 |    76974264299 |              0 |              0 |              0 |              0 |              0 |              0 |              0 |              0 |              0 |              0 |              0 |              0 |              0 |              0 |              0 |              0 |              0 |              0 |              0 |              0 |              0 |              0 |              0 |              0 |              0 |              0 |              0 |              0 |              0 |              0 |              0 |              0 |              0 |              0 |              0 |    45496734266 |              0 |              0 |              0 |              0 |              0 |              0 |              0 |              0 |              0 |              0 |
|               CAS_COUNT_RD               | MBOX3C0 |   148945305633 |              0 |              0 |              0 |              0 |              0 |              0 |              0 |              0 |              0 |              0 |              0 |              0 |              0 |              0 |              0 |              0 |              0 |              0 |              0 |              0 |              0 |              0 |              0 |              0 |              0 |              0 |              0 |              0 |              0 |              0 |              0 |              0 |              0 |              0 |              0 |    82377429540 |              0 |              0 |              0 |              0 |              0 |              0 |              0 |              0 |              0 |              0 |
|               CAS_COUNT_WR               | MBOX3C1 |    76975612597 |              0 |              0 |              0 |              0 |              0 |              0 |              0 |              0 |              0 |              0 |              0 |              0 |              0 |              0 |              0 |              0 |              0 |              0 |              0 |              0 |              0 |              0 |              0 |              0 |              0 |              0 |              0 |              0 |              0 |              0 |              0 |              0 |              0 |              0 |              0 |    45488451131 |              0 |              0 |              0 |              0 |              0 |              0 |              0 |              0 |              0 |              0 |
|               CAS_COUNT_RD               | MBOX4C0 |   151184529132 |              0 |              0 |              0 |              0 |              0 |              0 |              0 |              0 |              0 |              0 |              0 |              0 |              0 |              0 |              0 |              0 |              0 |              0 |              0 |              0 |              0 |              0 |              0 |              0 |              0 |              0 |              0 |              0 |              0 |              0 |              0 |              0 |              0 |              0 |              0 |       24205891 |              0 |              0 |              0 |              0 |              0 |              0 |              0 |              0 |              0 |              0 |
|               CAS_COUNT_WR               | MBOX4C1 |    76921902964 |              0 |              0 |              0 |              0 |              0 |              0 |              0 |              0 |              0 |              0 |              0 |              0 |              0 |              0 |              0 |              0 |              0 |              0 |              0 |              0 |              0 |              0 |              0 |              0 |              0 |              0 |              0 |              0 |              0 |              0 |              0 |              0 |              0 |              0 |              0 |       10676133 |              0 |              0 |              0 |              0 |              0 |              0 |              0 |              0 |              0 |              0 |
|               CAS_COUNT_RD               | MBOX5C0 |   151172222371 |              0 |              0 |              0 |              0 |              0 |              0 |              0 |              0 |              0 |              0 |              0 |              0 |              0 |              0 |              0 |              0 |              0 |              0 |              0 |              0 |              0 |              0 |              0 |              0 |              0 |              0 |              0 |              0 |              0 |              0 |              0 |              0 |              0 |              0 |              0 |       25850592 |              0 |              0 |              0 |              0 |              0 |              0 |              0 |              0 |              0 |              0 |
|               CAS_COUNT_WR               | MBOX5C1 |    76917077670 |              0 |              0 |              0 |              0 |              0 |              0 |              0 |              0 |              0 |              0 |              0 |              0 |              0 |              0 |              0 |              0 |              0 |              0 |              0 |              0 |              0 |              0 |              0 |              0 |              0 |              0 |              0 |              0 |              0 |              0 |              0 |              0 |              0 |              0 |              0 |       13154431 |              0 |              0 |              0 |              0 |              0 |              0 |              0 |              0 |              0 |              0 |
|               CAS_COUNT_RD               | MBOX6C0 |   151169562593 |              0 |              0 |              0 |              0 |              0 |              0 |              0 |              0 |              0 |              0 |              0 |              0 |              0 |              0 |              0 |              0 |              0 |              0 |              0 |              0 |              0 |              0 |              0 |              0 |              0 |              0 |              0 |              0 |              0 |              0 |              0 |              0 |              0 |              0 |              0 |       24125329 |              0 |              0 |              0 |              0 |              0 |              0 |              0 |              0 |              0 |              0 |
|               CAS_COUNT_WR               | MBOX6C1 |    76917444454 |              0 |              0 |              0 |              0 |              0 |              0 |              0 |              0 |              0 |              0 |              0 |              0 |              0 |              0 |              0 |              0 |              0 |              0 |              0 |              0 |              0 |              0 |              0 |              0 |              0 |              0 |              0 |              0 |              0 |              0 |              0 |              0 |              0 |              0 |              0 |       11855817 |              0 |              0 |              0 |              0 |              0 |              0 |              0 |              0 |              0 |              0 |
|               CAS_COUNT_RD               | MBOX7C0 |   151174154934 |              0 |              0 |              0 |              0 |              0 |              0 |              0 |              0 |              0 |              0 |              0 |              0 |              0 |              0 |              0 |              0 |              0 |              0 |              0 |              0 |              0 |              0 |              0 |              0 |              0 |              0 |              0 |              0 |              0 |              0 |              0 |              0 |              0 |              0 |              0 |       21958320 |              0 |              0 |              0 |              0 |              0 |              0 |              0 |              0 |              0 |              0 |
|               CAS_COUNT_WR               | MBOX7C1 |    76899190329 |              0 |              0 |              0 |              0 |              0 |              0 |              0 |              0 |              0 |              0 |              0 |              0 |              0 |              0 |              0 |              0 |              0 |              0 |              0 |              0 |              0 |              0 |              0 |              0 |              0 |              0 |              0 |              0 |              0 |              0 |              0 |              0 |              0 |              0 |              0 |       11185408 |              0 |              0 |              0 |              0 |              0 |              0 |              0 |              0 |              0 |              0 |
+------------------------------------------+---------+----------------+----------------+----------------+----------------+----------------+----------------+----------------+----------------+----------------+----------------+----------------+----------------+----------------+----------------+----------------+----------------+----------------+----------------+----------------+----------------+----------------+----------------+----------------+----------------+----------------+----------------+----------------+----------------+----------------+----------------+----------------+----------------+----------------+----------------+----------------+----------------+----------------+----------------+----------------+----------------+----------------+----------------+----------------+----------------+----------------+----------------+----------------+

+-----------------------------------------------+---------+-----------------+----------------+----------------+---------------+
|                     Event                     | Counter |       Sum       |       Min      |       Max      |      Avg      |
+-----------------------------------------------+---------+-----------------+----------------+----------------+---------------+
|             INSTR_RETIRED_ANY STAT            |  FIXC0  | 215589950163950 |  2950546279897 |  6034268669416 |  4.587020e+12 |
|           CPU_CLK_UNHALTED_CORE STAT          |  FIXC1  | 118564943962619 |  2520691849172 |  2523729360323 |  2.522658e+12 |
|           CPU_CLK_UNHALTED_REF STAT           |  FIXC2  | 118564963923360 |  2520690977664 |  2523730981536 | 2522658806880 |
|               TOPDOWN_SLOTS STAT              |  FIXC3  | 592824719813095 | 12603459245860 | 12618646801615 |      nil      |
|              PWR_PKG_ENERGY STAT              |   PWR0  |     396151.5925 |              0 |    246187.2230 |     8428.7573 |
|              PWR_DRAM_ENERGY STAT             |   PWR3  |      35491.1595 |              0 |     22622.6542 |      755.1311 |
| FP_ARITH_INST_RETIRED_128B_PACKED_DOUBLE STAT |   PMC0  |               0 |              0 |              0 |             0 |
|    FP_ARITH_INST_RETIRED_SCALAR_DOUBLE STAT   |   PMC1  |  65084699919550 |  1366917992385 |  1388445755934 |  1.384781e+12 |
| FP_ARITH_INST_RETIRED_256B_PACKED_DOUBLE STAT |   PMC2  |               0 |              0 |              0 |             0 |
| FP_ARITH_INST_RETIRED_512B_PACKED_DOUBLE STAT |   PMC3  |   1963875781989 |    40628300622 |    42065912013 |  4.178459e+10 |
|               CAS_COUNT_RD STAT               | MBOX0C0 |    231236292850 |              0 |   148893846874 |  4.919921e+09 |
|               CAS_COUNT_WR STAT               | MBOX0C1 |    122476534060 |              0 |    76985348482 |  2.605884e+09 |
|               CAS_COUNT_RD STAT               | MBOX1C0 |    231294317870 |              0 |   148951859109 |  4.921156e+09 |
|               CAS_COUNT_WR STAT               | MBOX1C1 |    122465840482 |              0 |    76977790571 |  2.605656e+09 |
|               CAS_COUNT_RD STAT               | MBOX2C0 |    231317545699 |              0 |   148970122451 |  4.921650e+09 |
|               CAS_COUNT_WR STAT               | MBOX2C1 |    122470998565 |              0 |    76974264299 |  2.605766e+09 |
|               CAS_COUNT_RD STAT               | MBOX3C0 |    231322735173 |              0 |   148945305633 |  4.921760e+09 |
|               CAS_COUNT_WR STAT               | MBOX3C1 |    122464063728 |              0 |    76975612597 |  2.605618e+09 |
|               CAS_COUNT_RD STAT               | MBOX4C0 |    151208735023 |              0 |   151184529132 |  3.217207e+09 |
|               CAS_COUNT_WR STAT               | MBOX4C1 |     76932579097 |              0 |    76921902964 |  1.636863e+09 |
|               CAS_COUNT_RD STAT               | MBOX5C0 |    151198072963 |              0 |   151172222371 |  3.216980e+09 |
|               CAS_COUNT_WR STAT               | MBOX5C1 |     76930232101 |              0 |    76917077670 |  1.636813e+09 |
|               CAS_COUNT_RD STAT               | MBOX6C0 |    151193687922 |              0 |   151169562593 |  3.216887e+09 |
|               CAS_COUNT_WR STAT               | MBOX6C1 |     76929300271 |              0 |    76917444454 |  1.636794e+09 |
|               CAS_COUNT_RD STAT               | MBOX7C0 |    151196113254 |              0 |   151174154934 |  3.216939e+09 |
|               CAS_COUNT_WR STAT               | MBOX7C1 |     76910375737 |              0 |    76899190329 |  1.636391e+09 |
+-----------------------------------------------+---------+-----------------+----------------+----------------+---------------+

+-----------------------------------+-------------+-----------+-----------+-----------+-----------+-----------+-----------+-----------+-----------+-----------+-------------+-------------+-------------+-------------+-------------+-------------+-------------+-------------+-------------+-------------+-------------+-------------+-------------+-------------+-------------+-------------+-------------+-------------+-------------+-------------+-------------+-------------+-------------+-------------+-------------+-------------+-------------+-------------+-------------+-------------+-------------+-------------+-------------+-------------+-------------+-------------+-------------+
|               Metric              |  f0314:0:0  | f0314:1:1 | f0314:2:2 | f0314:3:3 | f0314:4:4 | f0314:5:5 | f0314:6:6 | f0314:7:7 | f0314:8:8 | f0314:9:9 | f0314:10:10 | f0314:11:11 | f0314:12:12 | f0314:13:13 | f0314:14:14 | f0314:15:15 | f0314:16:16 | f0314:17:17 | f0314:18:18 | f0314:19:19 | f0314:20:20 | f0314:21:21 | f0314:22:22 | f0314:23:23 | f0314:24:24 | f0314:25:25 | f0314:26:26 | f0314:27:27 | f0314:28:28 | f0314:29:29 | f0314:30:30 | f0314:31:31 | f0314:32:32 | f0314:33:33 | f0314:34:34 | f0314:35:35 | f0314:36:36 | f0314:37:37 | f0314:38:38 | f0314:39:39 | f0314:40:40 | f0314:41:41 | f0314:42:42 | f0314:43:43 | f0314:44:44 | f0314:45:45 | f0314:46:46 |
+-----------------------------------+-------------+-----------+-----------+-----------+-----------+-----------+-----------+-----------+-----------+-----------+-------------+-------------+-------------+-------------+-------------+-------------+-------------+-------------+-------------+-------------+-------------+-------------+-------------+-------------+-------------+-------------+-------------+-------------+-------------+-------------+-------------+-------------+-------------+-------------+-------------+-------------+-------------+-------------+-------------+-------------+-------------+-------------+-------------+-------------+-------------+-------------+-------------+
|        Runtime (RDTSC) [s]        |   1058.8990 | 1059.0170 | 1058.8230 | 1059.0630 | 1059.1710 | 1058.8200 | 1059.2110 | 1059.2500 | 1058.8700 | 1059.2400 |   1058.8090 |   1058.8050 |   1058.8270 |   1058.7510 |   1058.9030 |   1058.7820 |   1058.7530 |   1059.2690 |   1058.7370 |   1058.7490 |   1058.8940 |   1058.8430 |   1059.1260 |   1058.7670 |   1058.9300 |   1058.7450 |   1058.8290 |   1058.7410 |   1058.7390 |   1058.7500 |   1058.7520 |   1059.1390 |   1058.7650 |   1059.0470 |   1058.7350 |   1058.7420 |   1058.8090 |   1058.8360 |   1058.7510 |   1058.9170 |   1058.8240 |   1058.7510 |   1058.7390 |   1058.7690 |   1058.7340 |   1058.9290 |   1058.7830 |
|        Runtime unhalted [s]       |   1053.2454 | 1053.9157 | 1053.5941 | 1053.9913 | 1053.7325 | 1053.5294 | 1053.6395 | 1053.6858 | 1053.5905 | 1053.6805 |   1053.6204 |   1053.5853 |   1052.8445 |   1053.6289 |   1053.7274 |   1053.7127 |   1053.7669 |   1054.0911 |   1053.5928 |   1053.3567 |   1053.4207 |   1053.4886 |   1053.7676 |   1053.5051 |   1053.0784 |   1053.3464 |   1053.5950 |   1052.7767 |   1053.3310 |   1053.2407 |   1053.5502 |   1053.7008 |   1053.2818 |   1053.5807 |   1053.6004 |   1053.3955 |   1054.0604 |   1053.9008 |   1053.9832 |   1053.8806 |   1054.0525 |   1053.8807 |   1053.9689 |   1053.9509 |   1054.0219 |   1054.1610 |   1054.0046 |
|            Clock [MHz]            |   2394.3245 | 2393.7614 | 2394.2022 | 2393.6808 | 2394.1863 | 2394.2912 | 2394.3234 | 2394.3064 | 2394.3215 | 2394.3226 |   2394.3222 |   2394.3281 |   2394.3284 |   2394.3236 |   2394.1762 |   2394.3233 |   2394.3266 |   2393.9482 |   2394.3192 |   2394.3241 |   2394.3288 |   2394.3262 |   2393.4484 |   2394.3282 |   2393.9162 |   2394.3203 |   2394.1092 |   2394.3281 |   2394.3224 |   2394.3217 |   2394.2972 |   2394.3203 |   2394.2880 |   2394.3145 |   2394.3206 |   2394.3212 |   2394.2914 |   2394.3252 |   2394.3230 |   2394.3242 |   2394.1216 |   2394.3185 |   2394.3238 |   2394.3239 |   2394.3192 |   2393.8825 |   2394.3249 |
|                CPI                |      0.4857 |    0.4865 |    0.4830 |    0.4864 |    0.4816 |    0.4815 |    0.4796 |    0.4788 |    0.4920 |    0.4823 |      0.4740 |      0.4717 |      0.4860 |      0.4854 |      0.4793 |      0.4783 |      0.4849 |      0.4846 |      0.8052 |      0.8017 |      0.6745 |      0.8525 |      0.8491 |      0.8458 |      0.8541 |      0.8509 |      0.7245 |      0.7957 |      0.8419 |      0.8146 |      0.8549 |      0.8396 |      0.7743 |      0.8547 |      0.8516 |      0.8388 |      0.4247 |      0.4233 |      0.4203 |      0.4222 |      0.4281 |      0.4201 |      0.4210 |      0.4196 |      0.4182 |      0.4230 |      0.4263 |
|             Energy [J]            | 246187.2230 |         0 |         0 |         0 |         0 |         0 |         0 |         0 |         0 |         0 |           0 |           0 |           0 |           0 |           0 |           0 |           0 |           0 |           0 |           0 |           0 |           0 |           0 |           0 |           0 |           0 |           0 |           0 |           0 |           0 |           0 |           0 |           0 |           0 |           0 |           0 | 149964.3695 |           0 |           0 |           0 |           0 |           0 |           0 |           0 |           0 |           0 |           0 |
|             Power [W]             |    232.4936 |         0 |         0 |         0 |         0 |         0 |         0 |         0 |         0 |         0 |           0 |           0 |           0 |           0 |           0 |           0 |           0 |           0 |           0 |           0 |           0 |           0 |           0 |           0 |           0 |           0 |           0 |           0 |           0 |           0 |           0 |           0 |           0 |           0 |           0 |           0 |    141.6350 |           0 |           0 |           0 |           0 |           0 |           0 |           0 |           0 |           0 |           0 |
|          Energy DRAM [J]          |  22622.6542 |         0 |         0 |         0 |         0 |         0 |         0 |         0 |         0 |         0 |           0 |           0 |           0 |           0 |           0 |           0 |           0 |           0 |           0 |           0 |           0 |           0 |           0 |           0 |           0 |           0 |           0 |           0 |           0 |           0 |           0 |           0 |           0 |           0 |           0 |           0 |  12868.5053 |           0 |           0 |           0 |           0 |           0 |           0 |           0 |           0 |           0 |           0 |
|           Power DRAM [W]          |     21.3643 |         0 |         0 |         0 |         0 |         0 |         0 |         0 |         0 |         0 |           0 |           0 |           0 |           0 |           0 |           0 |           0 |           0 |           0 |           0 |           0 |           0 |           0 |           0 |           0 |           0 |           0 |           0 |           0 |           0 |           0 |           0 |           0 |           0 |           0 |           0 |     12.1538 |           0 |           0 |           0 |           0 |           0 |           0 |           0 |           0 |           0 |           0 |
|            DP [MFLOP/s]           |   1629.0251 | 1628.5009 | 1597.9486 | 1628.4301 | 1628.2640 | 1628.8038 | 1628.2026 | 1628.1426 | 1597.8775 | 1628.1580 |   1628.8207 |   1628.8269 |   1628.7930 |   1628.9099 |   1597.8278 |   1628.8622 |   1628.9068 |   1628.1133 |   1628.9314 |   1628.9129 |   1597.8412 |   1628.7683 |   1628.3331 |   1628.8853 |   1628.6345 |   1628.9190 |   1597.9393 |   1628.9252 |   1628.9283 |   1628.9113 |   1628.9082 |   1628.3130 |   1598.0358 |   1628.4545 |   1628.9344 |   1628.9237 |   1628.8205 |   1628.7790 |   1598.0570 |   1628.6544 |   1628.7974 |   1628.9098 |   1628.9282 |   1628.8820 |   1598.0826 |   1628.6359 |   1628.8605 |
|          AVX DP [MFLOP/s]         |    317.8087 |  317.4311 |  306.9695 |  317.4173 |  317.3850 |  317.4902 |  317.3730 |  317.3613 |  306.9559 |  317.3643 |    317.4935 |    317.4947 |    317.4881 |    317.5109 |    306.9463 |    317.5016 |    317.5103 |    317.3556 |    317.5151 |    317.5115 |    306.9490 |    317.4833 |    317.3984 |    317.5061 |    317.4572 |    317.5127 |    306.9678 |    317.5139 |    317.5145 |    317.5112 |    317.5106 |    317.3945 |    306.9864 |    317.4221 |    317.5157 |    317.5136 |    317.4935 |    317.4854 |    306.9904 |    317.4611 |    317.4890 |    317.5109 |    317.5145 |    317.5055 |    306.9953 |    317.4575 |    317.5013 |
|          Packed [MUOPS/s]         |     39.7261 |   39.6789 |   38.3712 |   39.6772 |   39.6731 |   39.6863 |   39.6716 |   39.6702 |   38.3695 |   39.6705 |     39.6867 |     39.6868 |     39.6860 |     39.6889 |     38.3683 |     39.6877 |     39.6888 |     39.6694 |     39.6894 |     39.6889 |     38.3686 |     39.6854 |     39.6748 |     39.6883 |     39.6821 |     39.6891 |     38.3710 |     39.6892 |     39.6893 |     39.6889 |     39.6888 |     39.6743 |     38.3733 |     39.6778 |     39.6895 |     39.6892 |     39.6867 |     39.6857 |     38.3738 |     39.6826 |     39.6861 |     39.6889 |     39.6893 |     39.6882 |     38.3744 |     39.6822 |     39.6877 |
|          Scalar [MUOPS/s]         |   1311.2164 | 1311.0697 | 1290.9790 | 1311.0128 | 1310.8790 | 1311.3136 | 1310.8296 | 1310.7813 | 1290.9216 | 1310.7937 |   1311.3273 |   1311.3322 |   1311.3049 |   1311.3991 |   1290.8814 |   1311.3606 |   1311.3966 |   1310.7577 |   1311.4163 |   1311.4015 |   1290.8923 |   1311.2850 |   1310.9347 |   1311.3792 |   1311.1773 |   1311.4064 |   1290.9715 |   1311.4113 |   1311.4138 |   1311.4002 |   1311.3977 |   1310.9185 |   1291.0495 |   1311.0324 |   1311.4188 |   1311.4101 |   1311.3270 |   1311.2936 |   1291.0666 |   1311.1933 |   1311.3084 |   1311.3989 |   1311.4138 |   1311.3765 |   1291.0873 |   1311.1784 |   1311.3592 |
|  Memory read bandwidth [MBytes/s] |  72556.0630 |         0 |         0 |         0 |         0 |         0 |         0 |         0 |         0 |         0 |           0 |           0 |           0 |           0 |           0 |           0 |           0 |           0 |           0 |           0 |           0 |           0 |           0 |           0 |           0 |           0 |           0 |           0 |           0 |           0 |           0 |           0 |           0 |           0 |           0 |           0 |  19917.0742 |           0 |           0 |           0 |           0 |           0 |           0 |           0 |           0 |           0 |           0 |
|  Memory read data volume [GBytes] |  76829.5426 |         0 |         0 |         0 |         0 |         0 |         0 |         0 |         0 |         0 |           0 |           0 |           0 |           0 |           0 |           0 |           0 |           0 |           0 |           0 |           0 |           0 |           0 |           0 |           0 |           0 |           0 |           0 |           0 |           0 |           0 |           0 |           0 |           0 |           0 |           0 |  21088.3775 |           0 |           0 |           0 |           0 |           0 |           0 |           0 |           0 |           0 |           0 |
| Memory write bandwidth [MBytes/s] |  37205.0520 |         0 |         0 |         0 |         0 |         0 |         0 |         0 |         0 |         0 |           0 |           0 |           0 |           0 |           0 |           0 |           0 |           0 |           0 |           0 |           0 |           0 |           0 |           0 |           0 |           0 |           0 |           0 |           0 |           0 |           0 |           0 |           0 |           0 |           0 |           0 |  11001.7224 |           0 |           0 |           0 |           0 |           0 |           0 |           0 |           0 |           0 |           0 |
| Memory write data volume [GBytes] |  39396.3924 |         0 |         0 |         0 |         0 |         0 |         0 |         0 |         0 |         0 |           0 |           0 |           0 |           0 |           0 |           0 |           0 |           0 |           0 |           0 |           0 |           0 |           0 |           0 |           0 |           0 |           0 |           0 |           0 |           0 |           0 |           0 |           0 |           0 |           0 |           0 |  11648.7227 |           0 |           0 |           0 |           0 |           0 |           0 |           0 |           0 |           0 |           0 |
|    Memory bandwidth [MBytes/s]    | 109761.1151 |         0 |         0 |         0 |         0 |         0 |         0 |         0 |         0 |         0 |           0 |           0 |           0 |           0 |           0 |           0 |           0 |           0 |           0 |           0 |           0 |           0 |           0 |           0 |           0 |           0 |           0 |           0 |           0 |           0 |           0 |           0 |           0 |           0 |           0 |           0 |  30918.7967 |           0 |           0 |           0 |           0 |           0 |           0 |           0 |           0 |           0 |           0 |
|    Memory data volume [GBytes]    | 116225.9350 |         0 |         0 |         0 |         0 |         0 |         0 |         0 |         0 |         0 |           0 |           0 |           0 |           0 |           0 |           0 |           0 |           0 |           0 |           0 |           0 |           0 |           0 |           0 |           0 |           0 |           0 |           0 |           0 |           0 |           0 |           0 |           0 |           0 |           0 |           0 |  32737.1002 |           0 |           0 |           0 |           0 |           0 |           0 |           0 |           0 |           0 |           0 |
|       Operational intensity       |      0.0148 |         0 |         0 |         0 |         0 |         0 |         0 |         0 |         0 |         0 |           0 |           0 |           0 |           0 |           0 |           0 |           0 |           0 |           0 |           0 |           0 |           0 |           0 |           0 |           0 |           0 |           0 |           0 |           0 |           0 |           0 |           0 |           0 |           0 |           0 |           0 |      0.0527 |           0 |           0 |           0 |           0 |           0 |           0 |           0 |           0 |           0 |           0 |
+-----------------------------------+-------------+-----------+-----------+-----------+-----------+-----------+-----------+-----------+-----------+-----------+-------------+-------------+-------------+-------------+-------------+-------------+-------------+-------------+-------------+-------------+-------------+-------------+-------------+-------------+-------------+-------------+-------------+-------------+-------------+-------------+-------------+-------------+-------------+-------------+-------------+-------------+-------------+-------------+-------------+-------------+-------------+-------------+-------------+-------------+-------------+-------------+-------------+

+----------------------------------------+-------------+-----------+-------------+-----------+-----------+-----------+-----------+
|                 Metric                 |     Sum     |    Min    |     Max     |    Avg    |  %ile 25  |  %ile 50  |  %ile 75  |
+----------------------------------------+-------------+-----------+-------------+-----------+-----------+-----------+-----------+
|        Runtime (RDTSC) [s] STAT        |  49767.1350 | 1058.7340 |   1059.2690 | 1058.8752 | 1058.7510 | 1058.8200 | 1058.9170 |
|        Runtime unhalted [s] STAT       |  49521.0565 | 1052.7767 |   1054.1610 | 1053.6395 | 1053.4886 | 1053.6289 | 1053.8807 |
|            Clock [MHz] STAT            | 112528.9297 | 2393.4484 |   2394.3288 | 2394.2325 | 2394.2880 | 2394.3212 | 2394.3239 |
|                CPI STAT                |     28.0528 |    0.4182 |      0.8549 |    0.5969 |    0.4717 |    0.4854 |    0.8052 |
|             Energy [J] STAT            | 396151.5925 |         0 | 246187.2230 | 8428.7573 |         0 |         0 |         0 |
|             Power [W] STAT             |    374.1286 |         0 |    232.4936 |    7.9602 |         0 |         0 |         0 |
|          Energy DRAM [J] STAT          |  35491.1595 |         0 |  22622.6542 |  755.1311 |         0 |         0 |         0 |
|           Power DRAM [W] STAT          |     33.5181 |         0 |     21.3643 |    0.7132 |         0 |         0 |         0 |
|            DP [MFLOP/s] STAT           |  76303.3205 | 1597.8278 |   1629.0251 | 1623.4749 | 1628.2026 | 1628.7930 | 1628.9082 |
|          AVX DP [MFLOP/s] STAT         |  14837.4453 |  306.9463 |    317.8087 |  315.6903 |  317.3730 |  317.4881 |  317.5106 |
|          Packed [MUOPS/s] STAT         |   1854.6807 |   38.3683 |     39.7261 |   39.4613 |   39.6716 |   39.6860 |   39.6888 |
|          Scalar [MUOPS/s] STAT         |  61465.8760 | 1290.8814 |   1311.4188 | 1307.7846 | 1310.8296 | 1311.2936 | 1311.3966 |
|  Memory read bandwidth [MBytes/s] STAT |  92473.1372 |         0 |  72556.0630 | 1967.5136 |         0 |         0 |         0 |
|  Memory read data volume [GBytes] STAT |  97917.9201 |         0 |  76829.5426 | 2083.3600 |         0 |         0 |         0 |
| Memory write bandwidth [MBytes/s] STAT |  48206.7744 |         0 |  37205.0520 | 1025.6761 |         0 |         0 |         0 |
| Memory write data volume [GBytes] STAT |  51045.1151 |         0 |  39396.3924 | 1086.0663 |         0 |         0 |         0 |
|    Memory bandwidth [MBytes/s] STAT    | 140679.9118 |         0 | 109761.1151 | 2993.1896 |         0 |         0 |         0 |
|    Memory data volume [GBytes] STAT    | 148963.0352 |         0 | 116225.9350 | 3169.4263 |         0 |         0 |         0 |
|       Operational intensity STAT       |      0.0675 |         0 |      0.0527 |    0.0014 |         0 |         0 |         0 |
+----------------------------------------+-------------+-----------+-------------+-----------+-----------+-----------+-----------+

