WARN: Cannot extract OpenMP vendor from executable or commandline, assuming no OpenMP
 nx_glob, nz_glob:                  3000                  1250
 dx,dz:    8.00000000000000        8.00000000000000     
 dt:   2.666666666666666E-002
Group: 1
+------------------------------------------+---------+----------------+----------------+----------------+----------------+----------------+----------------+----------------+----------------+----------------+----------------+----------------+----------------+----------------+----------------+----------------+----------------+----------------+----------------+----------------+----------------+----------------+----------------+----------------+----------------+----------------+----------------+----------------+----------------+----------------+----------------+----------------+----------------+----------------+----------------+----------------+----------------+----------------+----------------+----------------+----------------+----------------+
|                   Event                  | Counter |    f0314:0:0   |    f0314:1:1   |    f0314:2:2   |    f0314:3:3   |    f0314:4:4   |    f0314:5:5   |    f0314:6:6   |    f0314:7:7   |    f0314:8:8   |    f0314:9:9   |   f0314:10:10  |   f0314:11:11  |   f0314:12:12  |   f0314:13:13  |   f0314:14:14  |   f0314:15:15  |   f0314:16:16  |   f0314:17:17  |   f0314:18:18  |   f0314:19:19  |   f0314:20:20  |   f0314:21:21  |   f0314:22:22  |   f0314:23:23  |   f0314:24:24  |   f0314:25:25  |   f0314:26:26  |   f0314:27:27  |   f0314:28:28  |   f0314:29:29  |   f0314:30:30  |   f0314:31:31  |   f0314:32:32  |   f0314:33:33  |   f0314:34:34  |   f0314:35:35  |   f0314:36:36  |   f0314:37:37  |   f0314:38:38  |   f0314:39:39  |   f0314:40:40  |
+------------------------------------------+---------+----------------+----------------+----------------+----------------+----------------+----------------+----------------+----------------+----------------+----------------+----------------+----------------+----------------+----------------+----------------+----------------+----------------+----------------+----------------+----------------+----------------+----------------+----------------+----------------+----------------+----------------+----------------+----------------+----------------+----------------+----------------+----------------+----------------+----------------+----------------+----------------+----------------+----------------+----------------+----------------+----------------+
|             INSTR_RETIRED_ANY            |  FIXC0  |  3365808628568 |  3354299030497 |  3371929837970 |  3368154208445 |  3341247124654 |  3620533675053 |  3367638226823 |  3470336508851 |  3453438085763 |  3351146458972 |  3694357427055 |  3778118369472 |  3439803227761 |  3384212596408 |  3378346387180 |  3553935009367 |  4057634924531 |  3879694033057 |  5767943447607 |  5752803812829 |  5614119665243 |  5727926750268 |  5637727349366 |  5706844934796 |  5761826864483 |  5740713279447 |  5647197608086 |  5656664411857 |  5695507562079 |  5694768893622 |  5738905057238 |  5610914372388 |  5528166851512 |  5614155958658 |  5562787873562 |  5727931350483 |  7030049432683 |  7073864907501 |  6932614916675 |  7033384198800 |  6987729594941 |
|           CPU_CLK_UNHALTED_CORE          |  FIXC1  |  2860085344203 |  2861775611956 |  2861522242184 |  2861830670923 |  2860189523899 |  2861692669144 |  2861698175778 |  2861586252104 |  2861967042943 |  2861989556875 |  2861604778875 |  2861508635494 |  2862159740893 |  2862048699744 |  2862386924716 |  2862345495913 |  2861954187477 |  2861270664725 |  2861655752464 |  2861407118265 |  2861763981041 |  2862076145968 |  2862303392559 |  2862165780935 |  2861803557729 |  2861689978245 |  2861809926326 |  2860693097785 |  2862027559064 |  2861824198548 |  2861640535329 |  2862192296281 |  2861543684377 |  2861773850320 |  2862154596487 |  2861540034157 |  2863351998353 |  2863434464859 |  2863287595928 |  2863546811594 |  2863757782466 |
|           CPU_CLK_UNHALTED_REF           |  FIXC2  |  2860087793088 |  2861775358464 |  2861520726240 |  2861831042688 |  2860189700736 |  2861691442848 |  2861698380192 |  2861586169632 |  2861965728960 |  2861988428064 |  2861604000288 |  2861508918816 |  2862160175904 |  2862048836544 |  2862386773728 |  2862345873504 |  2861954433792 |  2861272240704 |  2861655519072 |  2861406396672 |  2861763434016 |  2862073419840 |  2862303864000 |  2862163238304 |  2861802889152 |  2861689156800 |  2861809675488 |  2860691289408 |  2862026510016 |  2861823012480 |  2861637785184 |  2862190154112 |  2861542191648 |  2861774985216 |  2862154202592 |  2861540657856 |  2863351134720 |  2863435236768 |  2863289879424 |  2863546399584 |  2863758843264 |
|               TOPDOWN_SLOTS              |  FIXC3  | 14300426721015 | 14308878059780 | 14307611210920 | 14309153354615 | 14300947619495 | 14308463345720 | 14308490878890 | 14307931260520 | 14309835214715 | 14309947784375 | 14308023894375 | 14307543177470 | 14310798704465 | 14310243498720 | 14311934623580 | 14311727479565 | 14309770937385 | 14306353323625 | 14308278762320 | 14307035591325 | 14308819905205 | 14310380729840 | 14311516962795 | 14310828904675 | 14309017788645 | 14308449891225 | 14309049631630 | 14303465488925 | 14310137795320 | 14309120992740 | 14308202676645 | 14310961481405 | 14307718421885 | 14308869251600 | 14310772982435 | 14307700170785 | 14316759991765 | 14317172324295 | 14316437979640 | 14317734057970 | 14318788912330 |
|              PWR_PKG_ENERGY              |   PWR0  |    278618.5467 |              0 |              0 |              0 |              0 |              0 |              0 |              0 |              0 |              0 |              0 |              0 |              0 |              0 |              0 |              0 |              0 |              0 |              0 |              0 |              0 |              0 |              0 |              0 |              0 |              0 |              0 |              0 |              0 |              0 |              0 |              0 |              0 |              0 |              0 |              0 |    138631.7395 |              0 |              0 |              0 |              0 |
|              PWR_DRAM_ENERGY             |   PWR3  |     25710.8132 |              0 |              0 |              0 |              0 |              0 |              0 |              0 |              0 |              0 |              0 |              0 |              0 |              0 |              0 |              0 |              0 |              0 |              0 |              0 |              0 |              0 |              0 |              0 |              0 |              0 |              0 |              0 |              0 |              0 |              0 |              0 |              0 |              0 |              0 |              0 |     11302.6028 |              0 |              0 |              0 |              0 |
| FP_ARITH_INST_RETIRED_128B_PACKED_DOUBLE |   PMC0  |              0 |              0 |              0 |              0 |              0 |              0 |              0 |              0 |              0 |              0 |              0 |              0 |              0 |              0 |              0 |              0 |              0 |              0 |              0 |              0 |              0 |              0 |              0 |              0 |              0 |              0 |              0 |              0 |              0 |              0 |              0 |              0 |              0 |              0 |              0 |              0 |              0 |              0 |              0 |              0 |              0 |
|    FP_ARITH_INST_RETIRED_SCALAR_DOUBLE   |   PMC1  |  1582187634014 |  1582187017992 |  1603713890110 |  1582187008553 |  1582186986020 |  1582186983264 |  1582186977536 |  1582186980955 |  1603713870465 |  1582186965092 |  1582186957351 |  1582186963532 |  1582186958556 |  1582186956297 |  1603713785424 |  1582186936492 |  1582186933931 |  1582186930559 |  1582186903563 |  1582186920367 |  1603713794417 |  1582186906787 |  1582186858964 |  1582186884823 |  1582186890005 |  1582186899804 |  1603713738040 |  1582186840691 |  1582186871840 |  1582186834723 |  1582186870280 |  1582186849291 |  1603713732472 |  1582186860034 |  1582186841179 |  1582186832437 |  1582186839211 |  1582186836112 |  1603713712765 |  1582186823983 |  1582186761431 |
| FP_ARITH_INST_RETIRED_256B_PACKED_DOUBLE |   PMC2  |              0 |              0 |              0 |              0 |              0 |              0 |              0 |              0 |              0 |              0 |              0 |              0 |              0 |              0 |              0 |              0 |              0 |              0 |              0 |              0 |              0 |              0 |              0 |              0 |              0 |              0 |              0 |              0 |              0 |              0 |              0 |              0 |              0 |              0 |              0 |              0 |              0 |              0 |              0 |              0 |              0 |
| FP_ARITH_INST_RETIRED_512B_PACKED_DOUBLE |   PMC3  |    44259759513 |    44214465000 |    43539435000 |    44214465000 |    44214465000 |    44214465000 |    44214465000 |    44214465000 |    43539435000 |    44214465000 |    44214465000 |    44214465000 |    44214465000 |    44214465000 |    43539435000 |    44214465000 |    44214465000 |    44214465000 |    44214465000 |    44214465000 |    43539435000 |    44214465000 |    44214465000 |    44214465000 |    44214465000 |    44214465000 |    43539435000 |    44214465000 |    44214465000 |    44214465000 |    44214465000 |    44214465000 |    43539435000 |    44214465000 |    44214465000 |    44214465000 |    44214465000 |    44214465000 |    43539435000 |    44214465000 |    44214465000 |
|               CAS_COUNT_RD               | MBOX0C0 |   170393388554 |              0 |              0 |              0 |              0 |              0 |              0 |              0 |              0 |              0 |              0 |              0 |              0 |              0 |              0 |              0 |              0 |              0 |              0 |              0 |              0 |              0 |              0 |              0 |              0 |              0 |              0 |              0 |              0 |              0 |              0 |              0 |              0 |              0 |              0 |              0 |    30163651307 |              0 |              0 |              0 |              0 |
|               CAS_COUNT_WR               | MBOX0C1 |    87682646226 |              0 |              0 |              0 |              0 |              0 |              0 |              0 |              0 |              0 |              0 |              0 |              0 |              0 |              0 |              0 |              0 |              0 |              0 |              0 |              0 |              0 |              0 |              0 |              0 |              0 |              0 |              0 |              0 |              0 |              0 |              0 |              0 |              0 |              0 |              0 |    18384050834 |              0 |              0 |              0 |              0 |
|               CAS_COUNT_RD               | MBOX1C0 |   170426067435 |              0 |              0 |              0 |              0 |              0 |              0 |              0 |              0 |              0 |              0 |              0 |              0 |              0 |              0 |              0 |              0 |              0 |              0 |              0 |              0 |              0 |              0 |              0 |              0 |              0 |              0 |              0 |              0 |              0 |              0 |              0 |              0 |              0 |              0 |              0 |    30149326539 |              0 |              0 |              0 |              0 |
|               CAS_COUNT_WR               | MBOX1C1 |    87680020233 |              0 |              0 |              0 |              0 |              0 |              0 |              0 |              0 |              0 |              0 |              0 |              0 |              0 |              0 |              0 |              0 |              0 |              0 |              0 |              0 |              0 |              0 |              0 |              0 |              0 |              0 |              0 |              0 |              0 |              0 |              0 |              0 |              0 |              0 |              0 |    18369061764 |              0 |              0 |              0 |              0 |
|               CAS_COUNT_RD               | MBOX2C0 |   170401323369 |              0 |              0 |              0 |              0 |              0 |              0 |              0 |              0 |              0 |              0 |              0 |              0 |              0 |              0 |              0 |              0 |              0 |              0 |              0 |              0 |              0 |              0 |              0 |              0 |              0 |              0 |              0 |              0 |              0 |              0 |              0 |              0 |              0 |              0 |              0 |    30148166991 |              0 |              0 |              0 |              0 |
|               CAS_COUNT_WR               | MBOX2C1 |    87669721160 |              0 |              0 |              0 |              0 |              0 |              0 |              0 |              0 |              0 |              0 |              0 |              0 |              0 |              0 |              0 |              0 |              0 |              0 |              0 |              0 |              0 |              0 |              0 |              0 |              0 |              0 |              0 |              0 |              0 |              0 |              0 |              0 |              0 |              0 |              0 |    18377679507 |              0 |              0 |              0 |              0 |
|               CAS_COUNT_RD               | MBOX3C0 |   170468280332 |              0 |              0 |              0 |              0 |              0 |              0 |              0 |              0 |              0 |              0 |              0 |              0 |              0 |              0 |              0 |              0 |              0 |              0 |              0 |              0 |              0 |              0 |              0 |              0 |              0 |              0 |              0 |              0 |              0 |              0 |              0 |              0 |              0 |              0 |              0 |    30157804783 |              0 |              0 |              0 |              0 |
|               CAS_COUNT_WR               | MBOX3C1 |    87690389086 |              0 |              0 |              0 |              0 |              0 |              0 |              0 |              0 |              0 |              0 |              0 |              0 |              0 |              0 |              0 |              0 |              0 |              0 |              0 |              0 |              0 |              0 |              0 |              0 |              0 |              0 |              0 |              0 |              0 |              0 |              0 |              0 |              0 |              0 |              0 |    18375039649 |              0 |              0 |              0 |              0 |
|               CAS_COUNT_RD               | MBOX4C0 |   172836894299 |              0 |              0 |              0 |              0 |              0 |              0 |              0 |              0 |              0 |              0 |              0 |              0 |              0 |              0 |              0 |              0 |              0 |              0 |              0 |              0 |              0 |              0 |              0 |              0 |              0 |              0 |              0 |              0 |              0 |              0 |              0 |              0 |              0 |              0 |              0 |       27833464 |              0 |              0 |              0 |              0 |
|               CAS_COUNT_WR               | MBOX4C1 |    87756781434 |              0 |              0 |              0 |              0 |              0 |              0 |              0 |              0 |              0 |              0 |              0 |              0 |              0 |              0 |              0 |              0 |              0 |              0 |              0 |              0 |              0 |              0 |              0 |              0 |              0 |              0 |              0 |              0 |              0 |              0 |              0 |              0 |              0 |              0 |              0 |       10392135 |              0 |              0 |              0 |              0 |
|               CAS_COUNT_RD               | MBOX5C0 |   172843855524 |              0 |              0 |              0 |              0 |              0 |              0 |              0 |              0 |              0 |              0 |              0 |              0 |              0 |              0 |              0 |              0 |              0 |              0 |              0 |              0 |              0 |              0 |              0 |              0 |              0 |              0 |              0 |              0 |              0 |              0 |              0 |              0 |              0 |              0 |              0 |       28962477 |              0 |              0 |              0 |              0 |
|               CAS_COUNT_WR               | MBOX5C1 |    87752203953 |              0 |              0 |              0 |              0 |              0 |              0 |              0 |              0 |              0 |              0 |              0 |              0 |              0 |              0 |              0 |              0 |              0 |              0 |              0 |              0 |              0 |              0 |              0 |              0 |              0 |              0 |              0 |              0 |              0 |              0 |              0 |              0 |              0 |              0 |              0 |       12049115 |              0 |              0 |              0 |              0 |
|               CAS_COUNT_RD               | MBOX6C0 |   172812777620 |              0 |              0 |              0 |              0 |              0 |              0 |              0 |              0 |              0 |              0 |              0 |              0 |              0 |              0 |              0 |              0 |              0 |              0 |              0 |              0 |              0 |              0 |              0 |              0 |              0 |              0 |              0 |              0 |              0 |              0 |              0 |              0 |              0 |              0 |              0 |       26799371 |              0 |              0 |              0 |              0 |
|               CAS_COUNT_WR               | MBOX6C1 |    87755220634 |              0 |              0 |              0 |              0 |              0 |              0 |              0 |              0 |              0 |              0 |              0 |              0 |              0 |              0 |              0 |              0 |              0 |              0 |              0 |              0 |              0 |              0 |              0 |              0 |              0 |              0 |              0 |              0 |              0 |              0 |              0 |              0 |              0 |              0 |              0 |       11945586 |              0 |              0 |              0 |              0 |
|               CAS_COUNT_RD               | MBOX7C0 |   172834829726 |              0 |              0 |              0 |              0 |              0 |              0 |              0 |              0 |              0 |              0 |              0 |              0 |              0 |              0 |              0 |              0 |              0 |              0 |              0 |              0 |              0 |              0 |              0 |              0 |              0 |              0 |              0 |              0 |              0 |              0 |              0 |              0 |              0 |              0 |              0 |       28601387 |              0 |              0 |              0 |              0 |
|               CAS_COUNT_WR               | MBOX7C1 |    87741842446 |              0 |              0 |              0 |              0 |              0 |              0 |              0 |              0 |              0 |              0 |              0 |              0 |              0 |              0 |              0 |              0 |              0 |              0 |              0 |              0 |              0 |              0 |              0 |              0 |              0 |              0 |              0 |              0 |              0 |              0 |              0 |              0 |              0 |              0 |              0 |       12265257 |              0 |              0 |              0 |              0 |
+------------------------------------------+---------+----------------+----------------+----------------+----------------+----------------+----------------+----------------+----------------+----------------+----------------+----------------+----------------+----------------+----------------+----------------+----------------+----------------+----------------+----------------+----------------+----------------+----------------+----------------+----------------+----------------+----------------+----------------+----------------+----------------+----------------+----------------+----------------+----------------+----------------+----------------+----------------+----------------+----------------+----------------+----------------+----------------+

+-----------------------------------------------+---------+-----------------+----------------+----------------+--------------+
|                     Event                     | Counter |       Sum       |       Min      |       Max      |      Avg     |
+-----------------------------------------------+---------+-----------------+----------------+----------------+--------------+
|             INSTR_RETIRED_ANY STAT            |  FIXC0  | 200475182854551 |  3341247124654 |  7073864907501 | 4.889639e+12 |
|           CPU_CLK_UNHALTED_CORE STAT          |  FIXC1  | 117339060356926 |  2860085344203 |  2863757782466 | 2.861928e+12 |
|           CPU_CLK_UNHALTED_REF STAT           |  FIXC2  | 117339045899808 |  2860087793088 |  2863758843264 | 2.861928e+12 |
|               TOPDOWN_SLOTS STAT              |  FIXC3  | 586695301784630 | 14300426721015 | 14318788912330 |      nil     |
|              PWR_PKG_ENERGY STAT              |   PWR0  |     417250.2862 |              0 |    278618.5467 |   10176.8362 |
|              PWR_DRAM_ENERGY STAT             |   PWR3  |      37013.4160 |              0 |     25710.8132 |     902.7662 |
| FP_ARITH_INST_RETIRED_128B_PACKED_DOUBLE STAT |   PMC0  |               0 |              0 |              0 |            0 |
|    FP_ARITH_INST_RETIRED_SCALAR_DOUBLE STAT   |   PMC1  |  65020352039362 |  1582186761431 |  1603713890110 | 1.585862e+12 |
| FP_ARITH_INST_RETIRED_256B_PACKED_DOUBLE STAT |   PMC2  |               0 |              0 |              0 |            0 |
| FP_ARITH_INST_RETIRED_512B_PACKED_DOUBLE STAT |   PMC3  |   1808113149513 |    43539435000 |    44259759513 | 4.410032e+10 |
|               CAS_COUNT_RD STAT               | MBOX0C0 |    200557039861 |              0 |   170393388554 | 4.891635e+09 |
|               CAS_COUNT_WR STAT               | MBOX0C1 |    106066697060 |              0 |    87682646226 | 2.586993e+09 |
|               CAS_COUNT_RD STAT               | MBOX1C0 |    200575393974 |              0 |   170426067435 | 4.892083e+09 |
|               CAS_COUNT_WR STAT               | MBOX1C1 |    106049081997 |              0 |    87680020233 | 2.586563e+09 |
|               CAS_COUNT_RD STAT               | MBOX2C0 |    200549490360 |              0 |   170401323369 | 4.891451e+09 |
|               CAS_COUNT_WR STAT               | MBOX2C1 |    106047400667 |              0 |    87669721160 | 2.586522e+09 |
|               CAS_COUNT_RD STAT               | MBOX3C0 |    200626085115 |              0 |   170468280332 | 4.893319e+09 |
|               CAS_COUNT_WR STAT               | MBOX3C1 |    106065428735 |              0 |    87690389086 | 2.586962e+09 |
|               CAS_COUNT_RD STAT               | MBOX4C0 |    172864727763 |              0 |   172836894299 | 4.216213e+09 |
|               CAS_COUNT_WR STAT               | MBOX4C1 |     87767173569 |              0 |    87756781434 | 2.140663e+09 |
|               CAS_COUNT_RD STAT               | MBOX5C0 |    172872818001 |              0 |   172843855524 | 4.216410e+09 |
|               CAS_COUNT_WR STAT               | MBOX5C1 |     87764253068 |              0 |    87752203953 | 2.140592e+09 |
|               CAS_COUNT_RD STAT               | MBOX6C0 |    172839576991 |              0 |   172812777620 | 4.215599e+09 |
|               CAS_COUNT_WR STAT               | MBOX6C1 |     87767166220 |              0 |    87755220634 | 2.140663e+09 |
|               CAS_COUNT_RD STAT               | MBOX7C0 |    172863431113 |              0 |   172834829726 | 4.216181e+09 |
|               CAS_COUNT_WR STAT               | MBOX7C1 |     87754107703 |              0 |    87741842446 | 2.140344e+09 |
+-----------------------------------------------+---------+-----------------+----------------+----------------+--------------+

+-----------------------------------+-------------+-----------+-----------+-----------+-----------+-----------+-----------+-----------+-----------+-----------+-------------+-------------+-------------+-------------+-------------+-------------+-------------+-------------+-------------+-------------+-------------+-------------+-------------+-------------+-------------+-------------+-------------+-------------+-------------+-------------+-------------+-------------+-------------+-------------+-------------+-------------+-------------+-------------+-------------+-------------+-------------+
|               Metric              |  f0314:0:0  | f0314:1:1 | f0314:2:2 | f0314:3:3 | f0314:4:4 | f0314:5:5 | f0314:6:6 | f0314:7:7 | f0314:8:8 | f0314:9:9 | f0314:10:10 | f0314:11:11 | f0314:12:12 | f0314:13:13 | f0314:14:14 | f0314:15:15 | f0314:16:16 | f0314:17:17 | f0314:18:18 | f0314:19:19 | f0314:20:20 | f0314:21:21 | f0314:22:22 | f0314:23:23 | f0314:24:24 | f0314:25:25 | f0314:26:26 | f0314:27:27 | f0314:28:28 | f0314:29:29 | f0314:30:30 | f0314:31:31 | f0314:32:32 | f0314:33:33 | f0314:34:34 | f0314:35:35 | f0314:36:36 | f0314:37:37 | f0314:38:38 | f0314:39:39 | f0314:40:40 |
+-----------------------------------+-------------+-----------+-----------+-----------+-----------+-----------+-----------+-----------+-----------+-----------+-------------+-------------+-------------+-------------+-------------+-------------+-------------+-------------+-------------+-------------+-------------+-------------+-------------+-------------+-------------+-------------+-------------+-------------+-------------+-------------+-------------+-------------+-------------+-------------+-------------+-------------+-------------+-------------+-------------+-------------+-------------+
|        Runtime (RDTSC) [s]        |   1200.8190 | 1200.5160 | 1200.4620 | 1200.9090 | 1200.7190 | 1200.7880 | 1200.8740 | 1200.4750 | 1200.5020 | 1200.4610 |   1200.5920 |   1200.6980 |   1200.4720 |   1200.4710 |   1200.4860 |   1200.5670 |   1200.4800 |   1200.5760 |   1200.4470 |   1200.5500 |   1200.4890 |   1200.5630 |   1200.8810 |   1200.4470 |   1200.4530 |   1200.4460 |   1200.7560 |   1200.7790 |   1200.4570 |   1200.4580 |   1200.5220 |   1200.4470 |   1200.4580 |   1200.8180 |   1200.4580 |   1200.4530 |   1200.6940 |   1200.7090 |   1200.5500 |   1200.4550 |   1200.4980 |
|        Runtime unhalted [s]       |   1194.5257 | 1195.2884 | 1195.1282 | 1195.6806 | 1194.5787 | 1195.1989 | 1195.2491 | 1195.1524 | 1195.3633 | 1195.3206 |   1195.1624 |   1195.3573 |   1195.3948 |   1195.3464 |   1195.4884 |   1195.4711 |   1195.3067 |   1195.0244 |   1195.1821 |   1195.0787 |   1195.2347 |   1195.3579 |   1195.4536 |   1195.3960 |   1195.2442 |   1195.1975 |   1195.2579 |   1194.7810 |   1195.3469 |   1195.2548 |   1195.1773 |   1195.4073 |   1195.1356 |   1195.2332 |   1195.3922 |   1195.1358 |   1196.0845 |   1195.9245 |   1195.9614 |   1195.9741 |   1196.0609 |
|            Clock [MHz]            |   2394.3252 | 2394.2137 | 2394.3237 | 2393.4739 | 2394.3080 | 2394.3244 | 2394.2273 | 2394.3275 | 2394.2246 | 2394.3290 |   2394.3237 |   2393.8518 |   2394.3213 |   2394.3257 |   2394.3245 |   2394.3239 |   2394.3261 |   2394.3185 |   2394.3264 |   2394.3259 |   2394.3118 |   2394.3279 |   2394.3237 |   2394.3266 |   2394.3260 |   2394.3246 |   2394.3034 |   2394.3258 |   2394.3081 |   2394.3225 |   2394.3253 |   2394.3257 |   2394.3267 |   2394.3216 |   2394.3231 |   2394.3216 |   2393.9386 |   2394.3264 |   2394.1285 |   2394.3222 |   2394.3235 |
|                CPI                |      0.8497 |    0.8532 |    0.8486 |    0.8497 |    0.8560 |    0.7904 |    0.8498 |    0.8246 |    0.8287 |    0.8540 |      0.7746 |      0.7574 |      0.8321 |      0.8457 |      0.8473 |      0.8054 |      0.7053 |      0.7375 |      0.4961 |      0.4974 |      0.5097 |      0.4997 |      0.5077 |      0.5015 |      0.4967 |      0.4985 |      0.5068 |      0.5057 |      0.5025 |      0.5025 |      0.4986 |      0.5101 |      0.5176 |      0.5097 |      0.5145 |      0.4996 |      0.4073 |      0.4048 |      0.4130 |      0.4071 |      0.4098 |
|             Energy [J]            | 278618.5467 |         0 |         0 |         0 |         0 |         0 |         0 |         0 |         0 |         0 |           0 |           0 |           0 |           0 |           0 |           0 |           0 |           0 |           0 |           0 |           0 |           0 |           0 |           0 |           0 |           0 |           0 |           0 |           0 |           0 |           0 |           0 |           0 |           0 |           0 |           0 | 138631.7395 |           0 |           0 |           0 |           0 |
|             Power [W]             |    232.0238 |         0 |         0 |         0 |         0 |         0 |         0 |         0 |         0 |         0 |           0 |           0 |           0 |           0 |           0 |           0 |           0 |           0 |           0 |           0 |           0 |           0 |           0 |           0 |           0 |           0 |           0 |           0 |           0 |           0 |           0 |           0 |           0 |           0 |           0 |           0 |    115.4597 |           0 |           0 |           0 |           0 |
|          Energy DRAM [J]          |  25710.8132 |         0 |         0 |         0 |         0 |         0 |         0 |         0 |         0 |         0 |           0 |           0 |           0 |           0 |           0 |           0 |           0 |           0 |           0 |           0 |           0 |           0 |           0 |           0 |           0 |           0 |           0 |           0 |           0 |           0 |           0 |           0 |           0 |           0 |           0 |           0 |  11302.6028 |           0 |           0 |           0 |           0 |
|           Power DRAM [W]          |     21.4111 |         0 |         0 |         0 |         0 |         0 |         0 |         0 |         0 |         0 |           0 |           0 |           0 |           0 |           0 |           0 |           0 |           0 |           0 |           0 |           0 |           0 |           0 |           0 |           0 |           0 |           0 |           0 |           0 |           0 |           0 |           0 |           0 |           0 |           0 |           0 |      9.4134 |           0 |           0 |           0 |           0 |
|            DP [MFLOP/s]           |   1612.4543 | 1612.5589 | 1626.0651 | 1612.0312 | 1612.2862 | 1612.1936 | 1612.0781 | 1612.6139 | 1626.0109 | 1612.6327 |   1612.4568 |   1612.3144 |   1612.6179 |   1612.6193 |   1626.0325 |   1612.4903 |   1612.6072 |   1612.4782 |   1612.6515 |   1612.5131 |   1626.0285 |   1612.4957 |   1612.0686 |   1612.6515 |   1612.6434 |   1612.6528 |   1625.6668 |   1612.2055 |   1612.6380 |   1612.6366 |   1612.5507 |   1612.6514 |   1626.0704 |   1612.1532 |   1612.6366 |   1612.6434 |   1612.3197 |   1612.2995 |   1625.9458 |   1612.6407 |   1612.5828 |
|          AVX DP [MFLOP/s]         |    294.8638 |  294.6364 |  290.1512 |  294.5400 |  294.5866 |  294.5697 |  294.5486 |  294.6465 |  290.1415 |  294.6499 |    294.6178 |    294.5917 |    294.6472 |    294.6475 |    290.1454 |    294.6239 |    294.6452 |    294.6217 |    294.6533 |    294.6281 |    290.1447 |    294.6249 |    294.5469 |    294.6533 |    294.6519 |    294.6536 |    290.0801 |    294.5719 |    294.6509 |    294.6506 |    294.6349 |    294.6533 |    290.1522 |    294.5623 |    294.6506 |    294.6519 |    294.5927 |    294.5890 |    290.1299 |    294.6514 |    294.6408 |
|          Packed [MUOPS/s]         |     36.8580 |   36.8296 |   36.2689 |   36.8175 |   36.8233 |   36.8212 |   36.8186 |   36.8308 |   36.2677 |   36.8312 |     36.8272 |     36.8240 |     36.8309 |     36.8309 |     36.2682 |     36.8280 |     36.8307 |     36.8277 |     36.8317 |     36.8285 |     36.2681 |     36.8281 |     36.8184 |     36.8317 |     36.8315 |     36.8317 |     36.2600 |     36.8215 |     36.8314 |     36.8313 |     36.8294 |     36.8317 |     36.2690 |     36.8203 |     36.8313 |     36.8315 |     36.8241 |     36.8236 |     36.2662 |     36.8314 |     36.8301 |
|          Scalar [MUOPS/s]         |   1317.5904 | 1317.9225 | 1335.9139 | 1317.4912 | 1317.6996 | 1317.6239 | 1317.5295 | 1317.9675 | 1335.8694 | 1317.9828 |   1317.8390 |   1317.7227 |   1317.9707 |   1317.9718 |   1335.8871 |   1317.8664 |   1317.9619 |   1317.8565 |   1317.9981 |   1317.8851 |   1335.8838 |   1317.8708 |   1317.5218 |   1317.9981 |   1317.9915 |   1317.9992 |   1335.5867 |   1317.6337 |   1317.9871 |   1317.9860 |   1317.9158 |   1317.9981 |   1335.9182 |   1317.5909 |   1317.9860 |   1317.9915 |   1317.7269 |   1317.7105 |   1335.8158 |   1317.9893 |   1317.9420 |
|  Memory read bandwidth [MBytes/s] |  73177.6518 |         0 |         0 |         0 |         0 |         0 |         0 |         0 |         0 |         0 |           0 |           0 |           0 |           0 |           0 |           0 |           0 |           0 |           0 |           0 |           0 |           0 |           0 |           0 |           0 |           0 |           0 |           0 |           0 |           0 |           0 |           0 |           0 |           0 |           0 |           0 |   6435.2727 |           0 |           0 |           0 |           0 |
|  Memory read data volume [GBytes] |  87873.1147 |         0 |         0 |         0 |         0 |         0 |         0 |         0 |         0 |         0 |           0 |           0 |           0 |           0 |           0 |           0 |           0 |           0 |           0 |           0 |           0 |           0 |           0 |           0 |           0 |           0 |           0 |           0 |           0 |           0 |           0 |           0 |           0 |           0 |           0 |           0 |   7726.7934 |           0 |           0 |           0 |           0 |
| Memory write bandwidth [MBytes/s] |  37400.0118 |         0 |         0 |         0 |         0 |         0 |         0 |         0 |         0 |         0 |           0 |           0 |           0 |           0 |           0 |           0 |           0 |           0 |           0 |           0 |           0 |           0 |           0 |           0 |           0 |           0 |           0 |           0 |           0 |           0 |           0 |           0 |           0 |           0 |           0 |           0 |   3920.5318 |           0 |           0 |           0 |           0 |
| Memory write data volume [GBytes] |  44910.6448 |         0 |         0 |         0 |         0 |         0 |         0 |         0 |         0 |         0 |           0 |           0 |           0 |           0 |           0 |           0 |           0 |           0 |           0 |           0 |           0 |           0 |           0 |           0 |           0 |           0 |           0 |           0 |           0 |           0 |           0 |           0 |           0 |           0 |           0 |           0 |   4707.3590 |           0 |           0 |           0 |           0 |
|    Memory bandwidth [MBytes/s]    | 110577.6637 |         0 |         0 |         0 |         0 |         0 |         0 |         0 |         0 |         0 |           0 |           0 |           0 |           0 |           0 |           0 |           0 |           0 |           0 |           0 |           0 |           0 |           0 |           0 |           0 |           0 |           0 |           0 |           0 |           0 |           0 |           0 |           0 |           0 |           0 |           0 |  10355.8045 |           0 |           0 |           0 |           0 |
|    Memory data volume [GBytes]    | 132783.7595 |         0 |         0 |         0 |         0 |         0 |         0 |         0 |         0 |         0 |           0 |           0 |           0 |           0 |           0 |           0 |           0 |           0 |           0 |           0 |           0 |           0 |           0 |           0 |           0 |           0 |           0 |           0 |           0 |           0 |           0 |           0 |           0 |           0 |           0 |           0 |  12434.1523 |           0 |           0 |           0 |           0 |
|       Operational intensity       |      0.0146 |         0 |         0 |         0 |         0 |         0 |         0 |         0 |         0 |         0 |           0 |           0 |           0 |           0 |           0 |           0 |           0 |           0 |           0 |           0 |           0 |           0 |           0 |           0 |           0 |           0 |           0 |           0 |           0 |           0 |           0 |           0 |           0 |           0 |           0 |           0 |      0.1557 |           0 |           0 |           0 |           0 |
+-----------------------------------+-------------+-----------+-----------+-----------+-----------+-----------+-----------+-----------+-----------+-----------+-------------+-------------+-------------+-------------+-------------+-------------+-------------+-------------+-------------+-------------+-------------+-------------+-------------+-------------+-------------+-------------+-------------+-------------+-------------+-------------+-------------+-------------+-------------+-------------+-------------+-------------+-------------+-------------+-------------+-------------+-------------+

+----------------------------------------+-------------+-----------+-------------+------------+-----------+-----------+-----------+
|                 Metric                 |     Sum     |    Min    |     Max     |     Avg    |  %ile 25  |  %ile 50  |  %ile 75  |
+----------------------------------------+-------------+-----------+-------------+------------+-----------+-----------+-----------+
|        Runtime (RDTSC) [s] STAT        |  49223.6550 | 1200.4460 |   1200.9090 |  1200.5770 | 1200.4580 | 1200.5020 | 1200.6980 |
|        Runtime unhalted [s] STAT       |  49008.3095 | 1194.5257 |   1196.0845 |  1195.3246 | 1195.1624 | 1195.2884 | 1195.3960 |
|            Clock [MHz] STAT            |  98165.0287 | 2393.4739 |   2394.3290 |  2394.2690 | 2394.3081 | 2394.3237 | 2394.3258 |
|                CPI STAT                |     25.8269 |    0.4048 |      0.8560 |     0.6299 |    0.4986 |    0.5101 |    0.8287 |
|             Energy [J] STAT            | 417250.2862 |         0 | 278618.5467 | 10176.8362 |         0 |         0 |         0 |
|             Power [W] STAT             |    347.4835 |         0 |    232.0238 |     8.4752 |         0 |         0 |         0 |
|          Energy DRAM [J] STAT          |  37013.4160 |         0 |  25710.8132 |   902.7662 |         0 |         0 |         0 |
|           Power DRAM [W] STAT          |     30.8245 |         0 |     21.4111 |     0.7518 |         0 |         0 |         0 |
|            DP [MFLOP/s] STAT           |  66205.8877 | 1612.0312 |   1626.0704 |  1614.7777 | 1612.3197 | 1612.6139 | 1612.6514 |
|          AVX DP [MFLOP/s] STAT         |  12048.2938 |  290.0801 |    294.8638 |   293.8608 |  294.5486 |  294.6249 |  294.6506 |
|          Packed [MUOPS/s] STAT         |   1506.0369 |   36.2600 |     36.8580 |    36.7326 |   36.8186 |   36.8281 |   36.8313 |
|          Scalar [MUOPS/s] STAT         |  54157.5937 | 1317.4912 |   1335.9182 |  1320.9169 | 1317.7227 | 1317.9675 | 1317.9981 |
|  Memory read bandwidth [MBytes/s] STAT |  79612.9245 |         0 |  73177.6518 |  1941.7786 |         0 |         0 |         0 |
|  Memory read data volume [GBytes] STAT |  95599.9081 |         0 |  87873.1147 |  2331.7051 |         0 |         0 |         0 |
| Memory write bandwidth [MBytes/s] STAT |  41320.5436 |         0 |  37400.0118 |  1007.8181 |         0 |         0 |         0 |
| Memory write data volume [GBytes] STAT |  49618.0038 |         0 |  44910.6448 |  1210.1952 |         0 |         0 |         0 |
|    Memory bandwidth [MBytes/s] STAT    | 120933.4682 |         0 | 110577.6637 |  2949.5968 |         0 |         0 |         0 |
|    Memory data volume [GBytes] STAT    | 145217.9118 |         0 | 132783.7595 |  3541.9003 |         0 |         0 |         0 |
|       Operational intensity STAT       |      0.1703 |         0 |      0.1557 |     0.0042 |         0 |         0 |         0 |
+----------------------------------------+-------------+-----------+-------------+------------+-----------+-----------+-----------+

