WARN: Cannot extract OpenMP vendor from executable or commandline, assuming no OpenMP
 nx_glob, nz_glob:                  3000                  1250
 dx,dz:    8.00000000000000        8.00000000000000     
 dt:   2.666666666666666E-002
Group: 1
+------------------------------------------+---------+----------------+----------------+----------------+----------------+----------------+----------------+----------------+----------------+----------------+----------------+----------------+----------------+----------------+----------------+----------------+----------------+----------------+----------------+----------------+----------------+----------------+----------------+----------------+----------------+----------------+----------------+----------------+----------------+----------------+----------------+----------------+----------------+----------------+----------------+----------------+----------------+----------------+----------------+----------------+----------------+----------------+----------------+----------------+
|                   Event                  | Counter |    f0314:0:0   |    f0314:1:1   |    f0314:2:2   |    f0314:3:3   |    f0314:4:4   |    f0314:5:5   |    f0314:6:6   |    f0314:7:7   |    f0314:8:8   |    f0314:9:9   |   f0314:10:10  |   f0314:11:11  |   f0314:12:12  |   f0314:13:13  |   f0314:14:14  |   f0314:15:15  |   f0314:16:16  |   f0314:17:17  |   f0314:18:18  |   f0314:19:19  |   f0314:20:20  |   f0314:21:21  |   f0314:22:22  |   f0314:23:23  |   f0314:24:24  |   f0314:25:25  |   f0314:26:26  |   f0314:27:27  |   f0314:28:28  |   f0314:29:29  |   f0314:30:30  |   f0314:31:31  |   f0314:32:32  |   f0314:33:33  |   f0314:34:34  |   f0314:35:35  |   f0314:36:36  |   f0314:37:37  |   f0314:38:38  |   f0314:39:39  |   f0314:40:40  |   f0314:41:41  |   f0314:42:42  |
+------------------------------------------+---------+----------------+----------------+----------------+----------------+----------------+----------------+----------------+----------------+----------------+----------------+----------------+----------------+----------------+----------------+----------------+----------------+----------------+----------------+----------------+----------------+----------------+----------------+----------------+----------------+----------------+----------------+----------------+----------------+----------------+----------------+----------------+----------------+----------------+----------------+----------------+----------------+----------------+----------------+----------------+----------------+----------------+----------------+----------------+
|             INSTR_RETIRED_ANY            |  FIXC0  |  5433678076265 |  5507485064146 |  5461805121322 |  5417377648231 |  5405260470393 |  5458739039615 |  5537440921854 |  5498843419425 |  5521862942932 |  5577877326222 |  5595693736902 |  5493991274025 |  5520939517867 |  5573928807975 |  5470646831543 |  5555215108190 |  5468198032102 |  5382269619260 |  4205655060186 |  4240669282680 |  3527830780254 |  3223039916844 |  3223678400017 |  3196169878030 |  3230058302955 |  3226126505994 |  3412959500962 |  3748344825696 |  3276733839738 |  3263172959996 |  3213237622709 |  3197370989297 |  3256346531364 |  3365227009863 |  3196892451356 |  3191890190425 |  6571205289053 |  6567765312309 |  6545285788872 |  6566355101125 |  6573577863103 |  6560670087425 |  6569297275350 |
|           CPU_CLK_UNHALTED_CORE          |  FIXC1  |  2710983202760 |  2712433815577 |  2712334928485 |  2712495930870 |  2712247358097 |  2712416101069 |  2712033579456 |  2712303770371 |  2712446560922 |  2712318430731 |  2712457476956 |  2712293806354 |  2712661862453 |  2712545401980 |  2710892958041 |  2712426684200 |  2713196917383 |  2712653130110 |  2711965401482 |  2711560239585 |  2711331371987 |  2711565344943 |  2710954427663 |  2711584251502 |  2711298547406 |  2711154869247 |  2711586846196 |  2710020326901 |  2711467451252 |  2710557448115 |  2711257982690 |  2711683738336 |  2710926783503 |  2711100214080 |  2711514247820 |  2711048099509 |  2713654550411 |  2713789179090 |  2713770344782 |  2713651882223 |  2713520951065 |  2713649561360 |  2713736639563 |
|           CPU_CLK_UNHALTED_REF           |  FIXC2  |  2710985768256 |  2712431306496 |  2712334498176 |  2712494404224 |  2712246770112 |  2712413888736 |  2712032767968 |  2712302575008 |  2712444760416 |  2712316432128 |  2712457441152 |  2712294034176 |  2712661048128 |  2712544246944 |  2710892338944 |  2712425841216 |  2713197121824 |  2712653282112 |  2711966110176 |  2711561844768 |  2711332329312 |  2711566147200 |  2710956876960 |  2711586137664 |  2711300004000 |  2711156132064 |  2711589713856 |  2710019795040 |  2711468822112 |  2710559408256 |  2711257749984 |  2711685253152 |  2710928710464 |  2711102849472 |  2711516907168 |  2711050668000 |  2713651503648 |  2713786891200 |  2713769743584 |  2713650188448 |  2713519066656 |  2713648928064 |  2713736321280 |
|               TOPDOWN_SLOTS              |  FIXC3  | 13554916013800 | 13562169077885 | 13561674642425 | 13562479654350 | 13561236790485 | 13562080505345 | 13560167897280 | 13561518851855 | 13562232804610 | 13561592153655 | 13562287384780 | 13561469031770 | 13563309312265 | 13562727009900 | 13554464790205 | 13562133421000 | 13565984586915 | 13563265650550 | 13559827007410 | 13557801197925 | 13556656859935 | 13557826724715 | 13554772138315 | 13557921257510 | 13556492737030 | 13555774346235 | 13557934230980 | 13550101634505 | 13557337256260 | 13552787240575 | 13556289913450 | 13558418691680 | 13554633917515 | 13555501070400 | 13557571239100 | 13555240497545 | 13568272752055 | 13568945895450 | 13568851723910 | 13568259411115 | 13567604755325 | 13568247806800 | 13568683197815 |
|              PWR_PKG_ENERGY              |   PWR0  |    265377.4762 |              0 |              0 |              0 |              0 |              0 |              0 |              0 |              0 |              0 |              0 |              0 |              0 |              0 |              0 |              0 |              0 |              0 |              0 |              0 |              0 |              0 |              0 |              0 |              0 |              0 |              0 |              0 |              0 |              0 |              0 |              0 |              0 |              0 |              0 |              0 |    141297.5067 |              0 |              0 |              0 |              0 |              0 |              0 |
|              PWR_DRAM_ENERGY             |   PWR3  |     24435.7897 |              0 |              0 |              0 |              0 |              0 |              0 |              0 |              0 |              0 |              0 |              0 |              0 |              0 |              0 |              0 |              0 |              0 |              0 |              0 |              0 |              0 |              0 |              0 |              0 |              0 |              0 |              0 |              0 |              0 |              0 |              0 |              0 |              0 |              0 |              0 |     11910.8764 |              0 |              0 |              0 |              0 |              0 |              0 |
| FP_ARITH_INST_RETIRED_128B_PACKED_DOUBLE |   PMC0  |              0 |              0 |              0 |              0 |              0 |              0 |              0 |              0 |              0 |              0 |              0 |              0 |              0 |              0 |              0 |              0 |              0 |              0 |              0 |              0 |              0 |              0 |              0 |              0 |              0 |              0 |              0 |              0 |              0 |              0 |              0 |              0 |              0 |              0 |              0 |              0 |              0 |              0 |              0 |              0 |              0 |              0 |              0 |
|    FP_ARITH_INST_RETIRED_SCALAR_DOUBLE   |   PMC1  |  1517607011029 |  1517606392774 |  1496079522501 |  1517606331554 |  1517606375897 |  1517606395455 |  1496079479203 |  1517606348060 |  1517606354473 |  1517606357042 |  1496079460477 |  1517606344804 |  1517606332617 |  1517606329170 |  1517606324239 |  1496079431275 |  1517606317760 |  1517606261986 |  1517606351478 |  1496079430754 |  1517606309877 |  1517606295366 |  1517606282643 |  1496079384168 |  1517606279047 |  1517606211369 |  1517606244094 |  1496079341477 |  1517606186429 |  1517606275096 |  1517606238515 |  1517606170046 |  1496079349041 |  1517606214575 |  1517606212202 |  1517606223305 |  1496079258540 |  1517606134803 |  1517606177332 |  1517606169642 |  1496079293708 |  1517606106481 |  1517606143017 |
| FP_ARITH_INST_RETIRED_256B_PACKED_DOUBLE |   PMC2  |              0 |              0 |              0 |              0 |              0 |              0 |              0 |              0 |              0 |              0 |              0 |              0 |              0 |              0 |              0 |              0 |              0 |              0 |              0 |              0 |              0 |              0 |              0 |              0 |              0 |              0 |              0 |              0 |              0 |              0 |              0 |              0 |              0 |              0 |              0 |              0 |              0 |              0 |              0 |              0 |              0 |              0 |              0 |
| FP_ARITH_INST_RETIRED_512B_PACKED_DOUBLE |   PMC3  |    40800230763 |    40754936250 |    42104996250 |    40754936250 |    40754936250 |    40754936250 |    42104996250 |    40754936250 |    40754936250 |    40754936250 |    42104996250 |    40754936250 |    40754936250 |    40754936250 |    40754936250 |    42104996250 |    40754936250 |    40754936250 |    40754936250 |    42104996250 |    40754936250 |    40754936250 |    40754936250 |    42104996250 |    40754936250 |    40754936250 |    40754936250 |    42104996250 |    40754936250 |    40754936250 |    40754936250 |    40754936250 |    42104996250 |    40754936250 |    40754936250 |    40754936250 |    42104996250 |    40754936250 |    40754936250 |    40754936250 |    42104996250 |    40754936250 |    40754936250 |
|               CAS_COUNT_RD               | MBOX0C0 |   163111397602 |              0 |              0 |              0 |              0 |              0 |              0 |              0 |              0 |              0 |              0 |              0 |              0 |              0 |              0 |              0 |              0 |              0 |              0 |              0 |              0 |              0 |              0 |              0 |              0 |              0 |              0 |              0 |              0 |              0 |              0 |              0 |              0 |              0 |              0 |              0 |    49028754411 |              0 |              0 |              0 |              0 |              0 |              0 |
|               CAS_COUNT_WR               | MBOX0C1 |    83879847921 |              0 |              0 |              0 |              0 |              0 |              0 |              0 |              0 |              0 |              0 |              0 |              0 |              0 |              0 |              0 |              0 |              0 |              0 |              0 |              0 |              0 |              0 |              0 |              0 |              0 |              0 |              0 |              0 |              0 |              0 |              0 |              0 |              0 |              0 |              0 |    28715780919 |              0 |              0 |              0 |              0 |              0 |              0 |
|               CAS_COUNT_RD               | MBOX1C0 |   163155974373 |              0 |              0 |              0 |              0 |              0 |              0 |              0 |              0 |              0 |              0 |              0 |              0 |              0 |              0 |              0 |              0 |              0 |              0 |              0 |              0 |              0 |              0 |              0 |              0 |              0 |              0 |              0 |              0 |              0 |              0 |              0 |              0 |              0 |              0 |              0 |    49025014211 |              0 |              0 |              0 |              0 |              0 |              0 |
|               CAS_COUNT_WR               | MBOX1C1 |    83878589197 |              0 |              0 |              0 |              0 |              0 |              0 |              0 |              0 |              0 |              0 |              0 |              0 |              0 |              0 |              0 |              0 |              0 |              0 |              0 |              0 |              0 |              0 |              0 |              0 |              0 |              0 |              0 |              0 |              0 |              0 |              0 |              0 |              0 |              0 |              0 |    28703037458 |              0 |              0 |              0 |              0 |              0 |              0 |
|               CAS_COUNT_RD               | MBOX2C0 |   163160244488 |              0 |              0 |              0 |              0 |              0 |              0 |              0 |              0 |              0 |              0 |              0 |              0 |              0 |              0 |              0 |              0 |              0 |              0 |              0 |              0 |              0 |              0 |              0 |              0 |              0 |              0 |              0 |              0 |              0 |              0 |              0 |              0 |              0 |              0 |              0 |    49025388071 |              0 |              0 |              0 |              0 |              0 |              0 |
|               CAS_COUNT_WR               | MBOX2C1 |    83871026150 |              0 |              0 |              0 |              0 |              0 |              0 |              0 |              0 |              0 |              0 |              0 |              0 |              0 |              0 |              0 |              0 |              0 |              0 |              0 |              0 |              0 |              0 |              0 |              0 |              0 |              0 |              0 |              0 |              0 |              0 |              0 |              0 |              0 |              0 |              0 |    28709706445 |              0 |              0 |              0 |              0 |              0 |              0 |
|               CAS_COUNT_RD               | MBOX3C0 |   163150511834 |              0 |              0 |              0 |              0 |              0 |              0 |              0 |              0 |              0 |              0 |              0 |              0 |              0 |              0 |              0 |              0 |              0 |              0 |              0 |              0 |              0 |              0 |              0 |              0 |              0 |              0 |              0 |              0 |              0 |              0 |              0 |              0 |              0 |              0 |              0 |    49024814927 |              0 |              0 |              0 |              0 |              0 |              0 |
|               CAS_COUNT_WR               | MBOX3C1 |    83875887567 |              0 |              0 |              0 |              0 |              0 |              0 |              0 |              0 |              0 |              0 |              0 |              0 |              0 |              0 |              0 |              0 |              0 |              0 |              0 |              0 |              0 |              0 |              0 |              0 |              0 |              0 |              0 |              0 |              0 |              0 |              0 |              0 |              0 |              0 |              0 |    28703480370 |              0 |              0 |              0 |              0 |              0 |              0 |
|               CAS_COUNT_RD               | MBOX4C0 |   162964653962 |              0 |              0 |              0 |              0 |              0 |              0 |              0 |              0 |              0 |              0 |              0 |              0 |              0 |              0 |              0 |              0 |              0 |              0 |              0 |              0 |              0 |              0 |              0 |              0 |              0 |              0 |              0 |              0 |              0 |              0 |              0 |              0 |              0 |              0 |              0 |       29163448 |              0 |              0 |              0 |              0 |              0 |              0 |
|               CAS_COUNT_WR               | MBOX4C1 |    83692969275 |              0 |              0 |              0 |              0 |              0 |              0 |              0 |              0 |              0 |              0 |              0 |              0 |              0 |              0 |              0 |              0 |              0 |              0 |              0 |              0 |              0 |              0 |              0 |              0 |              0 |              0 |              0 |              0 |              0 |              0 |              0 |              0 |              0 |              0 |              0 |       10765544 |              0 |              0 |              0 |              0 |              0 |              0 |
|               CAS_COUNT_RD               | MBOX5C0 |   162955406010 |              0 |              0 |              0 |              0 |              0 |              0 |              0 |              0 |              0 |              0 |              0 |              0 |              0 |              0 |              0 |              0 |              0 |              0 |              0 |              0 |              0 |              0 |              0 |              0 |              0 |              0 |              0 |              0 |              0 |              0 |              0 |              0 |              0 |              0 |              0 |       33825351 |              0 |              0 |              0 |              0 |              0 |              0 |
|               CAS_COUNT_WR               | MBOX5C1 |    83684569836 |              0 |              0 |              0 |              0 |              0 |              0 |              0 |              0 |              0 |              0 |              0 |              0 |              0 |              0 |              0 |              0 |              0 |              0 |              0 |              0 |              0 |              0 |              0 |              0 |              0 |              0 |              0 |              0 |              0 |              0 |              0 |              0 |              0 |              0 |              0 |       15598361 |              0 |              0 |              0 |              0 |              0 |              0 |
|               CAS_COUNT_RD               | MBOX6C0 |   162926027034 |              0 |              0 |              0 |              0 |              0 |              0 |              0 |              0 |              0 |              0 |              0 |              0 |              0 |              0 |              0 |              0 |              0 |              0 |              0 |              0 |              0 |              0 |              0 |              0 |              0 |              0 |              0 |              0 |              0 |              0 |              0 |              0 |              0 |              0 |              0 |       27768114 |              0 |              0 |              0 |              0 |              0 |              0 |
|               CAS_COUNT_WR               | MBOX6C1 |    83683294346 |              0 |              0 |              0 |              0 |              0 |              0 |              0 |              0 |              0 |              0 |              0 |              0 |              0 |              0 |              0 |              0 |              0 |              0 |              0 |              0 |              0 |              0 |              0 |              0 |              0 |              0 |              0 |              0 |              0 |              0 |              0 |              0 |              0 |              0 |              0 |       12465548 |              0 |              0 |              0 |              0 |              0 |              0 |
|               CAS_COUNT_RD               | MBOX7C0 |   162967477296 |              0 |              0 |              0 |              0 |              0 |              0 |              0 |              0 |              0 |              0 |              0 |              0 |              0 |              0 |              0 |              0 |              0 |              0 |              0 |              0 |              0 |              0 |              0 |              0 |              0 |              0 |              0 |              0 |              0 |              0 |              0 |              0 |              0 |              0 |              0 |       29354632 |              0 |              0 |              0 |              0 |              0 |              0 |
|               CAS_COUNT_WR               | MBOX7C1 |    83685640489 |              0 |              0 |              0 |              0 |              0 |              0 |              0 |              0 |              0 |              0 |              0 |              0 |              0 |              0 |              0 |              0 |              0 |              0 |              0 |              0 |              0 |              0 |              0 |              0 |              0 |              0 |              0 |              0 |              0 |              0 |              0 |              0 |              0 |              0 |              0 |       12929473 |              0 |              0 |              0 |              0 |              0 |              0 |
+------------------------------------------+---------+----------------+----------------+----------------+----------------+----------------+----------------+----------------+----------------+----------------+----------------+----------------+----------------+----------------+----------------+----------------+----------------+----------------+----------------+----------------+----------------+----------------+----------------+----------------+----------------+----------------+----------------+----------------+----------------+----------------+----------------+----------------+----------------+----------------+----------------+----------------+----------------+----------------+----------------+----------------+----------------+----------------+----------------+----------------+

+-----------------------------------------------+---------+-----------------+----------------+----------------+--------------+
|                     Event                     | Counter |       Sum       |       Min      |       Max      |      Avg     |
+-----------------------------------------------+---------+-----------------+----------------+----------------+--------------+
|             INSTR_RETIRED_ANY STAT            |  FIXC0  | 206030813723872 |  3191890190425 |  6573577863103 | 4.791414e+12 |
|           CPU_CLK_UNHALTED_CORE STAT          |  FIXC1  | 116619492616526 |  2710020326901 |  2713789179090 | 2.712081e+12 |
|           CPU_CLK_UNHALTED_REF STAT           |  FIXC2  | 116619496628544 |  2710019795040 |  2713786891200 | 2.712081e+12 |
|               TOPDOWN_SLOTS STAT              |  FIXC3  | 583097463082630 | 13550101634505 | 13568945895450 |      nil     |
|              PWR_PKG_ENERGY STAT              |   PWR0  |     406674.9829 |              0 |    265377.4762 |    9457.5577 |
|              PWR_DRAM_ENERGY STAT             |   PWR3  |      36346.6661 |              0 |     24435.7897 |     845.2713 |
| FP_ARITH_INST_RETIRED_128B_PACKED_DOUBLE STAT |   PMC0  |               0 |              0 |              0 |            0 |
|    FP_ARITH_INST_RETIRED_SCALAR_DOUBLE STAT   |   PMC1  |  65041801653321 |  1496079258540 |  1517607011029 | 1.512600e+12 |
| FP_ARITH_INST_RETIRED_256B_PACKED_DOUBLE STAT |   PMC2  |               0 |              0 |              0 |            0 |
| FP_ARITH_INST_RETIRED_512B_PACKED_DOUBLE STAT |   PMC3  |   1766008153263 |    40754936250 |    42104996250 | 4.106996e+10 |
|               CAS_COUNT_RD STAT               | MBOX0C0 |    212140152013 |              0 |   163111397602 | 4.933492e+09 |
|               CAS_COUNT_WR STAT               | MBOX0C1 |    112595628840 |              0 |    83879847921 | 2.618503e+09 |
|               CAS_COUNT_RD STAT               | MBOX1C0 |    212180988584 |              0 |   163155974373 | 4.934442e+09 |
|               CAS_COUNT_WR STAT               | MBOX1C1 |    112581626655 |              0 |    83878589197 | 2.618177e+09 |
|               CAS_COUNT_RD STAT               | MBOX2C0 |    212185632559 |              0 |   163160244488 | 4.934550e+09 |
|               CAS_COUNT_WR STAT               | MBOX2C1 |    112580732595 |              0 |    83871026150 | 2.618157e+09 |
|               CAS_COUNT_RD STAT               | MBOX3C0 |    212175326761 |              0 |   163150511834 | 4.934310e+09 |
|               CAS_COUNT_WR STAT               | MBOX3C1 |    112579367937 |              0 |    83875887567 | 2.618125e+09 |
|               CAS_COUNT_RD STAT               | MBOX4C0 |    162993817410 |              0 |   162964653962 | 3.790554e+09 |
|               CAS_COUNT_WR STAT               | MBOX4C1 |     83703734819 |              0 |    83692969275 | 1.946598e+09 |
|               CAS_COUNT_RD STAT               | MBOX5C0 |    162989231361 |              0 |   162955406010 | 3.790447e+09 |
|               CAS_COUNT_WR STAT               | MBOX5C1 |     83700168197 |              0 |    83684569836 | 1.946516e+09 |
|               CAS_COUNT_RD STAT               | MBOX6C0 |    162953795148 |              0 |   162926027034 | 3.789623e+09 |
|               CAS_COUNT_WR STAT               | MBOX6C1 |     83695759894 |              0 |    83683294346 | 1.946413e+09 |
|               CAS_COUNT_RD STAT               | MBOX7C0 |    162996831928 |              0 |   162967477296 | 3.790624e+09 |
|               CAS_COUNT_WR STAT               | MBOX7C1 |     83698569962 |              0 |    83685640489 | 1.946478e+09 |
+-----------------------------------------------+---------+-----------------+----------------+----------------+--------------+

+-----------------------------------+-------------+-----------+-----------+-----------+-----------+-----------+-----------+-----------+-----------+-----------+-------------+-------------+-------------+-------------+-------------+-------------+-------------+-------------+-------------+-------------+-------------+-------------+-------------+-------------+-------------+-------------+-------------+-------------+-------------+-------------+-------------+-------------+-------------+-------------+-------------+-------------+-------------+-------------+-------------+-------------+-------------+-------------+-------------+
|               Metric              |  f0314:0:0  | f0314:1:1 | f0314:2:2 | f0314:3:3 | f0314:4:4 | f0314:5:5 | f0314:6:6 | f0314:7:7 | f0314:8:8 | f0314:9:9 | f0314:10:10 | f0314:11:11 | f0314:12:12 | f0314:13:13 | f0314:14:14 | f0314:15:15 | f0314:16:16 | f0314:17:17 | f0314:18:18 | f0314:19:19 | f0314:20:20 | f0314:21:21 | f0314:22:22 | f0314:23:23 | f0314:24:24 | f0314:25:25 | f0314:26:26 | f0314:27:27 | f0314:28:28 | f0314:29:29 | f0314:30:30 | f0314:31:31 | f0314:32:32 | f0314:33:33 | f0314:34:34 | f0314:35:35 | f0314:36:36 | f0314:37:37 | f0314:38:38 | f0314:39:39 | f0314:40:40 | f0314:41:41 | f0314:42:42 |
+-----------------------------------+-------------+-----------+-----------+-----------+-----------+-----------+-----------+-----------+-----------+-----------+-------------+-------------+-------------+-------------+-------------+-------------+-------------+-------------+-------------+-------------+-------------+-------------+-------------+-------------+-------------+-------------+-------------+-------------+-------------+-------------+-------------+-------------+-------------+-------------+-------------+-------------+-------------+-------------+-------------+-------------+-------------+-------------+-------------+
|        Runtime (RDTSC) [s]        |   1137.9150 | 1137.8990 | 1137.8850 | 1137.9010 | 1137.9090 | 1137.9040 | 1138.0660 | 1137.9430 | 1137.9760 | 1137.8960 |   1137.9870 |   1137.8770 |   1138.3630 |   1137.8920 |   1137.9740 |   1137.9930 |   1137.9180 |   1137.9530 |   1137.8750 |   1138.0980 |   1137.8740 |   1137.8860 |   1137.8850 |   1138.3440 |   1137.8730 |   1138.1990 |   1138.1360 |   1138.0350 |   1138.1200 |   1137.9020 |   1137.8880 |   1137.8850 |   1137.9170 |   1137.8790 |   1138.0550 |   1138.0160 |   1137.8770 |   1137.8890 |   1137.8710 |   1138.1420 |   1137.8790 |   1137.8710 |   1138.1460 |
|        Runtime unhalted [s]       |   1132.2532 | 1132.8589 | 1132.8169 | 1132.8863 | 1132.7812 | 1132.8532 | 1132.8473 | 1132.8059 | 1132.9612 | 1132.8109 |   1132.8727 |   1132.8002 |   1132.9676 |   1132.9062 |   1132.2520 |   1132.8561 |   1133.1799 |   1132.9961 |   1132.6637 |   1132.4948 |   1132.3991 |   1132.4996 |   1132.2413 |   1132.5052 |   1132.3858 |   1132.3258 |   1132.5046 |   1131.9775 |   1132.6928 |   1132.0742 |   1132.3786 |   1132.5477 |   1132.2316 |   1132.3034 |   1132.4769 |   1132.2829 |   1133.3705 |   1133.4250 |   1133.4196 |   1133.3682 |   1133.3136 |   1133.3690 |   1133.4057 |
|            Clock [MHz]            |   2394.3236 | 2394.3285 | 2394.3282 | 2394.3245 | 2394.3265 | 2394.3246 | 2393.9982 | 2394.3244 | 2394.1229 | 2394.3276 |   2394.3179 |   2394.3264 |   2394.2986 |   2394.3258 |   2394.2494 |   2394.3266 |   2394.3212 |   2394.2298 |   2394.3248 |   2394.3232 |   2394.3240 |   2394.3182 |   2394.3234 |   2394.3222 |   2394.3227 |   2394.3230 |   2394.3249 |   2394.0589 |   2393.8230 |   2394.3266 |   2394.3038 |   2394.3206 |   2394.3201 |   2394.3208 |   2394.3196 |   2394.3181 |   2394.3253 |   2394.3282 |   2394.3215 |   2394.3266 |   2394.3265 |   2394.3220 |   2394.3209 |
|                CPI                |      0.4989 |    0.4925 |    0.4966 |    0.5007 |    0.5018 |    0.4969 |    0.4898 |    0.4932 |    0.4912 |    0.4863 |      0.4847 |      0.4937 |      0.4913 |      0.4866 |      0.4955 |      0.4883 |      0.4962 |      0.5040 |      0.6448 |      0.6394 |      0.7686 |      0.8413 |      0.8410 |      0.8484 |      0.8394 |      0.8404 |      0.7945 |      0.7230 |      0.8275 |      0.8307 |      0.8438 |      0.8481 |      0.8325 |      0.8056 |      0.8482 |      0.8494 |      0.4130 |      0.4132 |      0.4146 |      0.4133 |      0.4128 |      0.4136 |      0.4131 |
|             Energy [J]            | 265377.4762 |         0 |         0 |         0 |         0 |         0 |         0 |         0 |         0 |         0 |           0 |           0 |           0 |           0 |           0 |           0 |           0 |           0 |           0 |           0 |           0 |           0 |           0 |           0 |           0 |           0 |           0 |           0 |           0 |           0 |           0 |           0 |           0 |           0 |           0 |           0 | 141297.5067 |           0 |           0 |           0 |           0 |           0 |           0 |
|             Power [W]             |    233.2138 |         0 |         0 |         0 |         0 |         0 |         0 |         0 |         0 |         0 |           0 |           0 |           0 |           0 |           0 |           0 |           0 |           0 |           0 |           0 |           0 |           0 |           0 |           0 |           0 |           0 |           0 |           0 |           0 |           0 |           0 |           0 |           0 |           0 |           0 |           0 |    124.1764 |           0 |           0 |           0 |           0 |           0 |           0 |
|          Energy DRAM [J]          |  24435.7897 |         0 |         0 |         0 |         0 |         0 |         0 |         0 |         0 |         0 |           0 |           0 |           0 |           0 |           0 |           0 |           0 |           0 |           0 |           0 |           0 |           0 |           0 |           0 |           0 |           0 |           0 |           0 |           0 |           0 |           0 |           0 |           0 |           0 |           0 |           0 |  11910.8764 |           0 |           0 |           0 |           0 |           0 |           0 |
|           Power DRAM [W]          |     21.4742 |         0 |         0 |         0 |         0 |         0 |         0 |         0 |         0 |         0 |           0 |           0 |           0 |           0 |           0 |           0 |           0 |           0 |           0 |           0 |           0 |           0 |           0 |           0 |           0 |           0 |           0 |           0 |           0 |           0 |           0 |           0 |           0 |           0 |           0 |           0 |     10.4676 |           0 |           0 |           0 |           0 |           0 |           0 |
|            DP [MFLOP/s]           |   1620.5155 | 1620.2193 | 1610.8126 | 1620.2164 | 1620.2050 | 1620.2121 | 1610.5564 | 1620.1566 | 1620.1096 | 1620.2235 |   1610.6682 |   1620.2505 |   1619.5588 |   1620.2292 |   1620.1124 |   1610.6596 |   1620.1921 |   1620.1423 |   1620.2534 |   1610.5110 |   1620.2548 |   1620.2377 |   1620.2391 |   1610.1630 |   1620.2562 |   1619.7921 |   1619.8817 |   1610.6001 |   1619.9045 |   1620.2149 |   1620.2348 |   1620.2390 |   1610.7671 |   1620.2476 |   1619.9970 |   1620.0525 |   1610.8237 |   1620.2333 |   1620.2589 |   1619.8731 |   1610.8209 |   1620.2589 |   1619.8674 |
|          AVX DP [MFLOP/s]         |    286.8420 |  286.5276 |  296.0229 |  286.5271 |  286.5251 |  286.5264 |  295.9758 |  286.5165 |  286.5082 |  286.5284 |    295.9963 |    286.5332 |    286.4108 |    286.5294 |    286.5087 |    295.9948 |    286.5228 |    286.5140 |    286.5337 |    295.9675 |    286.5339 |    286.5309 |    286.5311 |    295.9035 |    286.5342 |    286.4521 |    286.4680 |    295.9838 |    286.4720 |    286.5269 |    286.5304 |    286.5311 |    296.0145 |    286.5327 |    286.4883 |    286.4982 |    296.0249 |    286.5301 |    286.5347 |    286.4664 |    296.0244 |    286.5347 |    286.4654 |
|          Packed [MUOPS/s]         |     35.8553 |   35.8160 |   37.0029 |   35.8159 |   35.8156 |   35.8158 |   36.9970 |   35.8146 |   35.8135 |   35.8160 |     36.9995 |     35.8166 |     35.8014 |     35.8162 |     35.8136 |     36.9993 |     35.8154 |     35.8143 |     35.8167 |     36.9959 |     35.8167 |     35.8164 |     35.8164 |     36.9879 |     35.8168 |     35.8065 |     35.8085 |     36.9980 |     35.8090 |     35.8159 |     35.8163 |     35.8164 |     37.0018 |     35.8166 |     35.8110 |     35.8123 |     37.0031 |     35.8163 |     35.8168 |     35.8083 |     37.0031 |     35.8168 |     35.8082 |
|          Scalar [MUOPS/s]         |   1333.6734 | 1333.6916 | 1314.7897 | 1333.6893 | 1333.6799 | 1333.6858 | 1314.5806 | 1333.6400 | 1333.6014 | 1333.6951 |   1314.6718 |   1333.7174 |   1333.1480 |   1333.6998 |   1333.6037 |   1314.6649 |   1333.6693 |   1333.6282 |   1333.7197 |   1314.5436 |   1333.7209 |   1333.7068 |   1333.7080 |   1314.2595 |   1333.7220 |   1333.3400 |   1333.4138 |   1314.6163 |   1333.4325 |   1333.6880 |   1333.7044 |   1333.7079 |   1314.7526 |   1333.7149 |   1333.5087 |   1333.5544 |   1314.7988 |   1333.7031 |   1333.7243 |   1333.4067 |   1314.7965 |   1333.7242 |   1333.4020 |
|  Memory read bandwidth [MBytes/s] |  73363.1847 |         0 |         0 |         0 |         0 |         0 |         0 |         0 |         0 |         0 |           0 |           0 |           0 |           0 |           0 |           0 |           0 |           0 |           0 |           0 |           0 |           0 |           0 |           0 |           0 |           0 |           0 |           0 |           0 |           0 |           0 |           0 |           0 |           0 |           0 |           0 |  11036.6422 |           0 |           0 |           0 |           0 |           0 |           0 |
|  Memory read data volume [GBytes] |  83481.0683 |         0 |         0 |         0 |         0 |         0 |         0 |         0 |         0 |         0 |           0 |           0 |           0 |           0 |           0 |           0 |           0 |           0 |           0 |           0 |           0 |           0 |           0 |           0 |           0 |           0 |           0 |           0 |           0 |           0 |           0 |           0 |           0 |           0 |           0 |           0 |  12558.3413 |           0 |           0 |           0 |           0 |           0 |           0 |
| Memory write bandwidth [MBytes/s] |  37697.1187 |         0 |         0 |         0 |         0 |         0 |         0 |         0 |         0 |         0 |           0 |           0 |           0 |           0 |           0 |           0 |           0 |           0 |           0 |           0 |           0 |           0 |           0 |           0 |           0 |           0 |           0 |           0 |           0 |           0 |           0 |           0 |           0 |           0 |           0 |           0 |   6461.6482 |           0 |           0 |           0 |           0 |           0 |           0 |
| Memory write data volume [GBytes] |  42896.1168 |         0 |         0 |         0 |         0 |         0 |         0 |         0 |         0 |         0 |           0 |           0 |           0 |           0 |           0 |           0 |           0 |           0 |           0 |           0 |           0 |           0 |           0 |           0 |           0 |           0 |           0 |           0 |           0 |           0 |           0 |           0 |           0 |           0 |           0 |           0 |   7352.5609 |           0 |           0 |           0 |           0 |           0 |           0 |
|    Memory bandwidth [MBytes/s]    | 111060.3034 |         0 |         0 |         0 |         0 |         0 |         0 |         0 |         0 |         0 |           0 |           0 |           0 |           0 |           0 |           0 |           0 |           0 |           0 |           0 |           0 |           0 |           0 |           0 |           0 |           0 |           0 |           0 |           0 |           0 |           0 |           0 |           0 |           0 |           0 |           0 |  17498.2904 |           0 |           0 |           0 |           0 |           0 |           0 |
|    Memory data volume [GBytes]    | 126377.1851 |         0 |         0 |         0 |         0 |         0 |         0 |         0 |         0 |         0 |           0 |           0 |           0 |           0 |           0 |           0 |           0 |           0 |           0 |           0 |           0 |           0 |           0 |           0 |           0 |           0 |           0 |           0 |           0 |           0 |           0 |           0 |           0 |           0 |           0 |           0 |  19910.9022 |           0 |           0 |           0 |           0 |           0 |           0 |
|       Operational intensity       |      0.0146 |         0 |         0 |         0 |         0 |         0 |         0 |         0 |         0 |         0 |           0 |           0 |           0 |           0 |           0 |           0 |           0 |           0 |           0 |           0 |           0 |           0 |           0 |           0 |           0 |           0 |           0 |           0 |           0 |           0 |           0 |           0 |           0 |           0 |           0 |           0 |      0.0921 |           0 |           0 |           0 |           0 |           0 |           0 |
+-----------------------------------+-------------+-----------+-----------+-----------+-----------+-----------+-----------+-----------+-----------+-----------+-------------+-------------+-------------+-------------+-------------+-------------+-------------+-------------+-------------+-------------+-------------+-------------+-------------+-------------+-------------+-------------+-------------+-------------+-------------+-------------+-------------+-------------+-------------+-------------+-------------+-------------+-------------+-------------+-------------+-------------+-------------+-------------+-------------+

+----------------------------------------+-------------+-----------+-------------+-----------+-----------+-----------+-----------+
|                 Metric                 |     Sum     |    Min    |     Max     |    Avg    |  %ile 25  |  %ile 50  |  %ile 75  |
+----------------------------------------+-------------+-----------+-------------+-----------+-----------+-----------+-----------+
|        Runtime (RDTSC) [s] STAT        |  48932.7930 | 1137.8710 |   1138.3630 | 1137.9719 | 1137.8850 | 1137.9090 | 1138.0160 |
|        Runtime unhalted [s] STAT       |  48707.3629 | 1131.9775 |   1133.4250 | 1132.7294 | 1132.3858 | 1132.8002 | 1132.9062 |
|            Clock [MHz] STAT            | 102954.4136 | 2393.8230 |   2394.3285 | 2394.2887 | 2394.3182 | 2394.3230 | 2394.3253 |
|                CPI STAT                |     26.2484 |    0.4128 |      0.8494 |    0.6104 |    0.4883 |    0.4989 |    0.8275 |
|             Energy [J] STAT            | 406674.9829 |         0 | 265377.4762 | 9457.5577 |         0 |         0 |         0 |
|             Power [W] STAT             |    357.3902 |         0 |    233.2138 |    8.3114 |         0 |         0 |         0 |
|          Energy DRAM [J] STAT          |  36346.6661 |         0 |  24435.7897 |  845.2713 |         0 |         0 |         0 |
|           Power DRAM [W] STAT          |     31.9418 |         0 |     21.4742 |    0.7428 |         0 |         0 |         0 |
|            DP [MFLOP/s] STAT           |  69571.0228 | 1610.1630 |   1620.5155 | 1617.9308 | 1619.5588 | 1620.1566 | 1620.2348 |
|          AVX DP [MFLOP/s] STAT         |  12415.1234 |  286.4108 |    296.0249 |  288.7238 |  286.5140 |  286.5304 |  286.5347 |
|          Packed [MUOPS/s] STAT         |   1551.8906 |   35.8014 |     37.0031 |   36.0905 |   35.8143 |   35.8163 |   35.8168 |
|          Scalar [MUOPS/s] STAT         |  57155.8995 | 1314.2595 |   1333.7243 | 1329.2070 | 1333.1480 | 1333.6400 | 1333.7031 |
|  Memory read bandwidth [MBytes/s] STAT |  84399.8269 |         0 |  73363.1847 | 1962.7867 |         0 |         0 |         0 |
|  Memory read data volume [GBytes] STAT |  96039.4096 |         0 |  83481.0683 | 2233.4746 |         0 |         0 |         0 |
| Memory write bandwidth [MBytes/s] STAT |  44158.7669 |         0 |  37697.1187 | 1026.9481 |         0 |         0 |         0 |
| Memory write data volume [GBytes] STAT |  50248.6777 |         0 |  42896.1168 | 1168.5739 |         0 |         0 |         0 |
|    Memory bandwidth [MBytes/s] STAT    | 128558.5938 |         0 | 111060.3034 | 2989.7347 |         0 |         0 |         0 |
|    Memory data volume [GBytes] STAT    | 146288.0873 |         0 | 126377.1851 | 3402.0485 |         0 |         0 |         0 |
|       Operational intensity STAT       |      0.1067 |         0 |      0.0921 |    0.0025 |         0 |         0 |         0 |
+----------------------------------------+-------------+-----------+-------------+-----------+-----------+-----------+-----------+

