WARN: Cannot extract OpenMP vendor from executable or commandline, assuming no OpenMP
 nx_glob, nz_glob:                  3000                  1250
 dx,dz:    8.00000000000000        8.00000000000000     
 dt:   2.666666666666666E-002
Group: 1
+------------------------------------------+---------+----------------+----------------+----------------+----------------+----------------+----------------+----------------+----------------+----------------+----------------+----------------+----------------+----------------+----------------+----------------+----------------+----------------+----------------+----------------+----------------+----------------+----------------+----------------+----------------+----------------+----------------+----------------+----------------+----------------+----------------+----------------+----------------+----------------+----------------+----------------+----------------+----------------+----------------+----------------+
|                   Event                  | Counter |    f0314:0:0   |    f0314:1:1   |    f0314:2:2   |    f0314:3:3   |    f0314:4:4   |    f0314:5:5   |    f0314:6:6   |    f0314:7:7   |    f0314:8:8   |    f0314:9:9   |   f0314:10:10  |   f0314:11:11  |   f0314:12:12  |   f0314:13:13  |   f0314:14:14  |   f0314:15:15  |   f0314:16:16  |   f0314:17:17  |   f0314:18:18  |   f0314:19:19  |   f0314:20:20  |   f0314:21:21  |   f0314:22:22  |   f0314:23:23  |   f0314:24:24  |   f0314:25:25  |   f0314:26:26  |   f0314:27:27  |   f0314:28:28  |   f0314:29:29  |   f0314:30:30  |   f0314:31:31  |   f0314:32:32  |   f0314:33:33  |   f0314:34:34  |   f0314:35:35  |   f0314:36:36  |   f0314:37:37  |   f0314:38:38  |
+------------------------------------------+---------+----------------+----------------+----------------+----------------+----------------+----------------+----------------+----------------+----------------+----------------+----------------+----------------+----------------+----------------+----------------+----------------+----------------+----------------+----------------+----------------+----------------+----------------+----------------+----------------+----------------+----------------+----------------+----------------+----------------+----------------+----------------+----------------+----------------+----------------+----------------+----------------+----------------+----------------+----------------+
|             INSTR_RETIRED_ANY            |  FIXC0  |  6060286542045 |  6068840251510 |  5977005418998 |  5941264288450 |  6062573280860 |  6026259588734 |  6158763743889 |  6006865721635 |  5887326180689 |  6101861363259 |  5964170415298 |  6013591403187 |  5975838194434 |  5962262399129 |  5987318924414 |  6081760076065 |  5988624538452 |  5967315762845 |  5030504446883 |  4082403959334 |  3499479061735 |  3603646118547 |  3498832748750 |  3580452728676 |  3499993338792 |  3545314350861 |  3654621817875 |  3968391387280 |  4008146664870 |  3535864433687 |  3604795005367 |  3498635164859 |  3966134617130 |  3514588158392 |  3503361743448 |  4075681323222 |  7417688986539 |  7440049738612 |  7443811657194 |
|           CPU_CLK_UNHALTED_CORE          |  FIXC1  |  2979123426280 |  2980737303943 |  2980006780391 |  2980847157626 |  2980677382955 |  2980425535468 |  2980293841066 |  2980841452512 |  2980497673973 |  2980296485229 |  2980808602939 |  2980522403682 |  2978871089134 |  2980478414463 |  2980616383879 |  2980798055281 |  2981232117235 |  2980899545920 |  2980374966033 |  2979423035192 |  2980287730255 |  2980175745281 |  2979900202549 |  2980102236817 |  2979806072785 |  2979560746128 |  2980170755650 |  2978235556220 |  2979918940522 |  2979496830984 |  2979974113621 |  2979748839171 |  2979351174378 |  2979454209443 |  2980481359690 |  2979972201103 |  2982341433290 |  2982471490723 |  2982574365058 |
|           CPU_CLK_UNHALTED_REF           |  FIXC2  |  2979123839712 |  2980737285504 |  2980004489568 |  2980846016928 |  2980678264224 |  2980423972320 |  2980293338016 |  2980840372032 |  2980495899168 |  2980293847488 |  2980807577376 |  2980523118048 |  2978870671296 |  2980477726752 |  2980614664416 |  2980798236000 |  2981232763008 |  2980900352448 |  2980375627200 |  2979424191648 |  2980289472288 |  2980177838400 |  2979902255328 |  2980102875744 |  2979807646464 |  2979563200416 |  2980172403264 |  2978235807552 |  2979920013888 |  2979499998336 |  2979974431008 |  2979750497472 |  2979353059872 |  2979456426720 |  2980483312512 |  2979975003648 |  2982339635136 |  2982472582272 |  2982572938752 |
|               TOPDOWN_SLOTS              |  FIXC3  | 14895617131400 | 14903686519715 | 14900033901955 | 14904235788130 | 14903386914775 | 14902127677340 | 14901469205330 | 14904207262560 | 14902488369865 | 14901482426145 | 14904043014695 | 14902612018410 | 14894355445670 | 14902392072315 | 14903081919395 | 14903990276405 | 14906160586175 | 14904497729600 | 14901874830165 | 14897115175960 | 14901438651275 | 14900878726405 | 14899501012745 | 14900511184085 | 14899030363925 | 14897803730640 | 14900853778250 | 14891177781100 | 14899594702610 | 14897484154920 | 14899870568105 | 14898744195855 | 14896755871890 | 14897271047215 | 14902406798450 | 14899861005515 | 14911707166450 | 14912357453615 | 14912871825290 |
|              PWR_PKG_ENERGY              |   PWR0  |    291841.8439 |              0 |              0 |              0 |              0 |              0 |              0 |              0 |              0 |              0 |              0 |              0 |              0 |              0 |              0 |              0 |              0 |              0 |              0 |              0 |              0 |              0 |              0 |              0 |              0 |              0 |              0 |              0 |              0 |              0 |              0 |              0 |              0 |              0 |              0 |              0 |    131785.5082 |              0 |              0 |
|              PWR_DRAM_ENERGY             |   PWR3  |     26937.7238 |              0 |              0 |              0 |              0 |              0 |              0 |              0 |              0 |              0 |              0 |              0 |              0 |              0 |              0 |              0 |              0 |              0 |              0 |              0 |              0 |              0 |              0 |              0 |              0 |              0 |              0 |              0 |              0 |              0 |              0 |              0 |              0 |              0 |              0 |              0 |     10430.4145 |              0 |              0 |
| FP_ARITH_INST_RETIRED_128B_PACKED_DOUBLE |   PMC0  |              0 |              0 |              0 |              0 |              0 |              0 |              0 |              0 |              0 |              0 |              0 |              0 |              0 |              0 |              0 |              0 |              0 |              0 |              0 |              0 |              0 |              0 |              0 |              0 |              0 |              0 |              0 |              0 |              0 |              0 |              0 |              0 |              0 |              0 |              0 |              0 |              0 |              0 |              0 |
|    FP_ARITH_INST_RETIRED_SCALAR_DOUBLE   |   PMC1  |  1668295122304 |  1668294515272 |  1668294511000 |  1668294512197 |  1668294517084 |  1668294487613 |  1646767595580 |  1668294474970 |  1668294475208 |  1668294470055 |  1668294453930 |  1668294467681 |  1668294474230 |  1668294468098 |  1668294453821 |  1668294453989 |  1668294416349 |  1668294447097 |  1668294444042 |  1646767544237 |  1668294416526 |  1668294432380 |  1668294412219 |  1668294413706 |  1668294371787 |  1668294396331 |  1668294405037 |  1668294340871 |  1668294379995 |  1668294343780 |  1668294374102 |  1668294363851 |  1646767468671 |  1668294368515 |  1668294328687 |  1668294330840 |  1668294347021 |  1668294336277 |  1668294327136 |
| FP_ARITH_INST_RETIRED_256B_PACKED_DOUBLE |   PMC2  |              0 |              0 |              0 |              0 |              0 |              0 |              0 |              0 |              0 |              0 |              0 |              0 |              0 |              0 |              0 |              0 |              0 |              0 |              0 |              0 |              0 |              0 |              0 |              0 |              0 |              0 |              0 |              0 |              0 |              0 |              0 |              0 |              0 |              0 |              0 |              0 |              0 |              0 |              0 |
| FP_ARITH_INST_RETIRED_512B_PACKED_DOUBLE |   PMC3  |    45694198263 |    45648903750 |    45648903750 |    45648903750 |    45648903750 |    45648903750 |    43539435000 |    45648903750 |    45648903750 |    45648903750 |    45648903750 |    45648903750 |    45648903750 |    45648903750 |    45648903750 |    45648903750 |    45648903750 |    45648903750 |    45648903750 |    43539435000 |    45648903750 |    45648903750 |    45648903750 |    45648903750 |    45648903750 |    45648903750 |    45648903750 |    45648903750 |    45648903750 |    45648903750 |    45648903750 |    45648903750 |    43539435000 |    45648903750 |    45648903750 |    45648903750 |    45648903750 |    45648903750 |    45648903750 |
|               CAS_COUNT_RD               | MBOX0C0 |   183074760868 |              0 |              0 |              0 |              0 |              0 |              0 |              0 |              0 |              0 |              0 |              0 |              0 |              0 |              0 |              0 |              0 |              0 |              0 |              0 |              0 |              0 |              0 |              0 |              0 |              0 |              0 |              0 |              0 |              0 |              0 |              0 |              0 |              0 |              0 |              0 |    12362038728 |              0 |              0 |
|               CAS_COUNT_WR               | MBOX0C1 |    92227754211 |              0 |              0 |              0 |              0 |              0 |              0 |              0 |              0 |              0 |              0 |              0 |              0 |              0 |              0 |              0 |              0 |              0 |              0 |              0 |              0 |              0 |              0 |              0 |              0 |              0 |              0 |              0 |              0 |              0 |              0 |              0 |              0 |              0 |              0 |              0 |     7923457862 |              0 |              0 |
|               CAS_COUNT_RD               | MBOX1C0 |   183095419730 |              0 |              0 |              0 |              0 |              0 |              0 |              0 |              0 |              0 |              0 |              0 |              0 |              0 |              0 |              0 |              0 |              0 |              0 |              0 |              0 |              0 |              0 |              0 |              0 |              0 |              0 |              0 |              0 |              0 |              0 |              0 |              0 |              0 |              0 |              0 |    12338533356 |              0 |              0 |
|               CAS_COUNT_WR               | MBOX1C1 |    92218219775 |              0 |              0 |              0 |              0 |              0 |              0 |              0 |              0 |              0 |              0 |              0 |              0 |              0 |              0 |              0 |              0 |              0 |              0 |              0 |              0 |              0 |              0 |              0 |              0 |              0 |              0 |              0 |              0 |              0 |              0 |              0 |              0 |              0 |              0 |              0 |     7904410450 |              0 |              0 |
|               CAS_COUNT_RD               | MBOX2C0 |   183133097851 |              0 |              0 |              0 |              0 |              0 |              0 |              0 |              0 |              0 |              0 |              0 |              0 |              0 |              0 |              0 |              0 |              0 |              0 |              0 |              0 |              0 |              0 |              0 |              0 |              0 |              0 |              0 |              0 |              0 |              0 |              0 |              0 |              0 |              0 |              0 |    12365687943 |              0 |              0 |
|               CAS_COUNT_WR               | MBOX2C1 |    92224878205 |              0 |              0 |              0 |              0 |              0 |              0 |              0 |              0 |              0 |              0 |              0 |              0 |              0 |              0 |              0 |              0 |              0 |              0 |              0 |              0 |              0 |              0 |              0 |              0 |              0 |              0 |              0 |              0 |              0 |              0 |              0 |              0 |              0 |              0 |              0 |     7925416460 |              0 |              0 |
|               CAS_COUNT_RD               | MBOX3C0 |   183103404238 |              0 |              0 |              0 |              0 |              0 |              0 |              0 |              0 |              0 |              0 |              0 |              0 |              0 |              0 |              0 |              0 |              0 |              0 |              0 |              0 |              0 |              0 |              0 |              0 |              0 |              0 |              0 |              0 |              0 |              0 |              0 |              0 |              0 |              0 |              0 |    12363453084 |              0 |              0 |
|               CAS_COUNT_WR               | MBOX3C1 |    92232401764 |              0 |              0 |              0 |              0 |              0 |              0 |              0 |              0 |              0 |              0 |              0 |              0 |              0 |              0 |              0 |              0 |              0 |              0 |              0 |              0 |              0 |              0 |              0 |              0 |              0 |              0 |              0 |              0 |              0 |              0 |              0 |              0 |              0 |              0 |              0 |     7911028612 |              0 |              0 |
|               CAS_COUNT_RD               | MBOX4C0 |   180769816363 |              0 |              0 |              0 |              0 |              0 |              0 |              0 |              0 |              0 |              0 |              0 |              0 |              0 |              0 |              0 |              0 |              0 |              0 |              0 |              0 |              0 |              0 |              0 |              0 |              0 |              0 |              0 |              0 |              0 |              0 |              0 |              0 |              0 |              0 |              0 |       23600310 |              0 |              0 |
|               CAS_COUNT_WR               | MBOX4C1 |    91935146877 |              0 |              0 |              0 |              0 |              0 |              0 |              0 |              0 |              0 |              0 |              0 |              0 |              0 |              0 |              0 |              0 |              0 |              0 |              0 |              0 |              0 |              0 |              0 |              0 |              0 |              0 |              0 |              0 |              0 |              0 |              0 |              0 |              0 |              0 |              0 |       10210562 |              0 |              0 |
|               CAS_COUNT_RD               | MBOX5C0 |   180739576723 |              0 |              0 |              0 |              0 |              0 |              0 |              0 |              0 |              0 |              0 |              0 |              0 |              0 |              0 |              0 |              0 |              0 |              0 |              0 |              0 |              0 |              0 |              0 |              0 |              0 |              0 |              0 |              0 |              0 |              0 |              0 |              0 |              0 |              0 |              0 |       22332398 |              0 |              0 |
|               CAS_COUNT_WR               | MBOX5C1 |    91922201728 |              0 |              0 |              0 |              0 |              0 |              0 |              0 |              0 |              0 |              0 |              0 |              0 |              0 |              0 |              0 |              0 |              0 |              0 |              0 |              0 |              0 |              0 |              0 |              0 |              0 |              0 |              0 |              0 |              0 |              0 |              0 |              0 |              0 |              0 |              0 |       12120070 |              0 |              0 |
|               CAS_COUNT_RD               | MBOX6C0 |   180720736957 |              0 |              0 |              0 |              0 |              0 |              0 |              0 |              0 |              0 |              0 |              0 |              0 |              0 |              0 |              0 |              0 |              0 |              0 |              0 |              0 |              0 |              0 |              0 |              0 |              0 |              0 |              0 |              0 |              0 |              0 |              0 |              0 |              0 |              0 |              0 |       24076929 |              0 |              0 |
|               CAS_COUNT_WR               | MBOX6C1 |    91930317395 |              0 |              0 |              0 |              0 |              0 |              0 |              0 |              0 |              0 |              0 |              0 |              0 |              0 |              0 |              0 |              0 |              0 |              0 |              0 |              0 |              0 |              0 |              0 |              0 |              0 |              0 |              0 |              0 |              0 |              0 |              0 |              0 |              0 |              0 |              0 |       12083567 |              0 |              0 |
|               CAS_COUNT_RD               | MBOX7C0 |   180747722140 |              0 |              0 |              0 |              0 |              0 |              0 |              0 |              0 |              0 |              0 |              0 |              0 |              0 |              0 |              0 |              0 |              0 |              0 |              0 |              0 |              0 |              0 |              0 |              0 |              0 |              0 |              0 |              0 |              0 |              0 |              0 |              0 |              0 |              0 |              0 |       20161839 |              0 |              0 |
|               CAS_COUNT_WR               | MBOX7C1 |    91922691356 |              0 |              0 |              0 |              0 |              0 |              0 |              0 |              0 |              0 |              0 |              0 |              0 |              0 |              0 |              0 |              0 |              0 |              0 |              0 |              0 |              0 |              0 |              0 |              0 |              0 |              0 |              0 |              0 |              0 |              0 |              0 |              0 |              0 |              0 |              0 |       10966766 |              0 |              0 |
+------------------------------------------+---------+----------------+----------------+----------------+----------------+----------------+----------------+----------------+----------------+----------------+----------------+----------------+----------------+----------------+----------------+----------------+----------------+----------------+----------------+----------------+----------------+----------------+----------------+----------------+----------------+----------------+----------------+----------------+----------------+----------------+----------------+----------------+----------------+----------------+----------------+----------------+----------------+----------------+----------------+----------------+

+-----------------------------------------------+---------+-----------------+----------------+----------------+--------------+
|                     Event                     | Counter |       Sum       |       Min      |       Max      |      Avg     |
+-----------------------------------------------+---------+-----------------+----------------+----------------+--------------+
|             INSTR_RETIRED_ANY STAT            |  FIXC0  | 198204325545946 |  3498635164859 |  7443811657194 | 5.082162e+12 |
|           CPU_CLK_UNHALTED_CORE STAT          |  FIXC1  | 116231795656869 |  2978235556220 |  2982574365058 | 2.980302e+12 |
|           CPU_CLK_UNHALTED_REF STAT           |  FIXC2  | 116231811652224 |  2978235807552 |  2982572938752 | 2.980303e+12 |
|               TOPDOWN_SLOTS STAT              |  FIXC3  | 581158978284345 | 14891177781100 | 14912871825290 |      nil     |
|              PWR_PKG_ENERGY STAT              |   PWR0  |     423627.3521 |              0 |    291841.8439 |   10862.2398 |
|              PWR_DRAM_ENERGY STAT             |   PWR3  |      37368.1383 |              0 |     26937.7238 |     958.1574 |
| FP_ARITH_INST_RETIRED_128B_PACKED_DOUBLE STAT |   PMC0  |               0 |              0 |              0 |            0 |
|    FP_ARITH_INST_RETIRED_SCALAR_DOUBLE STAT   |   PMC1  |  64998902462489 |  1646767468671 |  1668295122304 | 1.666639e+12 |
| FP_ARITH_INST_RETIRED_256B_PACKED_DOUBLE STAT |   PMC2  |               0 |              0 |              0 |            0 |
| FP_ARITH_INST_RETIRED_512B_PACKED_DOUBLE STAT |   PMC3  |   1774024134513 |    43539435000 |    45694198263 | 4.548780e+10 |
|               CAS_COUNT_RD STAT               | MBOX0C0 |    195436799596 |              0 |   183074760868 | 5.011200e+09 |
|               CAS_COUNT_WR STAT               | MBOX0C1 |    100151212073 |              0 |    92227754211 | 2.567980e+09 |
|               CAS_COUNT_RD STAT               | MBOX1C0 |    195433953086 |              0 |   183095419730 | 5.011127e+09 |
|               CAS_COUNT_WR STAT               | MBOX1C1 |    100122630225 |              0 |    92218219775 | 2.567247e+09 |
|               CAS_COUNT_RD STAT               | MBOX2C0 |    195498785794 |              0 |   183133097851 | 5.012789e+09 |
|               CAS_COUNT_WR STAT               | MBOX2C1 |    100150294665 |              0 |    92224878205 | 2.567956e+09 |
|               CAS_COUNT_RD STAT               | MBOX3C0 |    195466857322 |              0 |   183103404238 | 5.011971e+09 |
|               CAS_COUNT_WR STAT               | MBOX3C1 |    100143430376 |              0 |    92232401764 | 2.567780e+09 |
|               CAS_COUNT_RD STAT               | MBOX4C0 |    180793416673 |              0 |   180769816363 | 4.635729e+09 |
|               CAS_COUNT_WR STAT               | MBOX4C1 |     91945357439 |              0 |    91935146877 | 2.357573e+09 |
|               CAS_COUNT_RD STAT               | MBOX5C0 |    180761909121 |              0 |   180739576723 | 4.634921e+09 |
|               CAS_COUNT_WR STAT               | MBOX5C1 |     91934321798 |              0 |    91922201728 | 2.357290e+09 |
|               CAS_COUNT_RD STAT               | MBOX6C0 |    180744813886 |              0 |   180720736957 | 4.634482e+09 |
|               CAS_COUNT_WR STAT               | MBOX6C1 |     91942400962 |              0 |    91930317395 | 2.357497e+09 |
|               CAS_COUNT_RD STAT               | MBOX7C0 |    180767883979 |              0 |   180747722140 | 4.635074e+09 |
|               CAS_COUNT_WR STAT               | MBOX7C1 |     91933658122 |              0 |    91922691356 | 2.357273e+09 |
+-----------------------------------------------+---------+-----------------+----------------+----------------+--------------+

+-----------------------------------+-------------+-----------+-----------+-----------+-----------+-----------+-----------+-----------+-----------+-----------+-------------+-------------+-------------+-------------+-------------+-------------+-------------+-------------+-------------+-------------+-------------+-------------+-------------+-------------+-------------+-------------+-------------+-------------+-------------+-------------+-------------+-------------+-------------+-------------+-------------+-------------+-------------+-------------+-------------+
|               Metric              |  f0314:0:0  | f0314:1:1 | f0314:2:2 | f0314:3:3 | f0314:4:4 | f0314:5:5 | f0314:6:6 | f0314:7:7 | f0314:8:8 | f0314:9:9 | f0314:10:10 | f0314:11:11 | f0314:12:12 | f0314:13:13 | f0314:14:14 | f0314:15:15 | f0314:16:16 | f0314:17:17 | f0314:18:18 | f0314:19:19 | f0314:20:20 | f0314:21:21 | f0314:22:22 | f0314:23:23 | f0314:24:24 | f0314:25:25 | f0314:26:26 | f0314:27:27 | f0314:28:28 | f0314:29:29 | f0314:30:30 | f0314:31:31 | f0314:32:32 | f0314:33:33 | f0314:34:34 | f0314:35:35 | f0314:36:36 | f0314:37:37 | f0314:38:38 |
+-----------------------------------+-------------+-----------+-----------+-----------+-----------+-----------+-----------+-----------+-----------+-----------+-------------+-------------+-------------+-------------+-------------+-------------+-------------+-------------+-------------+-------------+-------------+-------------+-------------+-------------+-------------+-------------+-------------+-------------+-------------+-------------+-------------+-------------+-------------+-------------+-------------+-------------+-------------+-------------+-------------+
|        Runtime (RDTSC) [s]        |   1250.3880 | 1250.0700 | 1249.9800 | 1250.3520 | 1250.0530 | 1250.2850 | 1249.9910 | 1250.2980 | 1250.0580 | 1249.9870 |   1250.4300 |        1250 |   1250.1560 |   1249.9980 |   1250.0590 |   1250.0040 |   1250.1650 |   1249.9810 |   1250.2430 |   1249.9800 |   1250.2780 |   1250.1160 |   1249.9700 |   1250.0060 |   1250.0610 |   1249.9890 |   1249.9750 |   1250.2990 |   1249.9800 |   1249.9920 |   1250.2280 |   1249.9780 |   1249.9850 |   1249.9700 |   1249.9820 |   1250.3690 |   1249.9630 |   1250.2670 |   1250.1550 |
|        Runtime unhalted [s]       |   1244.6172 | 1244.9191 | 1244.6113 | 1244.9648 | 1244.9567 | 1244.8405 | 1244.7346 | 1245.0145 | 1244.8193 | 1244.7323 |   1245.1151 |   1244.8263 |   1244.1401 |   1244.8093 |   1244.8690 |   1244.9422 |   1245.1252 |   1244.9853 |   1244.9755 |   1244.3693 |   1244.7306 |   1244.6840 |   1244.5679 |   1244.6513 |   1244.5302 |   1244.4281 |   1244.6786 |   1243.9435 |   1244.5744 |   1244.3997 |   1244.8453 |   1244.5037 |   1244.3403 |   1244.3815 |   1244.8133 |   1244.6015 |   1245.5909 |   1245.6514 |   1245.8552 |
|            Clock [MHz]            |   2393.6058 | 2394.3220 | 2394.3290 | 2394.3233 | 2394.2009 | 2394.2241 | 2394.3212 | 2394.2231 | 2394.3229 | 2394.3294 |   2394.0032 |   2394.3274 |   2394.3216 |   2394.3259 |   2394.3226 |   2394.3263 |   2394.3226 |   2394.3244 |   2393.9220 |   2394.3229 |   2394.3221 |   2394.3215 |   2394.3235 |   2394.3265 |   2394.3209 |   2394.3193 |   2394.3282 |   2394.1886 |   2394.3268 |   2394.3220 |   2393.8506 |   2394.3256 |   2394.3203 |   2394.3236 |   2394.3184 |   2394.3161 |   2394.3200 |   2394.3057 |   2393.9987 |
|                CPI                |      0.4916 |    0.4912 |    0.4986 |    0.5017 |    0.4917 |    0.4946 |    0.4839 |    0.4962 |    0.5063 |    0.4884 |      0.4998 |      0.4956 |      0.4985 |      0.4999 |      0.4978 |      0.4901 |      0.4978 |      0.4995 |      0.5925 |      0.7298 |      0.8516 |      0.8270 |      0.8517 |      0.8323 |      0.8514 |      0.8404 |      0.8155 |      0.7505 |      0.7435 |      0.8427 |      0.8267 |      0.8517 |      0.7512 |      0.8477 |      0.8507 |      0.7312 |      0.4021 |      0.4009 |      0.4007 |
|             Energy [J]            | 291841.8439 |         0 |         0 |         0 |         0 |         0 |         0 |         0 |         0 |         0 |           0 |           0 |           0 |           0 |           0 |           0 |           0 |           0 |           0 |           0 |           0 |           0 |           0 |           0 |           0 |           0 |           0 |           0 |           0 |           0 |           0 |           0 |           0 |           0 |           0 |           0 | 131785.5082 |           0 |           0 |
|             Power [W]             |    233.4010 |         0 |         0 |         0 |         0 |         0 |         0 |         0 |         0 |         0 |           0 |           0 |           0 |           0 |           0 |           0 |           0 |           0 |           0 |           0 |           0 |           0 |           0 |           0 |           0 |           0 |           0 |           0 |           0 |           0 |           0 |           0 |           0 |           0 |           0 |           0 |    105.4315 |           0 |           0 |
|          Energy DRAM [J]          |  26937.7238 |         0 |         0 |         0 |         0 |         0 |         0 |         0 |         0 |         0 |           0 |           0 |           0 |           0 |           0 |           0 |           0 |           0 |           0 |           0 |           0 |           0 |           0 |           0 |           0 |           0 |           0 |           0 |           0 |           0 |           0 |           0 |           0 |           0 |           0 |           0 |  10430.4145 |           0 |           0 |
|           Power DRAM [W]          |     21.5435 |         0 |         0 |         0 |         0 |         0 |         0 |         0 |         0 |         0 |           0 |           0 |           0 |           0 |           0 |           0 |           0 |           0 |           0 |           0 |           0 |           0 |           0 |           0 |           0 |           0 |           0 |           0 |           0 |           0 |           0 |           0 |           0 |           0 |           0 |           0 |      8.3446 |           0 |           0 |
|            DP [MFLOP/s]           |   1626.5741 | 1626.6975 | 1626.8146 | 1626.3306 | 1626.7196 | 1626.4178 | 1596.0780 | 1626.4008 | 1626.7131 | 1626.8055 |   1626.2291 |   1626.7886 |   1626.5856 |   1626.7912 |   1626.7118 |   1626.7833 |   1626.5738 |   1626.8133 |   1626.4724 |   1596.0920 |   1626.4268 |   1626.6376 |   1626.8276 |   1626.7807 |   1626.7091 |   1626.8028 |   1626.8210 |   1626.3994 |   1626.8145 |   1626.7989 |   1626.4918 |   1626.8171 |   1596.0855 |   1626.8275 |   1626.8119 |   1626.3084 |   1626.8366 |   1626.4410 |   1626.5867 |
|          AVX DP [MFLOP/s]         |    292.3521 |  292.1366 |  292.1577 |  292.0707 |  292.1406 |  292.0864 |  278.6544 |  292.0834 |  292.1394 |  292.1560 |    292.0525 |    292.1530 |    292.1165 |    292.1535 |    292.1392 |    292.1520 |    292.1144 |    292.1574 |    292.0962 |    278.6568 |    292.0880 |    292.1259 |    292.1600 |    292.1516 |    292.1387 |    292.1556 |    292.1588 |    292.0831 |    292.1577 |    292.1549 |    292.0997 |    292.1581 |    278.6557 |    292.1600 |    292.1572 |    292.0668 |    292.1616 |    292.0906 |    292.1168 |
|          Packed [MUOPS/s]         |     36.5440 |   36.5171 |   36.5197 |   36.5088 |   36.5176 |   36.5108 |   34.8318 |   36.5104 |   36.5174 |   36.5195 |     36.5066 |     36.5191 |     36.5146 |     36.5192 |     36.5174 |     36.5190 |     36.5143 |     36.5197 |     36.5120 |     34.8321 |     36.5110 |     36.5157 |     36.5200 |     36.5189 |     36.5173 |     36.5194 |     36.5199 |     36.5104 |     36.5197 |     36.5194 |     36.5125 |     36.5198 |     34.8320 |     36.5200 |     36.5196 |     36.5083 |     36.5202 |     36.5113 |     36.5146 |
|          Scalar [MUOPS/s]         |   1334.2220 | 1334.5609 | 1334.6570 | 1334.2599 | 1334.5790 | 1334.3314 | 1317.4236 | 1334.3175 | 1334.5737 | 1334.6495 |   1334.1766 |   1334.6356 |   1334.4690 |   1334.6377 |   1334.5726 |   1334.6313 |   1334.4594 |   1334.6558 |   1334.3762 |   1317.4351 |   1334.3388 |   1334.5117 |   1334.6676 |   1334.6291 |   1334.5704 |   1334.6473 |   1334.6622 |   1334.3163 |   1334.6569 |   1334.6440 |   1334.3921 |   1334.6590 |   1317.4298 |   1334.6675 |   1334.6547 |   1334.2416 |   1334.6750 |   1334.3505 |   1334.4700 |
|  Memory read bandwidth [MBytes/s] |  74492.5657 |         0 |         0 |         0 |         0 |         0 |         0 |         0 |         0 |         0 |           0 |           0 |           0 |           0 |           0 |           0 |           0 |           0 |           0 |           0 |           0 |           0 |           0 |           0 |           0 |           0 |           0 |           0 |           0 |           0 |           0 |           0 |           0 |           0 |           0 |           0 |   2535.4931 |           0 |           0 |
|  Memory read data volume [GBytes] |  93144.6102 |         0 |         0 |         0 |         0 |         0 |         0 |         0 |         0 |         0 |           0 |           0 |           0 |           0 |           0 |           0 |           0 |           0 |           0 |           0 |           0 |           0 |           0 |           0 |           0 |           0 |           0 |           0 |           0 |           0 |           0 |           0 |           0 |           0 |           0 |           0 |   3169.2726 |           0 |           0 |
| Memory write bandwidth [MBytes/s] |  37702.9139 |         0 |         0 |         0 |         0 |         0 |         0 |         0 |         0 |         0 |           0 |           0 |           0 |           0 |           0 |           0 |           0 |           0 |           0 |           0 |           0 |           0 |           0 |           0 |           0 |           0 |           0 |           0 |           0 |           0 |           0 |           0 |           0 |           0 |           0 |           0 |   1623.5844 |           0 |           0 |
| Memory write data volume [GBytes] |  47143.2711 |         0 |         0 |         0 |         0 |         0 |         0 |         0 |         0 |         0 |           0 |           0 |           0 |           0 |           0 |           0 |           0 |           0 |           0 |           0 |           0 |           0 |           0 |           0 |           0 |           0 |           0 |           0 |           0 |           0 |           0 |           0 |           0 |           0 |           0 |           0 |   2029.4204 |           0 |           0 |
|    Memory bandwidth [MBytes/s]    | 112195.4796 |         0 |         0 |         0 |         0 |         0 |         0 |         0 |         0 |         0 |           0 |           0 |           0 |           0 |           0 |           0 |           0 |           0 |           0 |           0 |           0 |           0 |           0 |           0 |           0 |           0 |           0 |           0 |           0 |           0 |           0 |           0 |           0 |           0 |           0 |           0 |   4159.0776 |           0 |           0 |
|    Memory data volume [GBytes]    | 140287.8814 |         0 |         0 |         0 |         0 |         0 |         0 |         0 |         0 |         0 |           0 |           0 |           0 |           0 |           0 |           0 |           0 |           0 |           0 |           0 |           0 |           0 |           0 |           0 |           0 |           0 |           0 |           0 |           0 |           0 |           0 |           0 |           0 |           0 |           0 |           0 |   5198.6931 |           0 |           0 |
|       Operational intensity       |      0.0145 |         0 |         0 |         0 |         0 |         0 |         0 |         0 |         0 |         0 |           0 |           0 |           0 |           0 |           0 |           0 |           0 |           0 |           0 |           0 |           0 |           0 |           0 |           0 |           0 |           0 |           0 |           0 |           0 |           0 |           0 |           0 |           0 |           0 |           0 |           0 |      0.3912 |           0 |           0 |
+-----------------------------------+-------------+-----------+-----------+-----------+-----------+-----------+-----------+-----------+-----------+-----------+-------------+-------------+-------------+-------------+-------------+-------------+-------------+-------------+-------------+-------------+-------------+-------------+-------------+-------------+-------------+-------------+-------------+-------------+-------------+-------------+-------------+-------------+-------------+-------------+-------------+-------------+-------------+-------------+-------------+

+----------------------------------------+-------------+-----------+-------------+------------+-----------+-----------+-----------+
|                 Metric                 |     Sum     |    Min    |     Max     |     Avg    |  %ile 25  |  %ile 50  |  %ile 75  |
+----------------------------------------+-------------+-----------+-------------+------------+-----------+-----------+-----------+
|        Runtime (RDTSC) [s] STAT        |  48754.0410 | 1249.9630 |   1250.4300 |  1250.1036 | 1249.9820 | 1250.0530 | 1250.2280 |
|        Runtime unhalted [s] STAT       |  48546.1390 | 1243.9435 |   1245.8552 |  1244.7728 | 1244.5679 | 1244.7346 | 1244.9422 |
|            Clock [MHz] STAT            |  93375.8990 | 2393.6058 |   2394.3294 |  2394.2538 | 2394.3057 | 2394.3220 | 2394.3236 |
|                CPI STAT                |     24.5150 |    0.4007 |      0.8517 |     0.6286 |    0.4946 |    0.5017 |    0.8267 |
|             Energy [J] STAT            | 423627.3521 |         0 | 291841.8439 | 10862.2398 |         0 |         0 |         0 |
|             Power [W] STAT             |    338.8325 |         0 |    233.4010 |     8.6880 |         0 |         0 |         0 |
|          Energy DRAM [J] STAT          |  37368.1383 |         0 |  26937.7238 |   958.1574 |         0 |         0 |         0 |
|           Power DRAM [W] STAT          |     29.8881 |         0 |     21.5435 |     0.7664 |         0 |         0 |         0 |
|            DP [MFLOP/s] STAT           |  63347.6176 | 1596.0780 |   1626.8366 |  1624.2979 | 1626.4268 | 1626.7091 | 1626.8028 |
|          AVX DP [MFLOP/s] STAT         |  11352.8096 |  278.6544 |    292.3521 |   291.0977 |  292.0880 |  292.1392 |  292.1560 |
|          Packed [MUOPS/s] STAT         |   1419.1011 |   34.8318 |     36.5440 |    36.3872 |   36.5110 |   36.5174 |   36.5195 |
|          Scalar [MUOPS/s] STAT         |  51994.8083 | 1317.4236 |   1334.6750 |  1333.2002 | 1334.3314 | 1334.5704 | 1334.6473 |
|  Memory read bandwidth [MBytes/s] STAT |  77028.0588 |         0 |  74492.5657 |  1975.0784 |         0 |         0 |         0 |
|  Memory read data volume [GBytes] STAT |  96313.8828 |         0 |  93144.6102 |  2469.5867 |         0 |         0 |         0 |
| Memory write bandwidth [MBytes/s] STAT |  39326.4983 |         0 |  37702.9139 |  1008.3718 |         0 |         0 |         0 |
| Memory write data volume [GBytes] STAT |  49172.6915 |         0 |  47143.2711 |  1260.8382 |         0 |         0 |         0 |
|    Memory bandwidth [MBytes/s] STAT    | 116354.5572 |         0 | 112195.4796 |  2983.4502 |         0 |         0 |         0 |
|    Memory data volume [GBytes] STAT    | 145486.5745 |         0 | 140287.8814 |  3730.4250 |         0 |         0 |         0 |
|       Operational intensity STAT       |      0.4057 |         0 |      0.3912 |     0.0104 |         0 |         0 |         0 |
+----------------------------------------+-------------+-----------+-------------+------------+-----------+-----------+-----------+

