WARN: Cannot extract OpenMP vendor from executable or commandline, assuming no OpenMP
 nx_glob, nz_glob:                  3000                  1250
 dx,dz:    8.00000000000000        8.00000000000000     
 dt:   2.666666666666666E-002
Group: 1
+------------------------------------------+---------+----------------+----------------+----------------+----------------+----------------+----------------+----------------+----------------+----------------+----------------+----------------+----------------+----------------+----------------+----------------+----------------+----------------+----------------+----------------+----------------+----------------+----------------+----------------+----------------+----------------+----------------+----------------+----------------+----------------+----------------+----------------+----------------+----------------+----------------+----------------+----------------+----------------+----------------+----------------+----------------+----------------+----------------+
|                   Event                  | Counter |    f0314:0:0   |    f0314:1:1   |    f0314:2:2   |    f0314:3:3   |    f0314:4:4   |    f0314:5:5   |    f0314:6:6   |    f0314:7:7   |    f0314:8:8   |    f0314:9:9   |   f0314:10:10  |   f0314:11:11  |   f0314:12:12  |   f0314:13:13  |   f0314:14:14  |   f0314:15:15  |   f0314:16:16  |   f0314:17:17  |   f0314:18:18  |   f0314:19:19  |   f0314:20:20  |   f0314:21:21  |   f0314:22:22  |   f0314:23:23  |   f0314:24:24  |   f0314:25:25  |   f0314:26:26  |   f0314:27:27  |   f0314:28:28  |   f0314:29:29  |   f0314:30:30  |   f0314:31:31  |   f0314:32:32  |   f0314:33:33  |   f0314:34:34  |   f0314:35:35  |   f0314:36:36  |   f0314:37:37  |   f0314:38:38  |   f0314:39:39  |   f0314:40:40  |   f0314:41:41  |
+------------------------------------------+---------+----------------+----------------+----------------+----------------+----------------+----------------+----------------+----------------+----------------+----------------+----------------+----------------+----------------+----------------+----------------+----------------+----------------+----------------+----------------+----------------+----------------+----------------+----------------+----------------+----------------+----------------+----------------+----------------+----------------+----------------+----------------+----------------+----------------+----------------+----------------+----------------+----------------+----------------+----------------+----------------+----------------+----------------+
|             INSTR_RETIRED_ANY            |  FIXC0  |  5608500711481 |  5475096331378 |  5688490408916 |  5615554142456 |  5560355484941 |  5582507069181 |  5663975735395 |  5653446608901 |  5587420423499 |  5715550052948 |  5700699659774 |  5658680066879 |  5424084991750 |  5677910347161 |  5753506128025 |  5525663267813 |  5618591827520 |  5513586349357 |  4921092313438 |  4090871965392 |  3792082925846 |  3302448582259 |  3289088952812 |  3411967162371 |  3288537923996 |  3313589572452 |  3288654493525 |  3298921293423 |  3402632032005 |  3291840120147 |  3330785311964 |  3291144732905 |  3388265449051 |  3289632727915 |  3313545115379 |  3656878370651 |  6680024004588 |  6793493330848 |  6705642656690 |  6786625492462 |  6735181891456 |  6768163447568 |
|           CPU_CLK_UNHALTED_CORE          |  FIXC1  |  2776633767559 |  2777731516035 |  2777437985169 |  2778509300370 |  2778046761711 |  2778033402744 |  2777900054932 |  2777874421684 |  2778351391929 |  2777869898784 |  2778380093899 |  2778229420567 |  2778619856476 |  2778252426232 |  2778142714827 |  2778419584087 |  2778656935690 |  2778540047501 |  2778447570328 |  2777996861158 |  2778124192311 |  2778547359174 |  2777960394479 |  2778023350765 |  2777967800126 |  2777463534488 |  2777861805151 |  2774015719329 |  2777860519344 |  2777702082646 |  2777803106923 |  2778281823008 |  2777697811222 |  2778085199515 |  2777971098968 |  2777415884437 |  2779779457520 |  2779469254444 |  2779306993664 |  2779363669883 |  2779604817386 |  2779698158391 |
|           CPU_CLK_UNHALTED_REF           |  FIXC2  |  2776638070656 |  2777730811200 |  2777437049184 |  2778508481664 |  2778046168800 |  2778030622080 |  2777900518848 |  2777874335328 |  2778352173600 |  2777870953824 |  2778378346848 |  2778228473376 |  2778619275360 |  2778251602848 |  2778142210656 |  2778419446848 |  2778656189472 |  2778542202432 |  2778448355232 |  2777996361984 |  2778126754368 |  2778548676576 |  2777961036288 |  2778023234304 |  2777969048160 |  2777465322528 |  2777864290656 |  2774015270880 |  2777861191776 |  2777705366784 |  2777801800704 |  2778282759072 |  2777698321152 |  2778087935904 |  2777973636864 |  2777418087168 |  2779779741792 |  2779466670624 |  2779309285056 |  2779367357664 |  2779606289088 |  2779700369568 |
|               TOPDOWN_SLOTS              |  FIXC3  | 13883168837795 | 13888657580175 | 13887189925845 | 13892546501850 | 13890233808555 | 13890167013720 | 13889500274660 | 13889372108420 | 13891756959645 | 13889349493920 | 13891900469495 | 13891147102835 | 13893099282380 | 13891262131160 | 13890713574135 | 13892097920435 | 13893284678450 | 13892700237505 | 13892237851640 | 13889984305790 | 13890620961555 | 13892736795870 | 13889801972395 | 13890116753825 | 13889839000630 | 13887317672440 | 13889309025755 | 13870078596645 | 13889302596720 | 13888510413230 | 13889015534615 | 13891409115040 | 13888489056110 | 13890425997575 | 13889855494840 | 13887079422185 | 13898897287600 | 13897346272220 | 13896534968320 | 13896818349415 | 13898024086930 | 13898490791955 |
|              PWR_PKG_ENERGY              |   PWR0  |    271695.1478 |              0 |              0 |              0 |              0 |              0 |              0 |              0 |              0 |              0 |              0 |              0 |              0 |              0 |              0 |              0 |              0 |              0 |              0 |              0 |              0 |              0 |              0 |              0 |              0 |              0 |              0 |              0 |              0 |              0 |              0 |              0 |              0 |              0 |              0 |              0 |    139382.1744 |              0 |              0 |              0 |              0 |              0 |
|              PWR_DRAM_ENERGY             |   PWR3  |     25004.0236 |              0 |              0 |              0 |              0 |              0 |              0 |              0 |              0 |              0 |              0 |              0 |              0 |              0 |              0 |              0 |              0 |              0 |              0 |              0 |              0 |              0 |              0 |              0 |              0 |              0 |              0 |              0 |              0 |              0 |              0 |              0 |              0 |              0 |              0 |              0 |     11657.2707 |              0 |              0 |              0 |              0 |              0 |
| FP_ARITH_INST_RETIRED_128B_PACKED_DOUBLE |   PMC0  |              0 |              0 |              0 |              0 |              0 |              0 |              0 |              0 |              0 |              0 |              0 |              0 |              0 |              0 |              0 |              0 |              0 |              0 |              0 |              0 |              0 |              0 |              0 |              0 |              0 |              0 |              0 |              0 |              0 |              0 |              0 |              0 |              0 |              0 |              0 |              0 |              0 |              0 |              0 |              0 |              0 |              0 |
|    FP_ARITH_INST_RETIRED_SCALAR_DOUBLE   |   PMC1  |  1539133871226 |  1560660146977 |  1539133267618 |  1560660138575 |  1539133203936 |  1560660116597 |  1539133239627 |  1539133236542 |  1560660109075 |  1539133234226 |  1560660054987 |  1539133155838 |  1560660092285 |  1539133208146 |  1539133159469 |  1560660104756 |  1539133194904 |  1560660075246 |  1539133160958 |  1560660066598 |  1539133176540 |  1539133170499 |  1560659993476 |  1539133153847 |  1560659999048 |  1539133143662 |  1560660029915 |  1539133078730 |  1539133110337 |  1560659998264 |  1539133118165 |  1560659950402 |  1539133046415 |  1560659990338 |  1539133047111 |  1539133034461 |  1560659907201 |  1539133021890 |  1560659949543 |  1539133046931 |  1560659947368 |  1539133041131 |
| FP_ARITH_INST_RETIRED_256B_PACKED_DOUBLE |   PMC2  |              0 |              0 |              0 |              0 |              0 |              0 |              0 |              0 |              0 |              0 |              0 |              0 |              0 |              0 |              0 |              0 |              0 |              0 |              0 |              0 |              0 |              0 |              0 |              0 |              0 |              0 |              0 |              0 |              0 |              0 |              0 |              0 |              0 |              0 |              0 |              0 |              0 |              0 |              0 |              0 |              0 |              0 |
| FP_ARITH_INST_RETIRED_512B_PACKED_DOUBLE |   PMC3  |    42867442635 |    44889495000 |    42822148122 |    44889495000 |    42822148122 |    44889495000 |    42822148122 |    42822148122 |    44889495000 |    42822148122 |    44889495000 |    42822148122 |    44889495000 |    42822148122 |    42822148122 |    44889495000 |    42822148122 |    44889495000 |    42822148122 |    44889495000 |    42822148122 |    42822148122 |    44889495000 |    42822148122 |    44889495000 |    42822148122 |    44889495000 |    42822148122 |    42822148122 |    44889495000 |    42822148122 |    44889495000 |    42822148122 |    44889495000 |    42822148122 |    42822148122 |    44889495000 |    42822148122 |    44889495000 |    42822148122 |    44889495000 |    42822148122 |
|               CAS_COUNT_RD               | MBOX0C0 |   168302145984 |              0 |              0 |              0 |              0 |              0 |              0 |              0 |              0 |              0 |              0 |              0 |              0 |              0 |              0 |              0 |              0 |              0 |              0 |              0 |              0 |              0 |              0 |              0 |              0 |              0 |              0 |              0 |              0 |              0 |              0 |              0 |              0 |              0 |              0 |              0 |    40802034510 |              0 |              0 |              0 |              0 |              0 |
|               CAS_COUNT_WR               | MBOX0C1 |    85891284435 |              0 |              0 |              0 |              0 |              0 |              0 |              0 |              0 |              0 |              0 |              0 |              0 |              0 |              0 |              0 |              0 |              0 |              0 |              0 |              0 |              0 |              0 |              0 |              0 |              0 |              0 |              0 |              0 |              0 |              0 |              0 |              0 |              0 |              0 |              0 |    24297872728 |              0 |              0 |              0 |              0 |              0 |
|               CAS_COUNT_RD               | MBOX1C0 |   168351434263 |              0 |              0 |              0 |              0 |              0 |              0 |              0 |              0 |              0 |              0 |              0 |              0 |              0 |              0 |              0 |              0 |              0 |              0 |              0 |              0 |              0 |              0 |              0 |              0 |              0 |              0 |              0 |              0 |              0 |              0 |              0 |              0 |              0 |              0 |              0 |    40793635492 |              0 |              0 |              0 |              0 |              0 |
|               CAS_COUNT_WR               | MBOX1C1 |    85891549197 |              0 |              0 |              0 |              0 |              0 |              0 |              0 |              0 |              0 |              0 |              0 |              0 |              0 |              0 |              0 |              0 |              0 |              0 |              0 |              0 |              0 |              0 |              0 |              0 |              0 |              0 |              0 |              0 |              0 |              0 |              0 |              0 |              0 |              0 |              0 |    24282320806 |              0 |              0 |              0 |              0 |              0 |
|               CAS_COUNT_RD               | MBOX2C0 |   168361436672 |              0 |              0 |              0 |              0 |              0 |              0 |              0 |              0 |              0 |              0 |              0 |              0 |              0 |              0 |              0 |              0 |              0 |              0 |              0 |              0 |              0 |              0 |              0 |              0 |              0 |              0 |              0 |              0 |              0 |              0 |              0 |              0 |              0 |              0 |              0 |    40788115745 |              0 |              0 |              0 |              0 |              0 |
|               CAS_COUNT_WR               | MBOX2C1 |    85885446415 |              0 |              0 |              0 |              0 |              0 |              0 |              0 |              0 |              0 |              0 |              0 |              0 |              0 |              0 |              0 |              0 |              0 |              0 |              0 |              0 |              0 |              0 |              0 |              0 |              0 |              0 |              0 |              0 |              0 |              0 |              0 |              0 |              0 |              0 |              0 |    24287434502 |              0 |              0 |              0 |              0 |              0 |
|               CAS_COUNT_RD               | MBOX3C0 |   168335301858 |              0 |              0 |              0 |              0 |              0 |              0 |              0 |              0 |              0 |              0 |              0 |              0 |              0 |              0 |              0 |              0 |              0 |              0 |              0 |              0 |              0 |              0 |              0 |              0 |              0 |              0 |              0 |              0 |              0 |              0 |              0 |              0 |              0 |              0 |              0 |    40815035450 |              0 |              0 |              0 |              0 |              0 |
|               CAS_COUNT_WR               | MBOX3C1 |    85890821436 |              0 |              0 |              0 |              0 |              0 |              0 |              0 |              0 |              0 |              0 |              0 |              0 |              0 |              0 |              0 |              0 |              0 |              0 |              0 |              0 |              0 |              0 |              0 |              0 |              0 |              0 |              0 |              0 |              0 |              0 |              0 |              0 |              0 |              0 |              0 |    24288659912 |              0 |              0 |              0 |              0 |              0 |
|               CAS_COUNT_RD               | MBOX4C0 |   167584531207 |              0 |              0 |              0 |              0 |              0 |              0 |              0 |              0 |              0 |              0 |              0 |              0 |              0 |              0 |              0 |              0 |              0 |              0 |              0 |              0 |              0 |              0 |              0 |              0 |              0 |              0 |              0 |              0 |              0 |              0 |              0 |              0 |              0 |              0 |              0 |       24461455 |              0 |              0 |              0 |              0 |              0 |
|               CAS_COUNT_WR               | MBOX4C1 |    85713356104 |              0 |              0 |              0 |              0 |              0 |              0 |              0 |              0 |              0 |              0 |              0 |              0 |              0 |              0 |              0 |              0 |              0 |              0 |              0 |              0 |              0 |              0 |              0 |              0 |              0 |              0 |              0 |              0 |              0 |              0 |              0 |              0 |              0 |              0 |              0 |       11379744 |              0 |              0 |              0 |              0 |              0 |
|               CAS_COUNT_RD               | MBOX5C0 |   167593925490 |              0 |              0 |              0 |              0 |              0 |              0 |              0 |              0 |              0 |              0 |              0 |              0 |              0 |              0 |              0 |              0 |              0 |              0 |              0 |              0 |              0 |              0 |              0 |              0 |              0 |              0 |              0 |              0 |              0 |              0 |              0 |              0 |              0 |              0 |              0 |       27428041 |              0 |              0 |              0 |              0 |              0 |
|               CAS_COUNT_WR               | MBOX5C1 |    85709698439 |              0 |              0 |              0 |              0 |              0 |              0 |              0 |              0 |              0 |              0 |              0 |              0 |              0 |              0 |              0 |              0 |              0 |              0 |              0 |              0 |              0 |              0 |              0 |              0 |              0 |              0 |              0 |              0 |              0 |              0 |              0 |              0 |              0 |              0 |              0 |       12872331 |              0 |              0 |              0 |              0 |              0 |
|               CAS_COUNT_RD               | MBOX6C0 |   167574673077 |              0 |              0 |              0 |              0 |              0 |              0 |              0 |              0 |              0 |              0 |              0 |              0 |              0 |              0 |              0 |              0 |              0 |              0 |              0 |              0 |              0 |              0 |              0 |              0 |              0 |              0 |              0 |              0 |              0 |              0 |              0 |              0 |              0 |              0 |              0 |       26177843 |              0 |              0 |              0 |              0 |              0 |
|               CAS_COUNT_WR               | MBOX6C1 |    85707109589 |              0 |              0 |              0 |              0 |              0 |              0 |              0 |              0 |              0 |              0 |              0 |              0 |              0 |              0 |              0 |              0 |              0 |              0 |              0 |              0 |              0 |              0 |              0 |              0 |              0 |              0 |              0 |              0 |              0 |              0 |              0 |              0 |              0 |              0 |              0 |       12361684 |              0 |              0 |              0 |              0 |              0 |
|               CAS_COUNT_RD               | MBOX7C0 |   167588527100 |              0 |              0 |              0 |              0 |              0 |              0 |              0 |              0 |              0 |              0 |              0 |              0 |              0 |              0 |              0 |              0 |              0 |              0 |              0 |              0 |              0 |              0 |              0 |              0 |              0 |              0 |              0 |              0 |              0 |              0 |              0 |              0 |              0 |              0 |              0 |       25784865 |              0 |              0 |              0 |              0 |              0 |
|               CAS_COUNT_WR               | MBOX7C1 |    85700643954 |              0 |              0 |              0 |              0 |              0 |              0 |              0 |              0 |              0 |              0 |              0 |              0 |              0 |              0 |              0 |              0 |              0 |              0 |              0 |              0 |              0 |              0 |              0 |              0 |              0 |              0 |              0 |              0 |              0 |              0 |              0 |              0 |              0 |              0 |              0 |       11836527 |              0 |              0 |              0 |              0 |              0 |
+------------------------------------------+---------+----------------+----------------+----------------+----------------+----------------+----------------+----------------+----------------+----------------+----------------+----------------+----------------+----------------+----------------+----------------+----------------+----------------+----------------+----------------+----------------+----------------+----------------+----------------+----------------+----------------+----------------+----------------+----------------+----------------+----------------+----------------+----------------+----------------+----------------+----------------+----------------+----------------+----------------+----------------+----------------+----------------+----------------+

+-----------------------------------------------+---------+-----------------+----------------+----------------+---------------+
|                     Event                     | Counter |       Sum       |       Min      |       Max      |      Avg      |
+-----------------------------------------------+---------+-----------------+----------------+----------------+---------------+
|             INSTR_RETIRED_ANY STAT            |  FIXC0  | 204454729476518 |  3288537923996 |  6793493330848 |  4.867970e+12 |
|           CPU_CLK_UNHALTED_CORE STAT          |  FIXC1  | 116682078044856 |  2774015719329 |  2779779457520 |  2.778145e+12 |
|           CPU_CLK_UNHALTED_REF STAT           |  FIXC2  | 116682104097216 |  2774015270880 |  2779779741792 | 2778145335648 |
|               TOPDOWN_SLOTS STAT              |  FIXC3  | 583410390224280 | 13870078596645 | 13898897287600 |      nil      |
|              PWR_PKG_ENERGY STAT              |   PWR0  |     411077.3222 |              0 |    271695.1478 |     9787.5553 |
|              PWR_DRAM_ENERGY STAT             |   PWR3  |      36661.2943 |              0 |     25004.0236 |      872.8880 |
| FP_ARITH_INST_RETIRED_128B_PACKED_DOUBLE STAT |   PMC0  |               0 |              0 |              0 |             0 |
|    FP_ARITH_INST_RETIRED_SCALAR_DOUBLE STAT   |   PMC1  |  65031076792860 |  1539133021890 |  1560660146977 |  1.548359e+12 |
| FP_ARITH_INST_RETIRED_256B_PACKED_DOUBLE STAT |   PMC2  |               0 |              0 |              0 |             0 |
| FP_ARITH_INST_RETIRED_512B_PACKED_DOUBLE STAT |   PMC3  |   1835787759441 |    42822148122 |    44889495000 |  4.370923e+10 |
|               CAS_COUNT_RD STAT               | MBOX0C0 |    209104180494 |              0 |   168302145984 |  4.978671e+09 |
|               CAS_COUNT_WR STAT               | MBOX0C1 |    110189157163 |              0 |    85891284435 |  2.623551e+09 |
|               CAS_COUNT_RD STAT               | MBOX1C0 |    209145069755 |              0 |   168351434263 |  4.979645e+09 |
|               CAS_COUNT_WR STAT               | MBOX1C1 |    110173870003 |              0 |    85891549197 |  2.623187e+09 |
|               CAS_COUNT_RD STAT               | MBOX2C0 |    209149552417 |              0 |   168361436672 |  4.979751e+09 |
|               CAS_COUNT_WR STAT               | MBOX2C1 |    110172880917 |              0 |    85885446415 |  2.623164e+09 |
|               CAS_COUNT_RD STAT               | MBOX3C0 |    209150337308 |              0 |   168335301858 |  4.979770e+09 |
|               CAS_COUNT_WR STAT               | MBOX3C1 |    110179481348 |              0 |    85890821436 |  2.623321e+09 |
|               CAS_COUNT_RD STAT               | MBOX4C0 |    167608992662 |              0 |   167584531207 |  3.990690e+09 |
|               CAS_COUNT_WR STAT               | MBOX4C1 |     85724735848 |              0 |    85713356104 |  2.041065e+09 |
|               CAS_COUNT_RD STAT               | MBOX5C0 |    167621353531 |              0 |   167593925490 |  3.990985e+09 |
|               CAS_COUNT_WR STAT               | MBOX5C1 |     85722570770 |              0 |    85709698439 |  2.041014e+09 |
|               CAS_COUNT_RD STAT               | MBOX6C0 |    167600850920 |              0 |   167574673077 |  3.990496e+09 |
|               CAS_COUNT_WR STAT               | MBOX6C1 |     85719471273 |              0 |    85707109589 |  2.040940e+09 |
|               CAS_COUNT_RD STAT               | MBOX7C0 |    167614311965 |              0 |   167588527100 |  3.990817e+09 |
|               CAS_COUNT_WR STAT               | MBOX7C1 |     85712480481 |              0 |    85700643954 |  2.040773e+09 |
+-----------------------------------------------+---------+-----------------+----------------+----------------+---------------+

+-----------------------------------+-------------+-----------+-----------+-----------+-----------+-----------+-----------+-----------+-----------+-----------+-------------+-------------+-------------+-------------+-------------+-------------+-------------+-------------+-------------+-------------+-------------+-------------+-------------+-------------+-------------+-------------+-------------+-------------+-------------+-------------+-------------+-------------+-------------+-------------+-------------+-------------+-------------+-------------+-------------+-------------+-------------+-------------+
|               Metric              |  f0314:0:0  | f0314:1:1 | f0314:2:2 | f0314:3:3 | f0314:4:4 | f0314:5:5 | f0314:6:6 | f0314:7:7 | f0314:8:8 | f0314:9:9 | f0314:10:10 | f0314:11:11 | f0314:12:12 | f0314:13:13 | f0314:14:14 | f0314:15:15 | f0314:16:16 | f0314:17:17 | f0314:18:18 | f0314:19:19 | f0314:20:20 | f0314:21:21 | f0314:22:22 | f0314:23:23 | f0314:24:24 | f0314:25:25 | f0314:26:26 | f0314:27:27 | f0314:28:28 | f0314:29:29 | f0314:30:30 | f0314:31:31 | f0314:32:32 | f0314:33:33 | f0314:34:34 | f0314:35:35 | f0314:36:36 | f0314:37:37 | f0314:38:38 | f0314:39:39 | f0314:40:40 | f0314:41:41 |
+-----------------------------------+-------------+-----------+-----------+-----------+-----------+-----------+-----------+-----------+-----------+-----------+-------------+-------------+-------------+-------------+-------------+-------------+-------------+-------------+-------------+-------------+-------------+-------------+-------------+-------------+-------------+-------------+-------------+-------------+-------------+-------------+-------------+-------------+-------------+-------------+-------------+-------------+-------------+-------------+-------------+-------------+-------------+-------------+
|        Runtime (RDTSC) [s]        |   1165.4430 | 1165.8930 | 1165.6040 | 1165.8410 | 1165.8300 | 1165.4350 | 1165.4110 | 1165.5210 | 1165.9520 | 1165.5460 |   1165.6480 |   1165.4330 |   1165.8870 |   1165.4260 |   1165.8450 |   1165.4500 |   1165.5110 |   1165.5030 |   1165.4860 |   1165.4230 |   1165.8510 |   1165.4070 |   1165.4120 |   1165.4570 |   1165.6960 |   1165.4240 |   1165.4090 |   1165.4360 |   1165.5950 |   1165.8750 |   1165.9020 |   1165.8070 |   1165.4670 |   1165.6720 |   1165.4680 |   1165.8560 |   1165.4000 |   1165.9230 |   1165.4170 |   1165.4700 |   1165.8710 |   1165.7080 |
|        Runtime unhalted [s]       |   1159.6759 | 1160.2124 | 1160.0155 | 1160.4641 | 1160.2808 | 1160.2580 | 1160.2028 | 1160.2334 | 1160.5246 | 1160.2406 |   1160.6093 |   1160.3464 |   1160.5112 |   1160.3478 |   1160.3019 |   1160.4195 |   1160.5198 |   1160.4878 |   1160.5074 |   1160.2441 |   1160.2933 |   1160.4718 |   1160.2285 |   1160.2528 |   1160.2422 |   1160.0209 |   1160.1885 |   1158.5857 |   1160.2870 |   1160.1187 |   1160.6394 |   1160.4920 |   1160.1178 |   1160.4774 |   1160.2316 |   1160.0349 |   1160.9852 |   1160.9819 |   1160.7890 |   1160.8181 |   1160.9159 |   1161.0795 |
|            Clock [MHz]            |   2394.3151 | 2394.1583 | 2394.3119 | 2394.3093 | 2394.2888 | 2394.3263 | 2394.3224 | 2394.2378 | 2394.0471 | 2394.2180 |   2393.8993 |   2394.3112 |   2394.3073 |   2394.3281 |   2394.3279 |   2394.3236 |   2394.3217 |   2394.2845 |   2394.1655 |   2394.3214 |   2394.3271 |   2394.3245 |   2394.3213 |   2394.3260 |   2394.2987 |   2394.3205 |   2394.3172 |   2394.3125 |   2394.1145 |   2394.3230 |   2393.3399 |   2394.0543 |   2394.3235 |   2393.9134 |   2394.3225 |   2394.2501 |   2394.3278 |   2394.0699 |   2394.3238 |   2394.3113 |   2394.3193 |   2394.0617 |
|                CPI                |      0.4951 |    0.5073 |    0.4883 |    0.4948 |    0.4996 |    0.4976 |    0.4905 |    0.4914 |    0.4973 |    0.4860 |      0.4874 |      0.4910 |      0.5123 |      0.4893 |      0.4829 |      0.5028 |      0.4945 |      0.5039 |      0.5646 |      0.6791 |      0.7326 |      0.8414 |      0.8446 |      0.8142 |      0.8447 |      0.8382 |      0.8447 |      0.8409 |      0.8164 |      0.8438 |      0.8340 |      0.8442 |      0.8198 |      0.8445 |      0.8384 |      0.7595 |      0.4161 |      0.4091 |      0.4145 |      0.4095 |      0.4127 |      0.4107 |
|             Energy [J]            | 271695.1478 |         0 |         0 |         0 |         0 |         0 |         0 |         0 |         0 |         0 |           0 |           0 |           0 |           0 |           0 |           0 |           0 |           0 |           0 |           0 |           0 |           0 |           0 |           0 |           0 |           0 |           0 |           0 |           0 |           0 |           0 |           0 |           0 |           0 |           0 |           0 | 139382.1744 |           0 |           0 |           0 |           0 |           0 |
|             Power [W]             |    233.1261 |         0 |         0 |         0 |         0 |         0 |         0 |         0 |         0 |         0 |           0 |           0 |           0 |           0 |           0 |           0 |           0 |           0 |           0 |           0 |           0 |           0 |           0 |           0 |           0 |           0 |           0 |           0 |           0 |           0 |           0 |           0 |           0 |           0 |           0 |           0 |    119.6003 |           0 |           0 |           0 |           0 |           0 |
|          Energy DRAM [J]          |  25004.0236 |         0 |         0 |         0 |         0 |         0 |         0 |         0 |         0 |         0 |           0 |           0 |           0 |           0 |           0 |           0 |           0 |           0 |           0 |           0 |           0 |           0 |           0 |           0 |           0 |           0 |           0 |           0 |           0 |           0 |           0 |           0 |           0 |           0 |           0 |           0 |  11657.2707 |           0 |           0 |           0 |           0 |           0 |
|           Power DRAM [W]          |     21.4545 |         0 |         0 |         0 |         0 |         0 |         0 |         0 |         0 |         0 |           0 |           0 |           0 |           0 |           0 |           0 |           0 |           0 |           0 |           0 |           0 |           0 |           0 |           0 |           0 |           0 |           0 |           0 |           0 |           0 |           0 |           0 |           0 |           0 |           0 |           0 |     10.0028 |           0 |           0 |           0 |           0 |           0 |
|            DP [MFLOP/s]           |   1614.8996 | 1646.6143 | 1614.3651 | 1646.6878 | 1614.0521 | 1647.2614 | 1614.6325 | 1614.4801 | 1646.5310 | 1614.4454 |   1646.9603 |   1614.6019 |   1646.6227 |   1614.6116 |   1614.0313 |   1647.2402 |   1614.4939 |   1647.1652 |   1614.5285 |   1647.2783 |   1614.0230 |   1614.6379 |   1647.2938 |   1614.5687 |   1646.8925 |   1614.6144 |   1647.2981 |   1614.5977 |   1614.3775 |   1646.6396 |   1613.9524 |   1646.7356 |   1614.5547 |   1646.9264 |   1614.5533 |   1614.0160 |   1647.3107 |   1613.9232 |   1647.2867 |   1614.5506 |   1646.6452 |   1614.2209 |
|          AVX DP [MFLOP/s]         |    294.2568 |  308.0179 |  293.9053 |  308.0317 |  293.8483 |  308.1390 |  293.9540 |  293.9262 |  308.0024 |  293.9199 |    308.0827 |    293.9484 |    308.0195 |    293.9502 |    293.8445 |    308.1350 |    293.9287 |    308.1210 |    293.9350 |    308.1422 |    293.8430 |    293.9550 |    308.1451 |    293.9424 |    308.0700 |    293.9507 |    308.1459 |    293.9477 |    293.9076 |    308.0227 |    293.8302 |    308.0407 |    293.9398 |    308.0763 |    293.9396 |    293.8418 |    308.1482 |    293.8249 |    308.1437 |    293.9391 |    308.0238 |    293.8791 |
|          Packed [MUOPS/s]         |     36.7821 |   38.5022 |   36.7382 |   38.5040 |   36.7310 |   38.5174 |   36.7442 |   36.7408 |   38.5003 |   36.7400 |     38.5103 |     36.7436 |     38.5024 |     36.7438 |     36.7306 |     38.5169 |     36.7411 |     38.5151 |     36.7419 |     38.5178 |     36.7304 |     36.7444 |     38.5181 |     36.7428 |     38.5087 |     36.7438 |     38.5182 |     36.7435 |     36.7384 |     38.5028 |     36.7288 |     38.5051 |     36.7425 |     38.5095 |     36.7424 |     36.7302 |     38.5185 |     36.7281 |     38.5180 |     36.7424 |     38.5030 |     36.7349 |
|          Scalar [MUOPS/s]         |   1320.6428 | 1338.5964 | 1320.4598 | 1338.6561 | 1320.2038 | 1339.1224 | 1320.6785 | 1320.5538 | 1338.5286 | 1320.5255 |   1338.8777 |   1320.6535 |   1338.6032 |   1320.6615 |   1320.1868 |   1339.1052 |   1320.5651 |   1339.0442 |   1320.5934 |   1339.1361 |   1320.1800 |   1320.6830 |   1339.1487 |   1320.6263 |   1338.8225 |   1320.6637 |   1339.1522 |   1320.6500 |   1320.4699 |   1338.6169 |   1320.1222 |   1338.6950 |   1320.6149 |   1338.8500 |   1320.6137 |   1320.1742 |   1339.1624 |   1320.0983 |   1339.1429 |   1320.6115 |   1338.6215 |   1320.3418 |
|  Memory read bandwidth [MBytes/s] |  73788.4963 |         0 |         0 |         0 |         0 |         0 |         0 |         0 |         0 |         0 |           0 |           0 |           0 |           0 |           0 |           0 |           0 |           0 |           0 |           0 |           0 |           0 |           0 |           0 |           0 |           0 |           0 |           0 |           0 |           0 |           0 |           0 |           0 |           0 |           0 |           0 |   8968.0548 |           0 |           0 |           0 |           0 |           0 |
|  Memory read data volume [GBytes] |  85996.2864 |         0 |         0 |         0 |         0 |         0 |         0 |         0 |         0 |         0 |           0 |           0 |           0 |           0 |           0 |           0 |           0 |           0 |           0 |           0 |           0 |           0 |           0 |           0 |           0 |           0 |           0 |           0 |           0 |           0 |           0 |           0 |           0 |           0 |           0 |           0 |  10451.3711 |           0 |           0 |           0 |           0 |           0 |
| Memory write bandwidth [MBytes/s] |  37692.9238 |         0 |         0 |         0 |         0 |         0 |         0 |         0 |         0 |         0 |           0 |           0 |           0 |           0 |           0 |           0 |           0 |           0 |           0 |           0 |           0 |           0 |           0 |           0 |           0 |           0 |           0 |           0 |           0 |           0 |           0 |           0 |           0 |           0 |           0 |           0 |   5338.1699 |           0 |           0 |           0 |           0 |           0 |
| Memory write data volume [GBytes] |  43928.9542 |         0 |         0 |         0 |         0 |         0 |         0 |         0 |         0 |         0 |           0 |           0 |           0 |           0 |           0 |           0 |           0 |           0 |           0 |           0 |           0 |           0 |           0 |           0 |           0 |           0 |           0 |           0 |           0 |           0 |           0 |           0 |           0 |           0 |           0 |           0 |   6221.1032 |           0 |           0 |           0 |           0 |           0 |
|    Memory bandwidth [MBytes/s]    | 111481.4201 |         0 |         0 |         0 |         0 |         0 |         0 |         0 |         0 |         0 |           0 |           0 |           0 |           0 |           0 |           0 |           0 |           0 |           0 |           0 |           0 |           0 |           0 |           0 |           0 |           0 |           0 |           0 |           0 |           0 |           0 |           0 |           0 |           0 |           0 |           0 |  14306.2248 |           0 |           0 |           0 |           0 |           0 |
|    Memory data volume [GBytes]    | 129925.2407 |         0 |         0 |         0 |         0 |         0 |         0 |         0 |         0 |         0 |           0 |           0 |           0 |           0 |           0 |           0 |           0 |           0 |           0 |           0 |           0 |           0 |           0 |           0 |           0 |           0 |           0 |           0 |           0 |           0 |           0 |           0 |           0 |           0 |           0 |           0 |  16672.4743 |           0 |           0 |           0 |           0 |           0 |
|       Operational intensity       |      0.0145 |         0 |         0 |         0 |         0 |         0 |         0 |         0 |         0 |         0 |           0 |           0 |           0 |           0 |           0 |           0 |           0 |           0 |           0 |           0 |           0 |           0 |           0 |           0 |           0 |           0 |           0 |           0 |           0 |           0 |           0 |           0 |           0 |           0 |           0 |           0 |      0.1151 |           0 |           0 |           0 |           0 |           0 |
+-----------------------------------+-------------+-----------+-----------+-----------+-----------+-----------+-----------+-----------+-----------+-----------+-------------+-------------+-------------+-------------+-------------+-------------+-------------+-------------+-------------+-------------+-------------+-------------+-------------+-------------+-------------+-------------+-------------+-------------+-------------+-------------+-------------+-------------+-------------+-------------+-------------+-------------+-------------+-------------+-------------+-------------+-------------+-------------+

+----------------------------------------+-------------+-----------+-------------+-----------+-----------+-----------+-----------+
|                 Metric                 |     Sum     |    Min    |     Max     |    Avg    |  %ile 25  |  %ile 50  |  %ile 75  |
+----------------------------------------+-------------+-----------+-------------+-----------+-----------+-----------+-----------+
|        Runtime (RDTSC) [s] STAT        |  48955.6110 | 1165.4000 |   1165.9520 | 1165.6098 | 1165.4350 | 1165.5110 | 1165.8410 |
|        Runtime unhalted [s] STAT       |  48734.6554 | 1158.5857 |   1161.0795 | 1160.3489 | 1160.2285 | 1160.2933 | 1160.5112 |
|            Clock [MHz] STAT            | 100557.7283 | 2393.3399 |   2394.3281 | 2394.2316 | 2394.2180 | 2394.3119 | 2394.3230 |
|                CPI STAT                |     25.8302 |    0.4091 |      0.8447 |    0.6150 |    0.4893 |    0.5028 |    0.8340 |
|             Energy [J] STAT            | 411077.3222 |         0 | 271695.1478 | 9787.5553 |         0 |         0 |         0 |
|             Power [W] STAT             |    352.7264 |         0 |    233.1261 |    8.3982 |         0 |         0 |         0 |
|          Energy DRAM [J] STAT          |  36661.2943 |         0 |  25004.0236 |  872.8880 |         0 |         0 |         0 |
|           Power DRAM [W] STAT          |     31.4573 |         0 |     21.4545 |    0.7490 |         0 |         0 |         0 |
|            DP [MFLOP/s] STAT           |  68391.1221 | 1613.9232 |   1647.3107 | 1628.3601 | 1614.4801 | 1614.6144 | 1646.8925 |
|          AVX DP [MFLOP/s] STAT         |  12599.6660 |  293.8249 |    308.1482 |  299.9920 |  293.9262 |  293.9507 |  308.0700 |
|          Packed [MUOPS/s] STAT         |   1574.9582 |   36.7281 |     38.5185 |   37.4990 |   36.7408 |   36.7438 |   38.5087 |
|          Scalar [MUOPS/s] STAT         |  55791.4560 | 1320.0983 |   1339.1624 | 1328.3680 | 1320.5538 | 1320.6615 | 1338.8225 |
|  Memory read bandwidth [MBytes/s] STAT |  82756.5511 |         0 |  73788.4963 | 1970.3941 |         0 |         0 |         0 |
|  Memory read data volume [GBytes] STAT |  96447.6575 |         0 |  85996.2864 | 2296.3728 |         0 |         0 |         0 |
| Memory write bandwidth [MBytes/s] STAT |  43031.0937 |         0 |  37692.9238 | 1024.5498 |         0 |         0 |         0 |
| Memory write data volume [GBytes] STAT |  50150.0574 |         0 |  43928.9542 | 1194.0490 |         0 |         0 |         0 |
|    Memory bandwidth [MBytes/s] STAT    | 125787.6449 |         0 | 111481.4201 | 2994.9439 |         0 |         0 |         0 |
|    Memory data volume [GBytes] STAT    | 146597.7150 |         0 | 129925.2407 | 3490.4218 |         0 |         0 |         0 |
|       Operational intensity STAT       |      0.1296 |         0 |      0.1151 |    0.0031 |         0 |         0 |         0 |
+----------------------------------------+-------------+-----------+-------------+-----------+-----------+-----------+-----------+

