WARN: Cannot extract OpenMP vendor from executable or commandline, assuming no OpenMP
 nx_glob, nz_glob:                  3000                  1250
 dx,dz:    8.00000000000000        8.00000000000000     
 dt:   2.666666666666666E-002
Group: 1
+------------------------------------------+---------+----------------+----------------+----------------+----------------+----------------+----------------+----------------+----------------+----------------+----------------+----------------+----------------+----------------+----------------+----------------+----------------+----------------+----------------+
|                   Event                  | Counter |    f0314:0:0   |    f0314:1:1   |    f0314:2:2   |    f0314:3:3   |    f0314:4:4   |    f0314:5:5   |    f0314:6:6   |    f0314:7:7   |    f0314:8:8   |    f0314:9:9   |   f0314:10:10  |   f0314:11:11  |   f0314:12:12  |   f0314:13:13  |   f0314:14:14  |   f0314:15:15  |   f0314:16:16  |   f0314:17:17  |
+------------------------------------------+---------+----------------+----------------+----------------+----------------+----------------+----------------+----------------+----------------+----------------+----------------+----------------+----------------+----------------+----------------+----------------+----------------+----------------+----------------+
|             INSTR_RETIRED_ANY            |  FIXC0  |  7518461829629 |  7797703401231 |  7365849024370 |  7385094061832 |  7442511449972 |  7355742401098 |  7410723362005 |  7515962867467 |  7356851147756 |  7390198209887 |  8253590887884 |  9050640221520 |  9563876615263 |  7840646071631 |  7394031526332 |  7438299622739 |  7675436587111 |  7358985339605 |
|           CPU_CLK_UNHALTED_CORE          |  FIXC1  |  6297767157228 |  6297393196345 |  6297867872785 |  6299346997666 |  6298305341003 |  6298944066050 |  6298272075684 |  6299286441969 |  6299841068339 |  6298383544079 |  6299227099917 |  6298477202619 |  6298933772389 |  6298385962854 |  6299021609212 |  6299839612692 |  6300502013563 |  6300197015455 |
|           CPU_CLK_UNHALTED_REF           |  FIXC2  |  6297768363072 |  6297390058944 |  6297863860896 |  6299343941280 |  6298303163712 |  6298941534048 |  6298269465984 |  6299283760224 |  6299836288032 |  6298380888864 |  6299224153056 |  6298477793568 |  6298928871936 |  6298389600864 |  6299019685440 |  6299839017024 |  6300503404032 |  6300197336256 |
|               TOPDOWN_SLOTS              |  FIXC3  | 31488835786140 | 31486965981725 | 31489339363925 | 31496734988330 | 31491526705015 | 31494720330250 | 31491360378420 | 31496432209845 | 31499205341695 | 31491917720395 | 31496135499585 | 31492386013095 | 31494668861945 | 31491929814270 | 31495108046060 | 31499198063460 | 31502510067815 | 31500985077275 |
|              PWR_PKG_ENERGY              |   PWR0  |    424260.5284 |              0 |              0 |              0 |              0 |              0 |              0 |              0 |              0 |              0 |              0 |              0 |              0 |              0 |              0 |              0 |              0 |              0 |
|              PWR_DRAM_ENERGY             |   PWR3  |     37629.9159 |              0 |              0 |              0 |              0 |              0 |              0 |              0 |              0 |              0 |              0 |              0 |              0 |              0 |              0 |              0 |              0 |              0 |
| FP_ARITH_INST_RETIRED_128B_PACKED_DOUBLE |   PMC0  |              0 |              0 |              0 |              0 |              0 |              0 |              0 |              0 |              0 |              0 |              0 |              0 |              0 |              0 |              0 |              0 |              0 |              0 |
|    FP_ARITH_INST_RETIRED_SCALAR_DOUBLE   |   PMC1  |  3605714559143 |  3584187044180 |  3605713954883 |  3605713939498 |  3584187045964 |  3605713925977 |  3605713935525 |  3584187062196 |  3605713937395 |  3605713938558 |  3584187042380 |  3605713918365 |  3605713916892 |  3584187033012 |  3605713926616 |  3605713915342 |  3584187037093 |  3605713917426 |
| FP_ARITH_INST_RETIRED_256B_PACKED_DOUBLE |   PMC2  |              0 |              0 |              0 |              0 |              0 |              0 |              0 |              0 |              0 |              0 |              0 |              0 |              0 |              0 |              0 |              0 |              0 |              0 |
| FP_ARITH_INST_RETIRED_512B_PACKED_DOUBLE |   PMC3  |    77293972635 |    75181466250 |    77248678122 |    77248678122 |    75181466250 |    77248678122 |    77248678122 |    75181466250 |    77248678122 |    77248678122 |    75181466250 |    77248678122 |    77248678122 |    75181466250 |    77248678122 |    77248678122 |    75181466250 |    77248678122 |
|               CAS_COUNT_RD               | MBOX0C0 |   375905092568 |              0 |              0 |              0 |              0 |              0 |              0 |              0 |              0 |              0 |              0 |              0 |              0 |              0 |              0 |              0 |              0 |              0 |
|               CAS_COUNT_WR               | MBOX0C1 |   195160715819 |              0 |              0 |              0 |              0 |              0 |              0 |              0 |              0 |              0 |              0 |              0 |              0 |              0 |              0 |              0 |              0 |              0 |
|               CAS_COUNT_RD               | MBOX1C0 |   375910263049 |              0 |              0 |              0 |              0 |              0 |              0 |              0 |              0 |              0 |              0 |              0 |              0 |              0 |              0 |              0 |              0 |              0 |
|               CAS_COUNT_WR               | MBOX1C1 |   195154414064 |              0 |              0 |              0 |              0 |              0 |              0 |              0 |              0 |              0 |              0 |              0 |              0 |              0 |              0 |              0 |              0 |              0 |
|               CAS_COUNT_RD               | MBOX2C0 |   375950186374 |              0 |              0 |              0 |              0 |              0 |              0 |              0 |              0 |              0 |              0 |              0 |              0 |              0 |              0 |              0 |              0 |              0 |
|               CAS_COUNT_WR               | MBOX2C1 |   195153851959 |              0 |              0 |              0 |              0 |              0 |              0 |              0 |              0 |              0 |              0 |              0 |              0 |              0 |              0 |              0 |              0 |              0 |
|               CAS_COUNT_RD               | MBOX3C0 |   375956135378 |              0 |              0 |              0 |              0 |              0 |              0 |              0 |              0 |              0 |              0 |              0 |              0 |              0 |              0 |              0 |              0 |              0 |
|               CAS_COUNT_WR               | MBOX3C1 |   195150725347 |              0 |              0 |              0 |              0 |              0 |              0 |              0 |              0 |              0 |              0 |              0 |              0 |              0 |              0 |              0 |              0 |              0 |
|               CAS_COUNT_RD               | MBOX4C0 |       21409120 |              0 |              0 |              0 |              0 |              0 |              0 |              0 |              0 |              0 |              0 |              0 |              0 |              0 |              0 |              0 |              0 |              0 |
|               CAS_COUNT_WR               | MBOX4C1 |       12389097 |              0 |              0 |              0 |              0 |              0 |              0 |              0 |              0 |              0 |              0 |              0 |              0 |              0 |              0 |              0 |              0 |              0 |
|               CAS_COUNT_RD               | MBOX5C0 |       23157067 |              0 |              0 |              0 |              0 |              0 |              0 |              0 |              0 |              0 |              0 |              0 |              0 |              0 |              0 |              0 |              0 |              0 |
|               CAS_COUNT_WR               | MBOX5C1 |       12035924 |              0 |              0 |              0 |              0 |              0 |              0 |              0 |              0 |              0 |              0 |              0 |              0 |              0 |              0 |              0 |              0 |              0 |
|               CAS_COUNT_RD               | MBOX6C0 |       21640556 |              0 |              0 |              0 |              0 |              0 |              0 |              0 |              0 |              0 |              0 |              0 |              0 |              0 |              0 |              0 |              0 |              0 |
|               CAS_COUNT_WR               | MBOX6C1 |       12623492 |              0 |              0 |              0 |              0 |              0 |              0 |              0 |              0 |              0 |              0 |              0 |              0 |              0 |              0 |              0 |              0 |              0 |
|               CAS_COUNT_RD               | MBOX7C0 |       22462246 |              0 |              0 |              0 |              0 |              0 |              0 |              0 |              0 |              0 |              0 |              0 |              0 |              0 |              0 |              0 |              0 |              0 |
|               CAS_COUNT_WR               | MBOX7C1 |       12760531 |              0 |              0 |              0 |              0 |              0 |              0 |              0 |              0 |              0 |              0 |              0 |              0 |              0 |              0 |              0 |              0 |              0 |
+------------------------------------------+---------+----------------+----------------+----------------+----------------+----------------+----------------+----------------+----------------+----------------+----------------+----------------+----------------+----------------+----------------+----------------+----------------+----------------+----------------+

+-----------------------------------------------+---------+-----------------+----------------+----------------+---------------+
|                     Event                     | Counter |       Sum       |       Min      |       Max      |      Avg      |
+-----------------------------------------------+---------+-----------------+----------------+----------------+---------------+
|             INSTR_RETIRED_ANY STAT            |  FIXC0  | 139114604627332 |  7355742401098 |  9563876615263 |  7.728589e+12 |
|           CPU_CLK_UNHALTED_CORE STAT          |  FIXC1  | 113379992049849 |  6297393196345 |  6300502013563 |  6.298888e+12 |
|           CPU_CLK_UNHALTED_REF STAT           |  FIXC2  | 113379961187232 |  6297390058944 |  6300503404032 | 6298886732624 |
|               TOPDOWN_SLOTS STAT              |  FIXC3  | 566899960249245 | 31486965981725 | 31502510067815 |      nil      |
|              PWR_PKG_ENERGY STAT              |   PWR0  |     424260.5284 |              0 |    424260.5284 |    23570.0294 |
|              PWR_DRAM_ENERGY STAT             |   PWR3  |      37629.9159 |              0 |     37629.9159 |     2090.5509 |
| FP_ARITH_INST_RETIRED_128B_PACKED_DOUBLE STAT |   PMC0  |               0 |              0 |              0 |             0 |
|    FP_ARITH_INST_RETIRED_SCALAR_DOUBLE STAT   |   PMC1  |  64773690050445 |  3584187033012 |  3605714559143 |  3.598538e+12 |
| FP_ARITH_INST_RETIRED_256B_PACKED_DOUBLE STAT |   PMC2  |               0 |              0 |              0 |             0 |
| FP_ARITH_INST_RETIRED_512B_PACKED_DOUBLE STAT |   PMC3  |   1378118229477 |    75181466250 |    77293972635 |  7.656212e+10 |
|               CAS_COUNT_RD STAT               | MBOX0C0 |    375905092568 |              0 |   375905092568 |  2.088362e+10 |
|               CAS_COUNT_WR STAT               | MBOX0C1 |    195160715819 |              0 |   195160715819 |  1.084226e+10 |
|               CAS_COUNT_RD STAT               | MBOX1C0 |    375910263049 |              0 |   375910263049 |  2.088390e+10 |
|               CAS_COUNT_WR STAT               | MBOX1C1 |    195154414064 |              0 |   195154414064 |  1.084191e+10 |
|               CAS_COUNT_RD STAT               | MBOX2C0 |    375950186374 |              0 |   375950186374 |  2.088612e+10 |
|               CAS_COUNT_WR STAT               | MBOX2C1 |    195153851959 |              0 |   195153851959 |  1.084188e+10 |
|               CAS_COUNT_RD STAT               | MBOX3C0 |    375956135378 |              0 |   375956135378 |  2.088645e+10 |
|               CAS_COUNT_WR STAT               | MBOX3C1 |    195150725347 |              0 |   195150725347 |  1.084171e+10 |
|               CAS_COUNT_RD STAT               | MBOX4C0 |        21409120 |              0 |       21409120 |  1.189396e+06 |
|               CAS_COUNT_WR STAT               | MBOX4C1 |        12389097 |              0 |       12389097 |   688283.1667 |
|               CAS_COUNT_RD STAT               | MBOX5C0 |        23157067 |              0 |       23157067 |  1.286504e+06 |
|               CAS_COUNT_WR STAT               | MBOX5C1 |        12035924 |              0 |       12035924 |   668662.4444 |
|               CAS_COUNT_RD STAT               | MBOX6C0 |        21640556 |              0 |       21640556 |  1.202253e+06 |
|               CAS_COUNT_WR STAT               | MBOX6C1 |        12623492 |              0 |       12623492 |   701305.1111 |
|               CAS_COUNT_RD STAT               | MBOX7C0 |        22462246 |              0 |       22462246 |  1.247903e+06 |
|               CAS_COUNT_WR STAT               | MBOX7C1 |        12760531 |              0 |       12760531 |   708918.3889 |
+-----------------------------------------------+---------+-----------------+----------------+----------------+---------------+

+-----------------------------------+-------------+-----------+-----------+-----------+-----------+-----------+-----------+-----------+-----------+-----------+-------------+-------------+-------------+-------------+-------------+-------------+-------------+-------------+
|               Metric              |  f0314:0:0  | f0314:1:1 | f0314:2:2 | f0314:3:3 | f0314:4:4 | f0314:5:5 | f0314:6:6 | f0314:7:7 | f0314:8:8 | f0314:9:9 | f0314:10:10 | f0314:11:11 | f0314:12:12 | f0314:13:13 | f0314:14:14 | f0314:15:15 | f0314:16:16 | f0314:17:17 |
+-----------------------------------+-------------+-----------+-----------+-----------+-----------+-----------+-----------+-----------+-----------+-----------+-------------+-------------+-------------+-------------+-------------+-------------+-------------+-------------+
|        Runtime (RDTSC) [s]        |   2639.7620 | 2639.7570 | 2639.8120 | 2639.7580 | 2639.7600 | 2639.8240 | 2639.8290 | 2639.7680 | 2639.8180 | 2639.7570 |   2639.7580 |   2640.0730 |   2639.8500 |   2639.7600 |   2639.7800 |   2640.0150 |   2639.7640 |   2639.7620 |
|        Runtime unhalted [s]       |   2630.2902 | 2630.1365 | 2630.3284 | 2630.9500 | 2630.5210 | 2630.7976 | 2630.5131 | 2630.9379 | 2631.2069 | 2630.5446 |   2630.9028 |   2630.8885 |   2630.8151 |   2630.5411 |   2630.8373 |   2631.3855 |   2631.4297 |   2631.3077 |
|            Clock [MHz]            |   2394.3236 | 2394.3230 | 2394.3291 | 2394.3253 | 2394.3194 | 2394.3106 | 2394.3142 | 2394.3131 | 2394.2799 | 2394.3278 |   2394.3226 |   2394.0492 |   2394.2917 |   2394.3295 |   2394.3038 |   2394.1153 |   2394.3260 |   2394.3215 |
|                CPI                |      0.8376 |    0.8076 |    0.8550 |    0.8530 |    0.8463 |    0.8563 |    0.8499 |    0.8381 |    0.8563 |    0.8523 |      0.7632 |      0.6959 |      0.6586 |      0.8033 |      0.8519 |      0.8469 |      0.8209 |      0.8561 |
|             Energy [J]            | 424260.5284 |         0 |         0 |         0 |         0 |         0 |         0 |         0 |         0 |         0 |           0 |           0 |           0 |           0 |           0 |           0 |           0 |           0 |
|             Power [W]             |    160.7192 |         0 |         0 |         0 |         0 |         0 |         0 |         0 |         0 |         0 |           0 |           0 |           0 |           0 |           0 |           0 |           0 |           0 |
|          Energy DRAM [J]          |  37629.9159 |         0 |         0 |         0 |         0 |         0 |         0 |         0 |         0 |         0 |           0 |           0 |           0 |           0 |           0 |           0 |           0 |           0 |
|           Power DRAM [W]          |     14.2550 |         0 |         0 |         0 |         0 |         0 |         0 |         0 |         0 |         0 |           0 |           0 |           0 |           0 |           0 |           0 |           0 |           0 |
|            DP [MFLOP/s]           |   1600.1694 | 1585.6152 | 1600.0016 | 1600.0343 | 1585.6134 | 1599.9943 | 1599.9913 | 1585.6086 | 1599.9979 | 1600.0349 |   1585.6146 |   1599.8434 |   1599.9785 |   1585.6134 |   1600.0210 |   1599.8785 |   1585.6110 |   1600.0319 |
|          AVX DP [MFLOP/s]         |    234.2453 |  227.8436 |  234.1036 |  234.1084 |  227.8433 |  234.1025 |  234.1021 |  227.8426 |  234.1030 |  234.1085 |    227.8435 |    234.0804 |    234.1002 |    227.8433 |    234.1064 |    234.0856 |    227.8430 |    234.1080 |
|          Packed [MUOPS/s]         |     29.2807 |   28.4804 |   29.2629 |   29.2635 |   28.4804 |   29.2628 |   29.2628 |   28.4803 |   29.2629 |   29.2636 |     28.4804 |     29.2601 |     29.2625 |     28.4804 |     29.2633 |     29.2607 |     28.4804 |     29.2635 |
|          Scalar [MUOPS/s]         |   1365.9241 | 1357.7716 | 1365.8980 | 1365.9259 | 1357.7700 | 1365.8918 | 1365.8892 | 1357.7659 | 1365.8949 | 1365.9265 |   1357.7711 |   1365.7630 |   1365.8783 |   1357.7700 |   1365.9146 |   1365.7930 |   1357.7680 |   1365.9239 |
|  Memory read bandwidth [MBytes/s] |  36459.2953 |         0 |         0 |         0 |         0 |         0 |         0 |         0 |         0 |         0 |           0 |           0 |           0 |           0 |           0 |           0 |           0 |           0 |
|  Memory read data volume [GBytes] |  96243.8622 |         0 |         0 |         0 |         0 |         0 |         0 |         0 |         0 |         0 |           0 |           0 |           0 |           0 |           0 |           0 |           0 |           0 |
| Memory write bandwidth [MBytes/s] |  18927.0279 |         0 |         0 |         0 |         0 |         0 |         0 |         0 |         0 |         0 |           0 |           0 |           0 |           0 |           0 |           0 |           0 |           0 |
| Memory write data volume [GBytes] |  49962.8490 |         0 |         0 |         0 |         0 |         0 |         0 |         0 |         0 |         0 |           0 |           0 |           0 |           0 |           0 |           0 |           0 |           0 |
|    Memory bandwidth [MBytes/s]    |  55386.3232 |         0 |         0 |         0 |         0 |         0 |         0 |         0 |         0 |         0 |           0 |           0 |           0 |           0 |           0 |           0 |           0 |           0 |
|    Memory data volume [GBytes]    | 146206.7112 |         0 |         0 |         0 |         0 |         0 |         0 |         0 |         0 |         0 |           0 |           0 |           0 |           0 |           0 |           0 |           0 |           0 |
|       Operational intensity       |      0.0289 |         0 |         0 |         0 |         0 |         0 |         0 |         0 |         0 |         0 |           0 |           0 |           0 |           0 |           0 |           0 |           0 |           0 |
+-----------------------------------+-------------+-----------+-----------+-----------+-----------+-----------+-----------+-----------+-----------+-----------+-------------+-------------+-------------+-------------+-------------+-------------+-------------+-------------+

+----------------------------------------+-------------+-----------+-------------+------------+-----------+-----------+-----------+
|                 Metric                 |     Sum     |    Min    |     Max     |     Avg    |  %ile 25  |  %ile 50  |  %ile 75  |
+----------------------------------------+-------------+-----------+-------------+------------+-----------+-----------+-----------+
|        Runtime (RDTSC) [s] STAT        |  47516.6070 | 2639.7570 |   2640.0730 |  2639.8115 | 2639.7600 | 2639.7640 | 2639.8240 |
|        Runtime unhalted [s] STAT       |  47354.3339 | 2630.1365 |   2631.4297 |  2630.7963 | 2630.5210 | 2630.8151 | 2630.9500 |
|            Clock [MHz] STAT            |  43097.2256 | 2394.0492 |   2394.3295 |  2394.2903 | 2394.3038 | 2394.3194 | 2394.3253 |
|                CPI STAT                |     14.7492 |    0.6586 |      0.8563 |     0.8194 |    0.8076 |    0.8463 |    0.8530 |
|             Energy [J] STAT            | 424260.5284 |         0 | 424260.5284 | 23570.0294 |         0 |         0 |         0 |
|             Power [W] STAT             |    160.7192 |         0 |    160.7192 |     8.9288 |         0 |         0 |         0 |
|          Energy DRAM [J] STAT          |  37629.9159 |         0 |  37629.9159 |  2090.5509 |         0 |         0 |         0 |
|           Power DRAM [W] STAT          |     14.2550 |         0 |     14.2550 |     0.7919 |         0 |         0 |         0 |
|            DP [MFLOP/s] STAT           |  28713.6532 | 1585.6086 |   1600.1694 |  1595.2030 | 1585.6146 | 1599.9785 | 1600.0210 |
|          AVX DP [MFLOP/s] STAT         |   4176.4133 |  227.8426 |    234.2453 |   232.0230 |  227.8435 |  234.1002 |  234.1064 |
|          Packed [MUOPS/s] STAT         |    522.0516 |   28.4803 |     29.2807 |    29.0029 |   28.4804 |   29.2625 |   29.2633 |
|          Scalar [MUOPS/s] STAT         |  24537.2398 | 1357.7659 |   1365.9265 |  1363.1800 | 1357.7711 | 1365.8783 | 1365.9146 |
|  Memory read bandwidth [MBytes/s] STAT |  36459.2953 |         0 |  36459.2953 |  2025.5164 |         0 |         0 |         0 |
|  Memory read data volume [GBytes] STAT |  96243.8622 |         0 |  96243.8622 |  5346.8812 |         0 |         0 |         0 |
| Memory write bandwidth [MBytes/s] STAT |  18927.0279 |         0 |  18927.0279 |  1051.5015 |         0 |         0 |         0 |
| Memory write data volume [GBytes] STAT |  49962.8490 |         0 |  49962.8490 |  2775.7138 |         0 |         0 |         0 |
|    Memory bandwidth [MBytes/s] STAT    |  55386.3232 |         0 |  55386.3232 |  3077.0180 |         0 |         0 |         0 |
|    Memory data volume [GBytes] STAT    | 146206.7112 |         0 | 146206.7112 |  8122.5951 |         0 |         0 |         0 |
|       Operational intensity STAT       |      0.0289 |         0 |      0.0289 |     0.0016 |         0 |         0 |         0 |
+----------------------------------------+-------------+-----------+-------------+------------+-----------+-----------+-----------+

