WARN: Cannot extract OpenMP vendor from executable or commandline, assuming no OpenMP
 nx_glob, nz_glob:                  3000                  1250
 dx,dz:    8.00000000000000        8.00000000000000     
 dt:   2.666666666666666E-002
Group: 1
+------------------------------------------+---------+----------------+----------------+----------------+----------------+----------------+----------------+----------------+----------------+----------------+----------------+----------------+----------------+----------------+----------------+----------------+----------------+----------------+----------------+----------------+----------------+----------------+----------------+----------------+----------------+----------------+----------------+
|                   Event                  | Counter |    f0314:0:0   |    f0314:1:1   |    f0314:2:2   |    f0314:3:3   |    f0314:4:4   |    f0314:5:5   |    f0314:6:6   |    f0314:7:7   |    f0314:8:8   |    f0314:9:9   |   f0314:10:10  |   f0314:11:11  |   f0314:12:12  |   f0314:13:13  |   f0314:14:14  |   f0314:15:15  |   f0314:16:16  |   f0314:17:17  |   f0314:18:18  |   f0314:19:19  |   f0314:20:20  |   f0314:21:21  |   f0314:22:22  |   f0314:23:23  |   f0314:24:24  |   f0314:25:25  |
+------------------------------------------+---------+----------------+----------------+----------------+----------------+----------------+----------------+----------------+----------------+----------------+----------------+----------------+----------------+----------------+----------------+----------------+----------------+----------------+----------------+----------------+----------------+----------------+----------------+----------------+----------------+----------------+----------------+
|             INSTR_RETIRED_ANY            |  FIXC0  |  6320786156572 |  6358941782282 |  6932563630203 |  7338870533765 |  6391629898071 |  5545022082889 |  5383639933253 |  5148369041716 |  5235666876776 |  5220126821008 |  5161438189646 |  5299649285657 |  5149616348223 |  5127996930988 |  5242635759749 |  5165149175786 |  5329423363452 |  5431469638146 |  9803230706177 |  9880332434300 |  9800989041823 |  9678254468342 |  9871686578808 |  9853492294627 |  9795035931789 |  9638193175881 |
|           CPU_CLK_UNHALTED_CORE          |  FIXC1  |  4362632157769 |  4363772871273 |  4363144590948 |  4363282423403 |  4363118184891 |  4362366454953 |  4362924285517 |  4362853349301 |  4363301608009 |  4362689518281 |  4362661755280 |  4362578139593 |  4363692662000 |  4363675771537 |  4364303741868 |  4364697172354 |  4362494566949 |  4364864139362 |  4367040354110 |  4366678913345 |  4366699230685 |  4366734448150 |  4367193356970 |  4367034804667 |  4366867393754 |  4366617488979 |
|           CPU_CLK_UNHALTED_REF           |  FIXC2  |  4362632849376 |  4363771560672 |  4363142861568 |  4363279440096 |  4363116403200 |  4362363119232 |  4362924001824 |  4362852205824 |  4363300463616 |  4362687059904 |  4362660421344 |  4362578130720 |  4363692674784 |  4363675926336 |  4364304253824 |  4364696102304 |  4362493856544 |  4364863640544 |  4367039894784 |  4366674686112 |  4366696226208 |  4366730619840 |  4367190188544 |  4367033296704 |  4366867465824 |  4366617191520 |
|               TOPDOWN_SLOTS              |  FIXC3  | 21813160788845 | 21818864356365 | 21815722954740 | 21816412117015 | 21815590924455 | 21811832274765 | 21814621427585 | 21814266746505 | 21816508040045 | 21813447591405 | 21813308776400 | 21812890697965 | 21818463310000 | 21818378857685 | 21821518709340 | 21823485861770 | 21812472834745 | 21824320696810 | 21835201770550 | 21833394566725 | 21833496153425 | 21833672240750 | 21835966784850 | 21835174023335 | 21834336968770 | 21833087444895 |
|              PWR_PKG_ENERGY              |   PWR0  |    356719.7496 |              0 |              0 |              0 |              0 |              0 |              0 |              0 |              0 |              0 |              0 |              0 |              0 |              0 |              0 |              0 |              0 |              0 |              0 |              0 |              0 |              0 |              0 |              0 |              0 |              0 |
|              PWR_DRAM_ENERGY             |   PWR3  |     33134.8165 |              0 |              0 |              0 |              0 |              0 |              0 |              0 |              0 |              0 |              0 |              0 |              0 |              0 |              0 |              0 |              0 |              0 |              0 |              0 |              0 |              0 |              0 |              0 |              0 |              0 |
| FP_ARITH_INST_RETIRED_128B_PACKED_DOUBLE |   PMC0  |              0 |              0 |              0 |              0 |              0 |              0 |              0 |              0 |              0 |              0 |              0 |              0 |              0 |              0 |              0 |              0 |              0 |              0 |              0 |              0 |              0 |              0 |              0 |              0 |              0 |              0 |
|    FP_ARITH_INST_RETIRED_SCALAR_DOUBLE   |   PMC1  |  2486316617970 |  2507842889160 |  2486316007908 |  2507842877633 |  2486315983555 |  2486315982500 |  2507842860045 |  2486315992421 |  2486315977059 |  2507842858629 |  2486315978525 |  2507842850650 |  2486315964219 |  2486315957318 |  2507842838186 |  2486315954042 |  2507842841398 |  2486315957401 |  2486315946029 |  2507842830779 |  2486315951253 |  2486315955766 |  2507842833864 |  2486315936820 |  2507842816167 |  2486315938932 |
| FP_ARITH_INST_RETIRED_256B_PACKED_DOUBLE |   PMC2  |              0 |              0 |              0 |              0 |              0 |              0 |              0 |              0 |              0 |              0 |              0 |              0 |              0 |              0 |              0 |              0 |              0 |              0 |              0 |              0 |              0 |              0 |              0 |              0 |              0 |              0 |
| FP_ARITH_INST_RETIRED_512B_PACKED_DOUBLE |   PMC3  |    58646268885 |    55183702500 |    58600974372 |    55183702500 |    58600974372 |    58600974372 |    55183702500 |    58600974372 |    58600974372 |    55183702500 |    58600974372 |    55183702500 |    58600974372 |    58600974372 |    55183702500 |    58600974372 |    55183702500 |    58600974372 |    58600974372 |    55183702500 |    58600974372 |    58600974372 |    55183702500 |    58600974372 |    55183702500 |    58600974372 |
|               CAS_COUNT_RD               | MBOX0C0 |   268830720629 |              0 |              0 |              0 |              0 |              0 |              0 |              0 |              0 |              0 |              0 |              0 |              0 |              0 |              0 |              0 |              0 |              0 |              0 |              0 |              0 |              0 |              0 |              0 |              0 |              0 |
|               CAS_COUNT_WR               | MBOX0C1 |   136284376521 |              0 |              0 |              0 |              0 |              0 |              0 |              0 |              0 |              0 |              0 |              0 |              0 |              0 |              0 |              0 |              0 |              0 |              0 |              0 |              0 |              0 |              0 |              0 |              0 |              0 |
|               CAS_COUNT_RD               | MBOX1C0 |   268898690897 |              0 |              0 |              0 |              0 |              0 |              0 |              0 |              0 |              0 |              0 |              0 |              0 |              0 |              0 |              0 |              0 |              0 |              0 |              0 |              0 |              0 |              0 |              0 |              0 |              0 |
|               CAS_COUNT_WR               | MBOX1C1 |   136275312228 |              0 |              0 |              0 |              0 |              0 |              0 |              0 |              0 |              0 |              0 |              0 |              0 |              0 |              0 |              0 |              0 |              0 |              0 |              0 |              0 |              0 |              0 |              0 |              0 |              0 |
|               CAS_COUNT_RD               | MBOX2C0 |   268916461062 |              0 |              0 |              0 |              0 |              0 |              0 |              0 |              0 |              0 |              0 |              0 |              0 |              0 |              0 |              0 |              0 |              0 |              0 |              0 |              0 |              0 |              0 |              0 |              0 |              0 |
|               CAS_COUNT_WR               | MBOX2C1 |   136296874775 |              0 |              0 |              0 |              0 |              0 |              0 |              0 |              0 |              0 |              0 |              0 |              0 |              0 |              0 |              0 |              0 |              0 |              0 |              0 |              0 |              0 |              0 |              0 |              0 |              0 |
|               CAS_COUNT_RD               | MBOX3C0 |   268908121718 |              0 |              0 |              0 |              0 |              0 |              0 |              0 |              0 |              0 |              0 |              0 |              0 |              0 |              0 |              0 |              0 |              0 |              0 |              0 |              0 |              0 |              0 |              0 |              0 |              0 |
|               CAS_COUNT_WR               | MBOX3C1 |   136282747552 |              0 |              0 |              0 |              0 |              0 |              0 |              0 |              0 |              0 |              0 |              0 |              0 |              0 |              0 |              0 |              0 |              0 |              0 |              0 |              0 |              0 |              0 |              0 |              0 |              0 |
|               CAS_COUNT_RD               | MBOX4C0 |   114111957327 |              0 |              0 |              0 |              0 |              0 |              0 |              0 |              0 |              0 |              0 |              0 |              0 |              0 |              0 |              0 |              0 |              0 |              0 |              0 |              0 |              0 |              0 |              0 |              0 |              0 |
|               CAS_COUNT_WR               | MBOX4C1 |    59268163905 |              0 |              0 |              0 |              0 |              0 |              0 |              0 |              0 |              0 |              0 |              0 |              0 |              0 |              0 |              0 |              0 |              0 |              0 |              0 |              0 |              0 |              0 |              0 |              0 |              0 |
|               CAS_COUNT_RD               | MBOX5C0 |   114120162281 |              0 |              0 |              0 |              0 |              0 |              0 |              0 |              0 |              0 |              0 |              0 |              0 |              0 |              0 |              0 |              0 |              0 |              0 |              0 |              0 |              0 |              0 |              0 |              0 |              0 |
|               CAS_COUNT_WR               | MBOX5C1 |    59260513878 |              0 |              0 |              0 |              0 |              0 |              0 |              0 |              0 |              0 |              0 |              0 |              0 |              0 |              0 |              0 |              0 |              0 |              0 |              0 |              0 |              0 |              0 |              0 |              0 |              0 |
|               CAS_COUNT_RD               | MBOX6C0 |   114116072550 |              0 |              0 |              0 |              0 |              0 |              0 |              0 |              0 |              0 |              0 |              0 |              0 |              0 |              0 |              0 |              0 |              0 |              0 |              0 |              0 |              0 |              0 |              0 |              0 |              0 |
|               CAS_COUNT_WR               | MBOX6C1 |    59265002757 |              0 |              0 |              0 |              0 |              0 |              0 |              0 |              0 |              0 |              0 |              0 |              0 |              0 |              0 |              0 |              0 |              0 |              0 |              0 |              0 |              0 |              0 |              0 |              0 |              0 |
|               CAS_COUNT_RD               | MBOX7C0 |   114141673586 |              0 |              0 |              0 |              0 |              0 |              0 |              0 |              0 |              0 |              0 |              0 |              0 |              0 |              0 |              0 |              0 |              0 |              0 |              0 |              0 |              0 |              0 |              0 |              0 |              0 |
|               CAS_COUNT_WR               | MBOX7C1 |    59263184726 |              0 |              0 |              0 |              0 |              0 |              0 |              0 |              0 |              0 |              0 |              0 |              0 |              0 |              0 |              0 |              0 |              0 |              0 |              0 |              0 |              0 |              0 |              0 |              0 |              0 |
+------------------------------------------+---------+----------------+----------------+----------------+----------------+----------------+----------------+----------------+----------------+----------------+----------------+----------------+----------------+----------------+----------------+----------------+----------------+----------------+----------------+----------------+----------------+----------------+----------------+----------------+----------------+----------------+----------------+

+-----------------------------------------------+---------+-----------------+----------------+----------------+--------------+
|                     Event                     | Counter |       Sum       |       Min      |       Max      |      Avg     |
+-----------------------------------------------+---------+-----------------+----------------+----------------+--------------+
|             INSTR_RETIRED_ANY STAT            |  FIXC0  | 180104210079929 |  5127996930988 |  9880332434300 | 6.927085e+12 |
|           CPU_CLK_UNHALTED_CORE STAT          |  FIXC1  | 113473919383948 |  4362366454953 |  4367193356970 | 4.364382e+12 |
|           CPU_CLK_UNHALTED_REF STAT           |  FIXC2  | 113473884541248 |  4362363119232 |  4367190188544 | 4.364380e+12 |
|               TOPDOWN_SLOTS STAT              |  FIXC3  | 567369596919740 | 21811832274765 | 21835966784850 |      nil     |
|              PWR_PKG_ENERGY STAT              |   PWR0  |     356719.7496 |              0 |    356719.7496 |   13719.9904 |
|              PWR_DRAM_ENERGY STAT             |   PWR3  |      33134.8165 |              0 |     33134.8165 |    1274.4160 |
| FP_ARITH_INST_RETIRED_128B_PACKED_DOUBLE STAT |   PMC0  |               0 |              0 |              0 |            0 |
|    FP_ARITH_INST_RETIRED_SCALAR_DOUBLE STAT   |   PMC1  |  64859484598229 |  2486315936820 |  2507842889160 | 2.494596e+12 |
| FP_ARITH_INST_RETIRED_256B_PACKED_DOUBLE STAT |   PMC2  |               0 |              0 |              0 |            0 |
| FP_ARITH_INST_RETIRED_512B_PACKED_DOUBLE STAT |   PMC3  |   1489497909465 |    55183702500 |    58646268885 | 5.728838e+10 |
|               CAS_COUNT_RD STAT               | MBOX0C0 |    268830720629 |              0 |   268830720629 | 1.033964e+10 |
|               CAS_COUNT_WR STAT               | MBOX0C1 |    136284376521 |              0 |   136284376521 | 5.241707e+09 |
|               CAS_COUNT_RD STAT               | MBOX1C0 |    268898690897 |              0 |   268898690897 | 1.034226e+10 |
|               CAS_COUNT_WR STAT               | MBOX1C1 |    136275312228 |              0 |   136275312228 | 5.241358e+09 |
|               CAS_COUNT_RD STAT               | MBOX2C0 |    268916461062 |              0 |   268916461062 | 1.034294e+10 |
|               CAS_COUNT_WR STAT               | MBOX2C1 |    136296874775 |              0 |   136296874775 | 5.242187e+09 |
|               CAS_COUNT_RD STAT               | MBOX3C0 |    268908121718 |              0 |   268908121718 | 1.034262e+10 |
|               CAS_COUNT_WR STAT               | MBOX3C1 |    136282747552 |              0 |   136282747552 | 5.241644e+09 |
|               CAS_COUNT_RD STAT               | MBOX4C0 |    114111957327 |              0 |   114111957327 | 4.388921e+09 |
|               CAS_COUNT_WR STAT               | MBOX4C1 |     59268163905 |              0 |    59268163905 | 2.279545e+09 |
|               CAS_COUNT_RD STAT               | MBOX5C0 |    114120162281 |              0 |   114120162281 | 4.389237e+09 |
|               CAS_COUNT_WR STAT               | MBOX5C1 |     59260513878 |              0 |    59260513878 | 2.279251e+09 |
|               CAS_COUNT_RD STAT               | MBOX6C0 |    114116072550 |              0 |   114116072550 | 4.389080e+09 |
|               CAS_COUNT_WR STAT               | MBOX6C1 |     59265002757 |              0 |    59265002757 | 2.279423e+09 |
|               CAS_COUNT_RD STAT               | MBOX7C0 |    114141673586 |              0 |   114141673586 | 4.390064e+09 |
|               CAS_COUNT_WR STAT               | MBOX7C1 |     59263184726 |              0 |    59263184726 | 2.279353e+09 |
+-----------------------------------------------+---------+-----------------+----------------+----------------+--------------+

+-----------------------------------+-------------+-----------+-----------+-----------+-----------+-----------+-----------+-----------+-----------+-----------+-------------+-------------+-------------+-------------+-------------+-------------+-------------+-------------+-------------+-------------+-------------+-------------+-------------+-------------+-------------+-------------+
|               Metric              |  f0314:0:0  | f0314:1:1 | f0314:2:2 | f0314:3:3 | f0314:4:4 | f0314:5:5 | f0314:6:6 | f0314:7:7 | f0314:8:8 | f0314:9:9 | f0314:10:10 | f0314:11:11 | f0314:12:12 | f0314:13:13 | f0314:14:14 | f0314:15:15 | f0314:16:16 | f0314:17:17 | f0314:18:18 | f0314:19:19 | f0314:20:20 | f0314:21:21 | f0314:22:22 | f0314:23:23 | f0314:24:24 | f0314:25:25 |
+-----------------------------------+-------------+-----------+-----------+-----------+-----------+-----------+-----------+-----------+-----------+-----------+-------------+-------------+-------------+-------------+-------------+-------------+-------------+-------------+-------------+-------------+-------------+-------------+-------------+-------------+-------------+-------------+
|        Runtime (RDTSC) [s]        |   1828.8890 | 1828.9710 | 1828.9280 | 1828.8970 | 1828.8900 | 1828.8840 | 1828.9450 | 1828.8960 | 1829.0560 | 1828.8990 |   1828.9020 |   1828.9070 |   1829.7190 |   1828.9740 |   1829.0480 |   1828.9840 |   1828.9050 |   1828.9560 |   1828.9220 |   1828.9360 |   1829.0080 |   1828.8890 |   1829.1130 |   1829.0370 |   1828.9310 |   1828.8790 |
|        Runtime unhalted [s]       |   1822.0724 | 1822.5440 | 1822.2820 | 1822.3406 | 1822.2748 | 1821.9600 | 1822.2270 | 1822.1632 | 1822.4547 | 1822.0971 |   1822.0828 |   1822.0510 |   1823.3282 |   1822.5045 |   1822.7803 |   1822.9333 |   1822.0123 |   1823.0274 |   1823.9360 |   1823.7901 |   1823.7685 |   1823.7835 |   1824.1971 |   1823.9563 |   1823.8796 |   1823.7354 |
|            Clock [MHz]            |   2394.3238 | 2394.3314 | 2394.3311 | 2394.3303 | 2394.3261 | 2394.3280 | 2394.2816 | 2394.3270 | 2394.1899 | 2394.3247 |   2394.3276 |   2394.3227 |   2393.2568 |   2394.3291 |   2394.3111 |   2394.3269 |   2394.3282 |   2394.2946 |   2394.2950 |   2394.2905 |   2394.3292 |   2394.3293 |   2394.0376 |   2394.2658 |   2394.2739 |   2394.3264 |
|                CPI                |      0.6902 |    0.6862 |    0.6294 |    0.5945 |    0.6826 |    0.7867 |    0.8104 |    0.8474 |    0.8334 |    0.8357 |      0.8452 |      0.8232 |      0.8474 |      0.8510 |      0.8325 |      0.8450 |      0.8186 |      0.8036 |      0.4455 |      0.4420 |      0.4455 |      0.4512 |      0.4424 |      0.4432 |      0.4458 |      0.4531 |
|             Energy [J]            | 356719.7496 |         0 |         0 |         0 |         0 |         0 |         0 |         0 |         0 |         0 |           0 |           0 |           0 |           0 |           0 |           0 |           0 |           0 |           0 |           0 |           0 |           0 |           0 |           0 |           0 |           0 |
|             Power [W]             |    195.0472 |         0 |         0 |         0 |         0 |         0 |         0 |         0 |         0 |         0 |           0 |           0 |           0 |           0 |           0 |           0 |           0 |           0 |           0 |           0 |           0 |           0 |           0 |           0 |           0 |           0 |
|          Energy DRAM [J]          |  33134.8165 |         0 |         0 |         0 |         0 |         0 |         0 |         0 |         0 |         0 |           0 |           0 |           0 |           0 |           0 |           0 |           0 |           0 |           0 |           0 |           0 |           0 |           0 |           0 |           0 |           0 |
|           Power DRAM [W]          |     18.1175 |         0 |         0 |         0 |         0 |         0 |         0 |         0 |         0 |         0 |           0 |           0 |           0 |           0 |           0 |           0 |           0 |           0 |           0 |           0 |           0 |           0 |           0 |           0 |           0 |           0 |
|            DP [MFLOP/s]           |   1616.0012 | 1612.5529 | 1615.7683 | 1612.6182 | 1615.8018 | 1615.8071 | 1612.5758 | 1615.7965 | 1615.6552 | 1612.6164 |   1615.7912 |   1612.6093 |   1615.0697 |   1615.7276 |   1612.4850 |   1615.7188 |   1612.6111 |   1615.7435 |   1615.7735 |   1612.5837 |   1615.6976 |   1615.8027 |   1612.4277 |   1615.6719 |   1612.5881 |   1615.8115 |
|          AVX DP [MFLOP/s]         |    256.5329 |  241.3760 |  256.3293 |  241.3857 |  256.3346 |  256.3354 |  241.3794 |  256.3338 |  256.3113 |  241.3855 |    256.3329 |    241.3844 |    256.2185 |    256.3228 |    241.3658 |    256.3214 |    241.3847 |    256.3254 |    256.3301 |    241.3806 |    256.3181 |    256.3347 |    241.3572 |    256.3140 |    241.3812 |    256.3361 |
|          Packed [MUOPS/s]         |     32.0666 |   30.1720 |   32.0412 |   30.1732 |   32.0418 |   32.0419 |   30.1724 |   32.0417 |   32.0389 |   30.1732 |     32.0416 |     30.1731 |     32.0273 |     32.0404 |     30.1707 |     32.0402 |     30.1731 |     32.0407 |     32.0413 |     30.1726 |     32.0398 |     32.0418 |     30.1697 |     32.0393 |     30.1727 |     32.0420 |
|          Scalar [MUOPS/s]         |   1359.4683 | 1371.1770 | 1359.4390 | 1371.2324 | 1359.4672 | 1359.4717 | 1371.1964 | 1359.4628 | 1359.3438 | 1371.2309 |   1359.4583 |   1371.2249 |   1358.8513 |   1359.4048 |   1371.1192 |   1359.3973 |   1371.2264 |   1359.4181 |   1359.4434 |   1371.2032 |   1359.3795 |   1359.4679 |   1371.0705 |   1359.3579 |   1371.2069 |   1359.4754 |
|  Memory read bandwidth [MBytes/s] |  53612.2242 |         0 |         0 |         0 |         0 |         0 |         0 |         0 |         0 |         0 |           0 |           0 |           0 |           0 |           0 |           0 |           0 |           0 |           0 |           0 |           0 |           0 |           0 |           0 |           0 |           0 |
|  Memory read data volume [GBytes] |  98050.8070 |         0 |         0 |         0 |         0 |         0 |         0 |         0 |         0 |         0 |           0 |           0 |           0 |           0 |           0 |           0 |           0 |           0 |           0 |           0 |           0 |           0 |           0 |           0 |           0 |           0 |
| Memory write bandwidth [MBytes/s] |  27372.1124 |         0 |         0 |         0 |         0 |         0 |         0 |         0 |         0 |         0 |           0 |           0 |           0 |           0 |           0 |           0 |           0 |           0 |           0 |           0 |           0 |           0 |           0 |           0 |           0 |           0 |
| Memory write data volume [GBytes] |  50060.5553 |         0 |         0 |         0 |         0 |         0 |         0 |         0 |         0 |         0 |           0 |           0 |           0 |           0 |           0 |           0 |           0 |           0 |           0 |           0 |           0 |           0 |           0 |           0 |           0 |           0 |
|    Memory bandwidth [MBytes/s]    |  80984.3366 |         0 |         0 |         0 |         0 |         0 |         0 |         0 |         0 |         0 |           0 |           0 |           0 |           0 |           0 |           0 |           0 |           0 |           0 |           0 |           0 |           0 |           0 |           0 |           0 |           0 |
|    Memory data volume [GBytes]    | 148111.3623 |         0 |         0 |         0 |         0 |         0 |         0 |         0 |         0 |         0 |           0 |           0 |           0 |           0 |           0 |           0 |           0 |           0 |           0 |           0 |           0 |           0 |           0 |           0 |           0 |           0 |
|       Operational intensity       |      0.0200 |         0 |         0 |         0 |         0 |         0 |         0 |         0 |         0 |         0 |           0 |           0 |           0 |           0 |           0 |           0 |           0 |           0 |           0 |           0 |           0 |           0 |           0 |           0 |           0 |           0 |
+-----------------------------------+-------------+-----------+-----------+-----------+-----------+-----------+-----------+-----------+-----------+-----------+-------------+-------------+-------------+-------------+-------------+-------------+-------------+-------------+-------------+-------------+-------------+-------------+-------------+-------------+-------------+-------------+

+----------------------------------------+-------------+-----------+-------------+------------+-----------+-----------+-----------+
|                 Metric                 |     Sum     |    Min    |     Max     |     Avg    |  %ile 25  |  %ile 50  |  %ile 75  |
+----------------------------------------+-------------+-----------+-------------+------------+-----------+-----------+-----------+
|        Runtime (RDTSC) [s] STAT        |  47553.3650 | 1828.8790 |   1829.7190 |  1828.9756 | 1828.8970 | 1828.9280 | 1828.9840 |
|        Runtime unhalted [s] STAT       |  47394.1821 | 1821.9600 |   1824.1971 |  1822.8532 | 1822.1632 | 1822.5045 | 1823.7685 |
|            Clock [MHz] STAT            |  62250.7386 | 2393.2568 |   2394.3314 |  2394.2592 | 2394.2905 | 2394.3247 | 2394.3282 |
|                CPI STAT                |     17.6317 |    0.4420 |      0.8510 |     0.6781 |    0.4512 |    0.6902 |    0.8334 |
|             Energy [J] STAT            | 356719.7496 |         0 | 356719.7496 | 13719.9904 |         0 |         0 |         0 |
|             Power [W] STAT             |    195.0472 |         0 |    195.0472 |     7.5018 |         0 |         0 |         0 |
|          Energy DRAM [J] STAT          |  33134.8165 |         0 |  33134.8165 |  1274.4160 |         0 |         0 |         0 |
|           Power DRAM [W] STAT          |     18.1175 |         0 |     18.1175 |     0.6968 |         0 |         0 |         0 |
|            DP [MFLOP/s] STAT           |  41977.3063 | 1612.4277 |   1616.0012 |  1614.5118 | 1612.6093 | 1615.6719 | 1615.7912 |
|          AVX DP [MFLOP/s] STAT         |   6515.1118 |  241.3572 |    256.5329 |   250.5812 |  241.3844 |  256.3140 |  256.3329 |
|          Packed [MUOPS/s] STAT         |    814.3892 |   30.1697 |     32.0666 |    31.3227 |   30.1731 |   32.0393 |   32.0416 |
|          Scalar [MUOPS/s] STAT         |  35462.1945 | 1358.8513 |   1371.2324 |  1363.9306 | 1359.4181 | 1359.4679 | 1371.1964 |
|  Memory read bandwidth [MBytes/s] STAT |  53612.2242 |         0 |  53612.2242 |  2062.0086 |         0 |         0 |         0 |
|  Memory read data volume [GBytes] STAT |  98050.8070 |         0 |  98050.8070 |  3771.1849 |         0 |         0 |         0 |
| Memory write bandwidth [MBytes/s] STAT |  27372.1124 |         0 |  27372.1124 |  1052.7736 |         0 |         0 |         0 |
| Memory write data volume [GBytes] STAT |  50060.5553 |         0 |  50060.5553 |  1925.4060 |         0 |         0 |         0 |
|    Memory bandwidth [MBytes/s] STAT    |  80984.3366 |         0 |  80984.3366 |  3114.7822 |         0 |         0 |         0 |
|    Memory data volume [GBytes] STAT    | 148111.3623 |         0 | 148111.3623 |  5696.5909 |         0 |         0 |         0 |
|       Operational intensity STAT       |      0.0200 |         0 |      0.0200 |     0.0008 |         0 |         0 |         0 |
+----------------------------------------+-------------+-----------+-------------+------------+-----------+-----------+-----------+

