WARN: Cannot extract OpenMP vendor from executable or commandline, assuming no OpenMP
 nx_glob, nz_glob:                  3000                  1250
 dx,dz:    8.00000000000000        8.00000000000000     
 dt:   2.666666666666666E-002
Group: 1
+------------------------------------------+---------+----------------+----------------+----------------+----------------+----------------+----------------+----------------+----------------+----------------+----------------+----------------+----------------+----------------+----------------+----------------+----------------+----------------+----------------+----------------+----------------+----------------+----------------+----------------+
|                   Event                  | Counter |    f0314:0:0   |    f0314:1:1   |    f0314:2:2   |    f0314:3:3   |    f0314:4:4   |    f0314:5:5   |    f0314:6:6   |    f0314:7:7   |    f0314:8:8   |    f0314:9:9   |   f0314:10:10  |   f0314:11:11  |   f0314:12:12  |   f0314:13:13  |   f0314:14:14  |   f0314:15:15  |   f0314:16:16  |   f0314:17:17  |   f0314:18:18  |   f0314:19:19  |   f0314:20:20  |   f0314:21:21  |   f0314:22:22  |
+------------------------------------------+---------+----------------+----------------+----------------+----------------+----------------+----------------+----------------+----------------+----------------+----------------+----------------+----------------+----------------+----------------+----------------+----------------+----------------+----------------+----------------+----------------+----------------+----------------+----------------+
|             INSTR_RETIRED_ANY            |  FIXC0  |  6809222476188 |  5897766811776 |  5867164096621 |  5812831200190 |  5844525573870 |  5814072648436 |  6055171255665 |  6420816424470 |  5816647088435 |  6229677188490 |  5817722635798 |  5877048082587 |  5812943964220 |  6126734051535 |  5817599303128 |  6463938243811 |  5969802587136 |  5813974906121 | 11335203551954 | 11534337973163 | 11488953455182 | 11294944947760 | 11662947006578 |
|           CPU_CLK_UNHALTED_CORE          |  FIXC1  |  5004474904599 |  5004714845718 |  5005158760301 |  5005684665255 |  5005772468334 |  5005313930329 |  5004603715094 |  5006106862580 |  5005859269543 |  5005736030158 |  5005432701529 |  5005472818508 |  5005974826444 |  5005343916363 |  5006114525138 |  5007048119087 |  5007137346281 |  5006215973559 |  5009901597807 |  5010140084472 |  5009832119052 |  5009897900008 |  5009589624770 |
|           CPU_CLK_UNHALTED_REF           |  FIXC2  |  5004477155424 |  5004714639456 |  5005158219168 |  5005685746944 |  5005772933952 |  5005311954240 |  5004604418784 |  5006104859616 |  5005857313920 |  5005735818912 |  5005431634464 |  5005474278912 |  5005975555296 |  5005343202048 |  5006113188192 |  5007048628320 |  5007139313568 |  5006214557376 |  5009901380736 |  5010138852192 |  5009828984160 |  5009892256704 |  5009590947936 |
|               TOPDOWN_SLOTS              |  FIXC3  | 25022374522995 | 25023574228590 | 25025793801505 | 25028423326275 | 25028862341670 | 25026569651645 | 25023018575470 | 25030534312900 | 25029296347715 | 25028680150790 | 25027163507645 | 25027364092540 | 25029874132220 | 25026719581815 | 25030572625690 | 25035240595435 | 25035686731405 | 25031079867795 | 25049507989035 | 25050700422360 | 25049160595260 | 25049489500040 | 25047948123850 |
|              PWR_PKG_ENERGY              |   PWR0  |    379532.2209 |              0 |              0 |              0 |              0 |              0 |              0 |              0 |              0 |              0 |              0 |              0 |              0 |              0 |              0 |              0 |              0 |              0 |              0 |              0 |              0 |              0 |              0 |
|              PWR_DRAM_ENERGY             |   PWR3  |     34786.7581 |              0 |              0 |              0 |              0 |              0 |              0 |              0 |              0 |              0 |              0 |              0 |              0 |              0 |              0 |              0 |              0 |              0 |              0 |              0 |              0 |              0 |              0 |
| FP_ARITH_INST_RETIRED_128B_PACKED_DOUBLE |   PMC0  |              0 |              0 |              0 |              0 |              0 |              0 |              0 |              0 |              0 |              0 |              0 |              0 |              0 |              0 |              0 |              0 |              0 |              0 |              0 |              0 |              0 |              0 |              0 |
|    FP_ARITH_INST_RETIRED_SCALAR_DOUBLE   |   PMC1  |  2809219859875 |  2830746128374 |  2809219237141 |  2830746127457 |  2809219239172 |  2830746123087 |  2809219232586 |  2809219228824 |  2830746130621 |  2809219231698 |  2830746111502 |  2809219223974 |  2830746098298 |  2809219234380 |  2830746101379 |  2809219208778 |  2809219203334 |  2830746097959 |  2809219202699 |  2830746089250 |  2809219199141 |  2830746091278 |  2809219193349 |
| FP_ARITH_INST_RETIRED_256B_PACKED_DOUBLE |   PMC2  |              0 |              0 |              0 |              0 |              0 |              0 |              0 |              0 |              0 |              0 |              0 |              0 |              0 |              0 |              0 |              0 |              0 |              0 |              0 |              0 |              0 |              0 |              0 |
| FP_ARITH_INST_RETIRED_512B_PACKED_DOUBLE |   PMC3  |    62316812013 |    64338729372 |    62271517500 |    64338729372 |    62271517500 |    64338729372 |    62271517500 |    62271517500 |    64338729372 |    62271517500 |    64338729372 |    62271517500 |    64338729372 |    62271517500 |    64338729372 |    62271517500 |    62271517500 |    64338729372 |    62271517500 |    64338729372 |    62271517500 |    64338729372 |    62271517500 |
|               CAS_COUNT_RD               | MBOX0C0 |   295965252959 |              0 |              0 |              0 |              0 |              0 |              0 |              0 |              0 |              0 |              0 |              0 |              0 |              0 |              0 |              0 |              0 |              0 |              0 |              0 |              0 |              0 |              0 |
|               CAS_COUNT_WR               | MBOX0C1 |   153669933072 |              0 |              0 |              0 |              0 |              0 |              0 |              0 |              0 |              0 |              0 |              0 |              0 |              0 |              0 |              0 |              0 |              0 |              0 |              0 |              0 |              0 |              0 |
|               CAS_COUNT_RD               | MBOX1C0 |   296641915091 |              0 |              0 |              0 |              0 |              0 |              0 |              0 |              0 |              0 |              0 |              0 |              0 |              0 |              0 |              0 |              0 |              0 |              0 |              0 |              0 |              0 |              0 |
|               CAS_COUNT_WR               | MBOX1C1 |   153648633354 |              0 |              0 |              0 |              0 |              0 |              0 |              0 |              0 |              0 |              0 |              0 |              0 |              0 |              0 |              0 |              0 |              0 |              0 |              0 |              0 |              0 |              0 |
|               CAS_COUNT_RD               | MBOX2C0 |   296325145349 |              0 |              0 |              0 |              0 |              0 |              0 |              0 |              0 |              0 |              0 |              0 |              0 |              0 |              0 |              0 |              0 |              0 |              0 |              0 |              0 |              0 |              0 |
|               CAS_COUNT_WR               | MBOX2C1 |   153639554814 |              0 |              0 |              0 |              0 |              0 |              0 |              0 |              0 |              0 |              0 |              0 |              0 |              0 |              0 |              0 |              0 |              0 |              0 |              0 |              0 |              0 |              0 |
|               CAS_COUNT_RD               | MBOX3C0 |   296161846372 |              0 |              0 |              0 |              0 |              0 |              0 |              0 |              0 |              0 |              0 |              0 |              0 |              0 |              0 |              0 |              0 |              0 |              0 |              0 |              0 |              0 |              0 |
|               CAS_COUNT_WR               | MBOX3C1 |   153664547839 |              0 |              0 |              0 |              0 |              0 |              0 |              0 |              0 |              0 |              0 |              0 |              0 |              0 |              0 |              0 |              0 |              0 |              0 |              0 |              0 |              0 |              0 |
|               CAS_COUNT_RD               | MBOX4C0 |    76419206958 |              0 |              0 |              0 |              0 |              0 |              0 |              0 |              0 |              0 |              0 |              0 |              0 |              0 |              0 |              0 |              0 |              0 |              0 |              0 |              0 |              0 |              0 |
|               CAS_COUNT_WR               | MBOX4C1 |    40883166686 |              0 |              0 |              0 |              0 |              0 |              0 |              0 |              0 |              0 |              0 |              0 |              0 |              0 |              0 |              0 |              0 |              0 |              0 |              0 |              0 |              0 |              0 |
|               CAS_COUNT_RD               | MBOX5C0 |    76447259756 |              0 |              0 |              0 |              0 |              0 |              0 |              0 |              0 |              0 |              0 |              0 |              0 |              0 |              0 |              0 |              0 |              0 |              0 |              0 |              0 |              0 |              0 |
|               CAS_COUNT_WR               | MBOX5C1 |    40888206300 |              0 |              0 |              0 |              0 |              0 |              0 |              0 |              0 |              0 |              0 |              0 |              0 |              0 |              0 |              0 |              0 |              0 |              0 |              0 |              0 |              0 |              0 |
|               CAS_COUNT_RD               | MBOX6C0 |    76438226734 |              0 |              0 |              0 |              0 |              0 |              0 |              0 |              0 |              0 |              0 |              0 |              0 |              0 |              0 |              0 |              0 |              0 |              0 |              0 |              0 |              0 |              0 |
|               CAS_COUNT_WR               | MBOX6C1 |    40881913782 |              0 |              0 |              0 |              0 |              0 |              0 |              0 |              0 |              0 |              0 |              0 |              0 |              0 |              0 |              0 |              0 |              0 |              0 |              0 |              0 |              0 |              0 |
|               CAS_COUNT_RD               | MBOX7C0 |    76445783053 |              0 |              0 |              0 |              0 |              0 |              0 |              0 |              0 |              0 |              0 |              0 |              0 |              0 |              0 |              0 |              0 |              0 |              0 |              0 |              0 |              0 |              0 |
|               CAS_COUNT_WR               | MBOX7C1 |    40887790401 |              0 |              0 |              0 |              0 |              0 |              0 |              0 |              0 |              0 |              0 |              0 |              0 |              0 |              0 |              0 |              0 |              0 |              0 |              0 |              0 |              0 |              0 |
+------------------------------------------+---------+----------------+----------------+----------------+----------------+----------------+----------------+----------------+----------------+----------------+----------------+----------------+----------------+----------------+----------------+----------------+----------------+----------------+----------------+----------------+----------------+----------------+----------------+----------------+

+-----------------------------------------------+---------+-----------------+----------------+----------------+---------------+
|                     Event                     | Counter |       Sum       |       Min      |       Max      |      Avg      |
+-----------------------------------------------+---------+-----------------+----------------+----------------+---------------+
|             INSTR_RETIRED_ANY STAT            |  FIXC0  | 165584045473114 |  5812831200190 | 11662947006578 | 7199306324918 |
|           CPU_CLK_UNHALTED_CORE STAT          |  FIXC1  | 115151527004929 |  5004474904599 |  5010140084472 |  5.006588e+12 |
|           CPU_CLK_UNHALTED_REF STAT           |  FIXC2  | 115151515840320 |  5004477155424 |  5010138852192 |  5.006588e+12 |
|               TOPDOWN_SLOTS STAT              |  FIXC3  | 575757635024645 | 25022374522995 | 25050700422360 |      nil      |
|              PWR_PKG_ENERGY STAT              |   PWR0  |     379532.2209 |              0 |    379532.2209 |    16501.4009 |
|              PWR_DRAM_ENERGY STAT             |   PWR3  |      34786.7581 |              0 |     34786.7581 |     1512.4677 |
| FP_ARITH_INST_RETIRED_128B_PACKED_DOUBLE STAT |   PMC0  |               0 |              0 |              0 |             0 |
|    FP_ARITH_INST_RETIRED_SCALAR_DOUBLE STAT   |   PMC1  |  64827311594156 |  2809219193349 |  2830746130621 |  2.818579e+12 |
| FP_ARITH_INST_RETIRED_256B_PACKED_DOUBLE STAT |   PMC2  |               0 |              0 |              0 |             0 |
| FP_ARITH_INST_RETIRED_512B_PACKED_DOUBLE STAT |   PMC3  |   1452962315733 |    62271517500 |    64338729372 |  6.317227e+10 |
|               CAS_COUNT_RD STAT               | MBOX0C0 |    295965252959 |              0 |   295965252959 |  1.286805e+10 |
|               CAS_COUNT_WR STAT               | MBOX0C1 |    153669933072 |              0 |   153669933072 |  6.681301e+09 |
|               CAS_COUNT_RD STAT               | MBOX1C0 |    296641915091 |              0 |   296641915091 |  1.289747e+10 |
|               CAS_COUNT_WR STAT               | MBOX1C1 |    153648633354 |              0 |   153648633354 |  6.680375e+09 |
|               CAS_COUNT_RD STAT               | MBOX2C0 |    296325145349 |              0 |   296325145349 |  1.288370e+10 |
|               CAS_COUNT_WR STAT               | MBOX2C1 |    153639554814 |              0 |   153639554814 |  6.679981e+09 |
|               CAS_COUNT_RD STAT               | MBOX3C0 |    296161846372 |              0 |   296161846372 |  1.287660e+10 |
|               CAS_COUNT_WR STAT               | MBOX3C1 |    153664547839 |              0 |   153664547839 |  6.681067e+09 |
|               CAS_COUNT_RD STAT               | MBOX4C0 |     76419206958 |              0 |    76419206958 |  3.322574e+09 |
|               CAS_COUNT_WR STAT               | MBOX4C1 |     40883166686 |              0 |    40883166686 |  1.777529e+09 |
|               CAS_COUNT_RD STAT               | MBOX5C0 |     76447259756 |              0 |    76447259756 |  3.323794e+09 |
|               CAS_COUNT_WR STAT               | MBOX5C1 |     40888206300 |              0 |    40888206300 |    1777748100 |
|               CAS_COUNT_RD STAT               | MBOX6C0 |     76438226734 |              0 |    76438226734 |  3.323401e+09 |
|               CAS_COUNT_WR STAT               | MBOX6C1 |     40881913782 |              0 |    40881913782 |  1.777475e+09 |
|               CAS_COUNT_RD STAT               | MBOX7C0 |     76445783053 |              0 |    76445783053 |  3.323730e+09 |
|               CAS_COUNT_WR STAT               | MBOX7C1 |     40887790401 |              0 |    40887790401 |  1.777730e+09 |
+-----------------------------------------------+---------+-----------------+----------------+----------------+---------------+

+-----------------------------------+-------------+-----------+-----------+-----------+-----------+-----------+-----------+-----------+-----------+-----------+-------------+-------------+-------------+-------------+-------------+-------------+-------------+-------------+-------------+-------------+-------------+-------------+-------------+
|               Metric              |  f0314:0:0  | f0314:1:1 | f0314:2:2 | f0314:3:3 | f0314:4:4 | f0314:5:5 | f0314:6:6 | f0314:7:7 | f0314:8:8 | f0314:9:9 | f0314:10:10 | f0314:11:11 | f0314:12:12 | f0314:13:13 | f0314:14:14 | f0314:15:15 | f0314:16:16 | f0314:17:17 | f0314:18:18 | f0314:19:19 | f0314:20:20 | f0314:21:21 | f0314:22:22 |
+-----------------------------------+-------------+-----------+-----------+-----------+-----------+-----------+-----------+-----------+-----------+-----------+-------------+-------------+-------------+-------------+-------------+-------------+-------------+-------------+-------------+-------------+-------------+-------------+-------------+
|        Runtime (RDTSC) [s]        |   2098.1050 | 2098.1470 | 2097.9370 | 2097.9310 | 2097.9980 | 2097.9660 | 2098.1550 | 2097.9650 | 2097.9370 | 2098.0520 |   2097.9470 |   2098.1210 |   2097.9620 |   2097.9300 |   2097.9700 |   2098.0730 |   2098.1220 |   2098.1110 |   2097.9520 |   2097.9430 |   2097.9750 |   2098.0560 |   2097.9870 |
|        Runtime unhalted [s]       |   2090.1385 | 2090.2623 | 2090.4241 | 2090.6481 | 2090.7089 | 2090.5226 | 2090.4055 | 2090.8217 | 2090.7186 | 2090.7342 |   2090.5442 |   2090.5573 |   2090.7642 |   2090.5053 |   2090.8516 |   2091.2895 |   2091.2498 |   2090.9669 |   2092.4072 |   2092.5077 |   2092.3794 |   2092.5029 |   2092.2888 |
|            Clock [MHz]            |   2394.3258 | 2394.3000 | 2394.3272 | 2394.3214 | 2394.2941 | 2394.2893 | 2394.0824 | 2394.3261 | 2394.3256 | 2394.2480 |   2394.3210 |   2394.3240 |   2394.3275 |   2394.3228 |   2394.2951 |   2394.2393 |   2394.3268 |   2394.2117 |   2394.3245 |   2394.3239 |   2394.3245 |   2394.2158 |   2394.3102 |
|                CPI                |      0.7350 |    0.8486 |    0.8531 |    0.8611 |    0.8565 |    0.8609 |    0.8265 |    0.7797 |    0.8606 |    0.8035 |      0.8604 |      0.8517 |      0.8612 |      0.8170 |      0.8605 |      0.7746 |      0.8387 |      0.8611 |      0.4420 |      0.4344 |      0.4361 |      0.4436 |      0.4295 |
|             Energy [J]            | 379532.2209 |         0 |         0 |         0 |         0 |         0 |         0 |         0 |         0 |         0 |           0 |           0 |           0 |           0 |           0 |           0 |           0 |           0 |           0 |           0 |           0 |           0 |           0 |
|             Power [W]             |    180.8929 |         0 |         0 |         0 |         0 |         0 |         0 |         0 |         0 |         0 |           0 |           0 |           0 |           0 |           0 |           0 |           0 |           0 |           0 |           0 |           0 |           0 |           0 |
|          Energy DRAM [J]          |  34786.7581 |         0 |         0 |         0 |         0 |         0 |         0 |         0 |         0 |         0 |           0 |           0 |           0 |           0 |           0 |           0 |           0 |           0 |           0 |           0 |           0 |           0 |           0 |
|           Power DRAM [W]          |     16.5801 |         0 |         0 |         0 |         0 |         0 |         0 |         0 |         0 |         0 |           0 |           0 |           0 |           0 |           0 |           0 |           0 |           0 |           0 |           0 |           0 |           0 |           0 |
|            DP [MFLOP/s]           |   1576.5438 | 1594.4812 | 1576.4970 | 1594.6454 | 1576.4512 | 1594.6188 | 1576.3332 | 1576.4760 | 1594.6408 | 1576.4106 |   1594.6332 |   1576.3587 |   1594.6218 |   1576.5023 |   1594.6157 |   1576.3948 |   1576.3580 |   1594.5086 |   1576.4857 |   1594.6362 |   1576.4684 |   1594.5503 |   1576.4594 |
|          AVX DP [MFLOP/s]         |    237.6118 |  245.3164 |  237.4581 |  245.3416 |  237.4512 |  245.3375 |  237.4334 |  237.4549 |  245.3409 |  237.4451 |    245.3398 |    237.4373 |    245.3380 |    237.4589 |    245.3371 |    237.4427 |    237.4372 |    245.3206 |    237.4564 |    245.3402 |    237.4538 |    245.3270 |    237.4524 |
|          Packed [MUOPS/s]         |     29.7015 |   30.6645 |   29.6823 |   30.6677 |   29.6814 |   30.6672 |   29.6792 |   29.6819 |   30.6676 |   29.6806 |     30.6675 |     29.6797 |     30.6673 |     29.6824 |     30.6671 |     29.6803 |     29.6796 |     30.6651 |     29.6821 |     30.6675 |     29.6817 |     30.6659 |     29.6816 |
|          Scalar [MUOPS/s]         |   1338.9320 | 1349.1648 | 1339.0389 | 1349.3037 | 1339.0000 | 1349.2812 | 1338.8998 | 1339.0210 | 1349.2999 | 1338.9655 |   1349.2934 |   1338.9215 |   1349.2838 |   1339.0434 |   1349.2786 |   1338.9521 |   1338.9208 |   1349.1880 |   1339.0293 |   1349.2960 |   1339.0146 |   1349.2233 |   1339.0070 |
|  Memory read bandwidth [MBytes/s] |  45476.3021 |         0 |         0 |         0 |         0 |         0 |         0 |         0 |         0 |         0 |           0 |           0 |           0 |           0 |           0 |           0 |           0 |           0 |           0 |           0 |           0 |           0 |           0 |
|  Memory read data volume [GBytes] |  95414.0567 |         0 |         0 |         0 |         0 |         0 |         0 |         0 |         0 |         0 |           0 |           0 |           0 |           0 |           0 |           0 |           0 |           0 |           0 |           0 |           0 |           0 |           0 |
| Memory write bandwidth [MBytes/s] |  23736.8863 |         0 |         0 |         0 |         0 |         0 |         0 |         0 |         0 |         0 |           0 |           0 |           0 |           0 |           0 |           0 |           0 |           0 |           0 |           0 |           0 |           0 |           0 |
| Memory write data volume [GBytes] |  49802.4798 |         0 |         0 |         0 |         0 |         0 |         0 |         0 |         0 |         0 |           0 |           0 |           0 |           0 |           0 |           0 |           0 |           0 |           0 |           0 |           0 |           0 |           0 |
|    Memory bandwidth [MBytes/s]    |  69213.1883 |         0 |         0 |         0 |         0 |         0 |         0 |         0 |         0 |         0 |           0 |           0 |           0 |           0 |           0 |           0 |           0 |           0 |           0 |           0 |           0 |           0 |           0 |
|    Memory data volume [GBytes]    | 145216.5365 |         0 |         0 |         0 |         0 |         0 |         0 |         0 |         0 |         0 |           0 |           0 |           0 |           0 |           0 |           0 |           0 |           0 |           0 |           0 |           0 |           0 |           0 |
|       Operational intensity       |      0.0228 |         0 |         0 |         0 |         0 |         0 |         0 |         0 |         0 |         0 |           0 |           0 |           0 |           0 |           0 |           0 |           0 |           0 |           0 |           0 |           0 |           0 |           0 |
+-----------------------------------+-------------+-----------+-----------+-----------+-----------+-----------+-----------+-----------+-----------+-----------+-------------+-------------+-------------+-------------+-------------+-------------+-------------+-------------+-------------+-------------+-------------+-------------+-------------+

+----------------------------------------+-------------+-----------+-------------+------------+-----------+-----------+-----------+
|                 Metric                 |     Sum     |    Min    |     Max     |     Avg    |  %ile 25  |  %ile 50  |  %ile 75  |
+----------------------------------------+-------------+-----------+-------------+------------+-----------+-----------+-----------+
|        Runtime (RDTSC) [s] STAT        |  48254.3420 | 2097.9300 |   2098.1550 |  2098.0149 | 2097.9470 | 2097.9750 | 2098.0730 |
|        Runtime unhalted [s] STAT       |  48094.1993 | 2090.1385 |   2092.5077 |  2091.0521 | 2090.5226 | 2090.7342 | 2091.2498 |
|            Clock [MHz] STAT            |  55068.7070 | 2394.0824 |   2394.3275 |  2394.2916 | 2394.2893 | 2394.3214 | 2394.3245 |
|                CPI STAT                |     17.1963 |    0.4295 |      0.8612 |     0.7477 |    0.7350 |    0.8387 |    0.8604 |
|             Energy [J] STAT            | 379532.2209 |         0 | 379532.2209 | 16501.4009 |         0 |         0 |         0 |
|             Power [W] STAT             |    180.8929 |         0 |    180.8929 |     7.8649 |         0 |         0 |         0 |
|          Energy DRAM [J] STAT          |  34786.7581 |         0 |  34786.7581 |  1512.4677 |         0 |         0 |         0 |
|           Power DRAM [W] STAT          |     16.5801 |         0 |     16.5801 |     0.7209 |         0 |         0 |         0 |
|            DP [MFLOP/s] STAT           |  36439.6911 | 1576.3332 |   1594.6454 |  1584.3344 | 1576.4512 | 1576.5023 | 1594.6157 |
|          AVX DP [MFLOP/s] STAT         |   5540.3323 |  237.4334 |    245.3416 |   240.8840 |  237.4512 |  237.4589 |  245.3371 |
|          Packed [MUOPS/s] STAT         |    692.5417 |   29.6792 |     30.6677 |    30.1105 |   29.6814 |   29.6824 |   30.6671 |
|          Scalar [MUOPS/s] STAT         |  30899.3586 | 1338.8998 |   1349.3037 |  1343.4504 | 1338.9655 | 1339.0389 | 1349.2786 |
|  Memory read bandwidth [MBytes/s] STAT |  45476.3021 |         0 |  45476.3021 |  1977.2305 |         0 |         0 |         0 |
|  Memory read data volume [GBytes] STAT |  95414.0567 |         0 |  95414.0567 |  4148.4372 |         0 |         0 |         0 |
| Memory write bandwidth [MBytes/s] STAT |  23736.8863 |         0 |  23736.8863 |  1032.0385 |         0 |         0 |         0 |
| Memory write data volume [GBytes] STAT |  49802.4798 |         0 |  49802.4798 |  2165.3252 |         0 |         0 |         0 |
|    Memory bandwidth [MBytes/s] STAT    |  69213.1883 |         0 |  69213.1883 |  3009.2691 |         0 |         0 |         0 |
|    Memory data volume [GBytes] STAT    | 145216.5365 |         0 | 145216.5365 |  6313.7625 |         0 |         0 |         0 |
|       Operational intensity STAT       |      0.0228 |         0 |      0.0228 |     0.0010 |         0 |         0 |         0 |
+----------------------------------------+-------------+-----------+-------------+------------+-----------+-----------+-----------+

