WARN: Cannot extract OpenMP vendor from executable or commandline, assuming no OpenMP
 nx_glob, nz_glob:                  3000                  1250
 dx,dz:    8.00000000000000        8.00000000000000     
 dt:   2.666666666666666E-002
Group: 1
+------------------------------------------+---------+----------------+----------------+----------------+----------------+----------------+----------------+----------------+----------------+----------------+----------------+----------------+----------------+----------------+----------------+----------------+----------------+----------------+----------------+----------------+----------------+----------------+
|                   Event                  | Counter |    f0314:0:0   |    f0314:1:1   |    f0314:2:2   |    f0314:3:3   |    f0314:4:4   |    f0314:5:5   |    f0314:6:6   |    f0314:7:7   |    f0314:8:8   |    f0314:9:9   |   f0314:10:10  |   f0314:11:11  |   f0314:12:12  |   f0314:13:13  |   f0314:14:14  |   f0314:15:15  |   f0314:16:16  |   f0314:17:17  |   f0314:18:18  |   f0314:19:19  |   f0314:20:20  |
+------------------------------------------+---------+----------------+----------------+----------------+----------------+----------------+----------------+----------------+----------------+----------------+----------------+----------------+----------------+----------------+----------------+----------------+----------------+----------------+----------------+----------------+----------------+----------------+
|             INSTR_RETIRED_ANY            |  FIXC0  |  9195160499518 |  8207491613519 |  7140101672064 |  6548128427228 |  6787193935440 |  6339932146859 |  6728372528763 |  6363346311208 |  6349599389341 |  6452773138527 |  8364772686376 |  6431036325532 |  6331913224478 |  6393323088624 |  6377942368925 |  6460208774793 |  6587685531668 |  7604970347934 | 12481437437026 | 12336436202818 | 12443957663046 |
|           CPU_CLK_UNHALTED_CORE          |  FIXC1  |  5368437175063 |  5368433304582 |  5367373985266 |  5368919332719 |  5368319889852 |  5367898630559 |  5366976112127 |  5367317313485 |  5368896846831 |  5368396192333 |  5368115492177 |  5367829934094 |  5368363129355 |  5366975824987 |  5369639791266 |  5369351833365 |  5371190515312 |  5370440164169 |  5373413942504 |  5371601870013 |  5373177009924 |
|           CPU_CLK_UNHALTED_REF           |  FIXC2  |  5368441752192 |  5368433630496 |  5367374005056 |  5368920548160 |  5368321162272 |  5367896424864 |  5366978042016 |  5367317473920 |  5368896094752 |  5368396979040 |  5368116151392 |  5367831253632 |  5368363980480 |  5366979436992 |  5369641763904 |  5369353453728 |  5371191040896 |  5370439832640 |  5373416778240 |  5371601865792 |  5373180906144 |
|               TOPDOWN_SLOTS              |  FIXC3  | 26842185875315 | 26842166522910 | 26836869926330 | 26844596663595 | 26841599449260 | 26839493152795 | 26834880560635 | 26836586567425 | 26844484234155 | 26841980961665 | 26840577460885 | 26839149670470 | 26841815646775 | 26834879124935 | 26848198956330 | 26846759166825 | 26855952576560 | 26852200820845 | 26867069712520 | 26858009350065 | 26865885049620 |
|              PWR_PKG_ENERGY              |   PWR0  |    394744.5254 |              0 |              0 |              0 |              0 |              0 |              0 |              0 |              0 |              0 |              0 |              0 |              0 |              0 |              0 |              0 |              0 |              0 |              0 |              0 |              0 |
|              PWR_DRAM_ENERGY             |   PWR3  |     35409.2675 |              0 |              0 |              0 |              0 |              0 |              0 |              0 |              0 |              0 |              0 |              0 |              0 |              0 |              0 |              0 |              0 |              0 |              0 |              0 |              0 |
| FP_ARITH_INST_RETIRED_128B_PACKED_DOUBLE |   PMC0  |              0 |              0 |              0 |              0 |              0 |              0 |              0 |              0 |              0 |              0 |              0 |              0 |              0 |              0 |              0 |              0 |              0 |              0 |              0 |              0 |              0 |
|    FP_ARITH_INST_RETIRED_SCALAR_DOUBLE   |   PMC1  |  3089069347879 |  3089068728579 |  3089068725568 |  3067541847030 |  3089068719425 |  3089068732680 |  3089068718221 |  3089068710673 |  3089068719414 |  3089068703285 |  3067541825178 |  3089068703163 |  3089068715774 |  3089068757601 |  3089068707819 |  3089068703885 |  3089068690779 |  3067541810214 |  3089068705714 |  3089068700189 |  3089068700030 |
| FP_ARITH_INST_RETIRED_256B_PACKED_DOUBLE |   PMC2  |              0 |              0 |              0 |              0 |              0 |              0 |              0 |              0 |              0 |              0 |              0 |              0 |              0 |              0 |              0 |              0 |              0 |              0 |              0 |              0 |              0 |
| FP_ARITH_INST_RETIRED_512B_PACKED_DOUBLE |   PMC3  |    69362370135 |    69317075622 |    69317075622 |    67924893750 |    69317075622 |    69317075622 |    69317075622 |    69317075622 |    69317075622 |    69317075622 |    67924893750 |    69317075622 |    69317075622 |    69317075622 |    69317075622 |    69317075622 |    69317075622 |    67924893750 |    69317075622 |    69317075622 |    69317075622 |
|               CAS_COUNT_RD               | MBOX0C0 |   327048657466 |              0 |              0 |              0 |              0 |              0 |              0 |              0 |              0 |              0 |              0 |              0 |              0 |              0 |              0 |              0 |              0 |              0 |              0 |              0 |              0 |
|               CAS_COUNT_WR               | MBOX0C1 |   167898542161 |              0 |              0 |              0 |              0 |              0 |              0 |              0 |              0 |              0 |              0 |              0 |              0 |              0 |              0 |              0 |              0 |              0 |              0 |              0 |              0 |
|               CAS_COUNT_RD               | MBOX1C0 |   327053497202 |              0 |              0 |              0 |              0 |              0 |              0 |              0 |              0 |              0 |              0 |              0 |              0 |              0 |              0 |              0 |              0 |              0 |              0 |              0 |              0 |
|               CAS_COUNT_WR               | MBOX1C1 |   167889635440 |              0 |              0 |              0 |              0 |              0 |              0 |              0 |              0 |              0 |              0 |              0 |              0 |              0 |              0 |              0 |              0 |              0 |              0 |              0 |              0 |
|               CAS_COUNT_RD               | MBOX2C0 |   327089306304 |              0 |              0 |              0 |              0 |              0 |              0 |              0 |              0 |              0 |              0 |              0 |              0 |              0 |              0 |              0 |              0 |              0 |              0 |              0 |              0 |
|               CAS_COUNT_WR               | MBOX2C1 |   167895699412 |              0 |              0 |              0 |              0 |              0 |              0 |              0 |              0 |              0 |              0 |              0 |              0 |              0 |              0 |              0 |              0 |              0 |              0 |              0 |              0 |
|               CAS_COUNT_RD               | MBOX3C0 |   327057701681 |              0 |              0 |              0 |              0 |              0 |              0 |              0 |              0 |              0 |              0 |              0 |              0 |              0 |              0 |              0 |              0 |              0 |              0 |              0 |              0 |
|               CAS_COUNT_WR               | MBOX3C1 |   167881633492 |              0 |              0 |              0 |              0 |              0 |              0 |              0 |              0 |              0 |              0 |              0 |              0 |              0 |              0 |              0 |              0 |              0 |              0 |              0 |              0 |
|               CAS_COUNT_RD               | MBOX4C0 |    43219711426 |              0 |              0 |              0 |              0 |              0 |              0 |              0 |              0 |              0 |              0 |              0 |              0 |              0 |              0 |              0 |              0 |              0 |              0 |              0 |              0 |
|               CAS_COUNT_WR               | MBOX4C1 |    24421592514 |              0 |              0 |              0 |              0 |              0 |              0 |              0 |              0 |              0 |              0 |              0 |              0 |              0 |              0 |              0 |              0 |              0 |              0 |              0 |              0 |
|               CAS_COUNT_RD               | MBOX5C0 |    43233589653 |              0 |              0 |              0 |              0 |              0 |              0 |              0 |              0 |              0 |              0 |              0 |              0 |              0 |              0 |              0 |              0 |              0 |              0 |              0 |              0 |
|               CAS_COUNT_WR               | MBOX5C1 |    24423265071 |              0 |              0 |              0 |              0 |              0 |              0 |              0 |              0 |              0 |              0 |              0 |              0 |              0 |              0 |              0 |              0 |              0 |              0 |              0 |              0 |
|               CAS_COUNT_RD               | MBOX6C0 |    43231357110 |              0 |              0 |              0 |              0 |              0 |              0 |              0 |              0 |              0 |              0 |              0 |              0 |              0 |              0 |              0 |              0 |              0 |              0 |              0 |              0 |
|               CAS_COUNT_WR               | MBOX6C1 |    24419103550 |              0 |              0 |              0 |              0 |              0 |              0 |              0 |              0 |              0 |              0 |              0 |              0 |              0 |              0 |              0 |              0 |              0 |              0 |              0 |              0 |
|               CAS_COUNT_RD               | MBOX7C0 |    43255183219 |              0 |              0 |              0 |              0 |              0 |              0 |              0 |              0 |              0 |              0 |              0 |              0 |              0 |              0 |              0 |              0 |              0 |              0 |              0 |              0 |
|               CAS_COUNT_WR               | MBOX7C1 |    24426912109 |              0 |              0 |              0 |              0 |              0 |              0 |              0 |              0 |              0 |              0 |              0 |              0 |              0 |              0 |              0 |              0 |              0 |              0 |              0 |              0 |
+------------------------------------------+---------+----------------+----------------+----------------+----------------+----------------+----------------+----------------+----------------+----------------+----------------+----------------+----------------+----------------+----------------+----------------+----------------+----------------+----------------+----------------+----------------+----------------+

+-----------------------------------------------+---------+-----------------+----------------+----------------+--------------+
|                     Event                     | Counter |       Sum       |       Min      |       Max      |      Avg     |
+-----------------------------------------------+---------+-----------------+----------------+----------------+--------------+
|             INSTR_RETIRED_ANY STAT            |  FIXC0  | 161925783313687 |  6331913224478 | 12481437437026 |      nil     |
|           CPU_CLK_UNHALTED_CORE STAT          |  FIXC1  | 112751068289983 |  5366975824987 |  5373413942504 | 5.369098e+12 |
|           CPU_CLK_UNHALTED_REF STAT           |  FIXC2  | 112751092576608 |  5366978042016 |  5373416778240 | 5.369100e+12 |
|               TOPDOWN_SLOTS STAT              |  FIXC3  | 563755341449915 | 26834879124935 | 26867069712520 |      nil     |
|              PWR_PKG_ENERGY STAT              |   PWR0  |     394744.5254 |              0 |    394744.5254 |   18797.3584 |
|              PWR_DRAM_ENERGY STAT             |   PWR3  |      35409.2675 |              0 |     35409.2675 |    1686.1556 |
| FP_ARITH_INST_RETIRED_128B_PACKED_DOUBLE STAT |   PMC0  |               0 |              0 |              0 |            0 |
|    FP_ARITH_INST_RETIRED_SCALAR_DOUBLE STAT   |   PMC1  |  64805862973100 |  3067541810214 |  3089069347879 | 3.085993e+12 |
| FP_ARITH_INST_RETIRED_256B_PACKED_DOUBLE STAT |   PMC2  |               0 |              0 |              0 |            0 |
| FP_ARITH_INST_RETIRED_512B_PACKED_DOUBLE STAT |   PMC3  |   1451527336959 |    67924893750 |    69362370135 |  69120349379 |
|               CAS_COUNT_RD STAT               | MBOX0C0 |    327048657466 |              0 |   327048657466 | 1.557375e+10 |
|               CAS_COUNT_WR STAT               | MBOX0C1 |    167898542161 |              0 |   167898542161 | 7.995169e+09 |
|               CAS_COUNT_RD STAT               | MBOX1C0 |    327053497202 |              0 |   327053497202 | 1.557398e+10 |
|               CAS_COUNT_WR STAT               | MBOX1C1 |    167889635440 |              0 |   167889635440 | 7.994745e+09 |
|               CAS_COUNT_RD STAT               | MBOX2C0 |    327089306304 |              0 |   327089306304 | 1.557568e+10 |
|               CAS_COUNT_WR STAT               | MBOX2C1 |    167895699412 |              0 |   167895699412 | 7.995033e+09 |
|               CAS_COUNT_RD STAT               | MBOX3C0 |    327057701681 |              0 |   327057701681 | 1.557418e+10 |
|               CAS_COUNT_WR STAT               | MBOX3C1 |    167881633492 |              0 |   167881633492 | 7.994363e+09 |
|               CAS_COUNT_RD STAT               | MBOX4C0 |     43219711426 |              0 |    43219711426 | 2.058081e+09 |
|               CAS_COUNT_WR STAT               | MBOX4C1 |     24421592514 |              0 |    24421592514 | 1.162933e+09 |
|               CAS_COUNT_RD STAT               | MBOX5C0 |     43233589653 |              0 |    43233589653 | 2.058742e+09 |
|               CAS_COUNT_WR STAT               | MBOX5C1 |     24423265071 |              0 |    24423265071 | 1.163013e+09 |
|               CAS_COUNT_RD STAT               | MBOX6C0 |     43231357110 |              0 |    43231357110 | 2.058636e+09 |
|               CAS_COUNT_WR STAT               | MBOX6C1 |     24419103550 |              0 |    24419103550 | 1.162814e+09 |
|               CAS_COUNT_RD STAT               | MBOX7C0 |     43255183219 |              0 |    43255183219 | 2.059771e+09 |
|               CAS_COUNT_WR STAT               | MBOX7C1 |     24426912109 |              0 |    24426912109 | 1.163186e+09 |
+-----------------------------------------------+---------+-----------------+----------------+----------------+--------------+

+-----------------------------------+-------------+-----------+-----------+-----------+-----------+-----------+-----------+-----------+-----------+-----------+-------------+-------------+-------------+-------------+-------------+-------------+-------------+-------------+-------------+-------------+-------------+
|               Metric              |  f0314:0:0  | f0314:1:1 | f0314:2:2 | f0314:3:3 | f0314:4:4 | f0314:5:5 | f0314:6:6 | f0314:7:7 | f0314:8:8 | f0314:9:9 | f0314:10:10 | f0314:11:11 | f0314:12:12 | f0314:13:13 | f0314:14:14 | f0314:15:15 | f0314:16:16 | f0314:17:17 | f0314:18:18 | f0314:19:19 | f0314:20:20 |
+-----------------------------------+-------------+-----------+-----------+-----------+-----------+-----------+-----------+-----------+-----------+-----------+-------------+-------------+-------------+-------------+-------------+-------------+-------------+-------------+-------------+-------------+-------------+
|        Runtime (RDTSC) [s]        |   2264.8020 | 2264.9230 | 2264.8230 | 2264.8200 | 2264.8120 | 2264.8320 | 2264.8310 | 2264.8080 | 2264.8380 | 2264.9780 |   2264.9320 |   2264.7950 |   2264.8580 |   2264.8310 |   2264.9180 |   2250.0210 |   2265.3670 |   2264.9140 |   2264.9220 |   2250.0210 |   2264.8360 |
|        Runtime unhalted [s]       |   2242.1734 | 2242.1478 | 2241.7088 | 2242.3533 | 2242.0999 | 2241.9504 | 2241.5651 | 2241.6896 | 2242.3399 | 2242.2965 |   2242.0134 |   2241.8987 |   2242.1566 |   2241.5391 |   2242.6508 |   2242.5341 |   2243.8573 |   2243.1061 |   2244.2256 |   2243.4771 |   2244.1274 |
|            Clock [MHz]            |   2394.2985 | 2394.3261 | 2394.3226 | 2394.3231 | 2394.3262 | 2394.2995 | 2394.2977 | 2394.3177 | 2394.3282 | 2394.1505 |   2394.3278 |   2394.3225 |   2394.2851 |   2394.3246 |   2394.3263 |   2394.3227 |   2393.7307 |   2394.1982 |   2394.3275 |   2394.3199 |   2394.3262 |
|                CPI                |      0.5838 |    0.6541 |    0.7517 |    0.8199 |    0.7909 |    0.8467 |    0.7977 |    0.8435 |    0.8455 |    0.8320 |      0.6418 |      0.8347 |      0.8478 |      0.8395 |      0.8419 |      0.8311 |      0.8153 |      0.7062 |      0.4305 |      0.4354 |      0.4318 |
|             Energy [J]            | 394744.5254 |         0 |         0 |         0 |         0 |         0 |         0 |         0 |         0 |         0 |           0 |           0 |           0 |           0 |           0 |           0 |           0 |           0 |           0 |           0 |           0 |
|             Power [W]             |    174.2954 |         0 |         0 |         0 |         0 |         0 |         0 |         0 |         0 |         0 |           0 |           0 |           0 |           0 |           0 |           0 |           0 |           0 |           0 |           0 |           0 |
|          Energy DRAM [J]          |  35409.2675 |         0 |         0 |         0 |         0 |         0 |         0 |         0 |         0 |         0 |           0 |           0 |           0 |           0 |           0 |           0 |           0 |           0 |           0 |           0 |           0 |
|           Power DRAM [W]          |     15.6346 |         0 |         0 |         0 |         0 |         0 |         0 |         0 |         0 |         0 |           0 |           0 |           0 |           0 |           0 |           0 |           0 |           0 |           0 |           0 |           0 |
|            DP [MFLOP/s]           |   1608.9567 | 1608.7105 | 1608.7815 | 1594.3611 | 1608.7893 | 1608.7751 | 1608.7758 | 1608.7921 | 1608.7708 | 1608.6714 |   1594.2823 |   1608.8014 |   1608.7566 |   1608.7758 |   1608.7140 |   1619.3650 |   1608.3951 |   1594.2950 |   1608.7112 |   1619.3650 |   1608.7722 |
|          AVX DP [MFLOP/s]         |    245.0099 |  244.8368 |  244.8477 |  239.9304 |  244.8488 |  244.8467 |  244.8468 |  244.8493 |  244.8460 |  244.8309 |    239.9185 |    244.8507 |    244.8439 |    244.8468 |    244.8374 |    246.4584 |    244.7889 |    239.9204 |    244.8370 |    246.4584 |    244.8463 |
|          Packed [MUOPS/s]         |     30.6262 |   30.6046 |   30.6060 |   29.9913 |   30.6061 |   30.6058 |   30.6058 |   30.6062 |   30.6058 |   30.6039 |     29.9898 |     30.6063 |     30.6055 |     30.6058 |     30.6047 |     30.8073 |     30.5986 |     29.9901 |     30.6046 |     30.8073 |     30.6058 |
|          Scalar [MUOPS/s]         |   1363.9468 | 1363.8736 | 1363.9338 | 1354.4307 | 1363.9405 | 1363.9284 | 1363.9290 | 1363.9429 | 1363.9248 | 1363.8405 |   1354.3638 |   1363.9507 |   1363.9128 |   1363.9290 |   1363.8766 |   1372.9066 |   1363.6063 |   1354.3745 |   1363.8742 |   1372.9066 |   1363.9260 |
|  Memory read bandwidth [MBytes/s] |  41856.2401 |         0 |         0 |         0 |         0 |         0 |         0 |         0 |         0 |         0 |           0 |           0 |           0 |           0 |           0 |           0 |           0 |           0 |           0 |           0 |           0 |
|  Memory read data volume [GBytes] |  94796.0963 |         0 |         0 |         0 |         0 |         0 |         0 |         0 |         0 |         0 |           0 |           0 |           0 |           0 |           0 |           0 |           0 |           0 |           0 |           0 |           0 |
| Memory write bandwidth [MBytes/s] |  21738.0630 |         0 |         0 |         0 |         0 |         0 |         0 |         0 |         0 |         0 |           0 |           0 |           0 |           0 |           0 |           0 |           0 |           0 |           0 |           0 |           0 |
| Memory write data volume [GBytes] |  49232.4086 |         0 |         0 |         0 |         0 |         0 |         0 |         0 |         0 |         0 |           0 |           0 |           0 |           0 |           0 |           0 |           0 |           0 |           0 |           0 |           0 |
|    Memory bandwidth [MBytes/s]    |  63594.3031 |         0 |         0 |         0 |         0 |         0 |         0 |         0 |         0 |         0 |           0 |           0 |           0 |           0 |           0 |           0 |           0 |           0 |           0 |           0 |           0 |
|    Memory data volume [GBytes]    | 144028.5048 |         0 |         0 |         0 |         0 |         0 |         0 |         0 |         0 |         0 |           0 |           0 |           0 |           0 |           0 |           0 |           0 |           0 |           0 |           0 |           0 |
|       Operational intensity       |      0.0253 |         0 |         0 |         0 |         0 |         0 |         0 |         0 |         0 |         0 |           0 |           0 |           0 |           0 |           0 |           0 |           0 |           0 |           0 |           0 |           0 |
+-----------------------------------+-------------+-----------+-----------+-----------+-----------+-----------+-----------+-----------+-----------+-----------+-------------+-------------+-------------+-------------+-------------+-------------+-------------+-------------+-------------+-------------+-------------+

+----------------------------------------+-------------+-----------+-------------+------------+-----------+-----------+-----------+
|                 Metric                 |     Sum     |    Min    |     Max     |     Avg    |  %ile 25  |  %ile 50  |  %ile 75  |
+----------------------------------------+-------------+-----------+-------------+------------+-----------+-----------+-----------+
|        Runtime (RDTSC) [s] STAT        |  47532.8820 | 2250.0210 |   2265.3670 |  2263.4706 | 2264.8080 | 2264.8320 | 2264.9180 |
|        Runtime unhalted [s] STAT       |  47091.9109 | 2241.5391 |   2244.2256 |  2242.4719 | 2241.8987 | 2242.1734 | 2242.6508 |
|            Clock [MHz] STAT            |  50279.8016 | 2393.7307 |   2394.3282 |  2394.2763 | 2394.2977 | 2394.3226 | 2394.3262 |
|                CPI STAT                |     15.4218 |    0.4305 |      0.8478 |     0.7344 |    0.6418 |    0.8153 |    0.8395 |
|             Energy [J] STAT            | 394744.5254 |         0 | 394744.5254 | 18797.3584 |         0 |         0 |         0 |
|             Power [W] STAT             |    174.2954 |         0 |    174.2954 |     8.2998 |         0 |         0 |         0 |
|          Energy DRAM [J] STAT          |  35409.2675 |         0 |  35409.2675 |  1686.1556 |         0 |         0 |         0 |
|           Power DRAM [W] STAT          |     15.6346 |         0 |     15.6346 |     0.7445 |         0 |         0 |         0 |
|            DP [MFLOP/s] STAT           |  33761.6179 | 1594.2823 |   1619.3650 |  1607.6961 | 1608.6714 | 1608.7722 | 1608.7893 |
|          AVX DP [MFLOP/s] STAT         |   5130.3000 |  239.9185 |    246.4584 |   244.3000 |  244.8309 |  244.8463 |  244.8488 |
|          Packed [MUOPS/s] STAT         |    641.2875 |   29.9898 |     30.8073 |    30.5375 |   30.6039 |   30.6058 |   30.6061 |
|          Scalar [MUOPS/s] STAT         |  28631.3181 | 1354.3638 |   1372.9066 |  1363.3961 | 1363.8405 | 1363.9260 | 1363.9405 |
|  Memory read bandwidth [MBytes/s] STAT |  41856.2401 |         0 |  41856.2401 |  1993.1543 |         0 |         0 |         0 |
|  Memory read data volume [GBytes] STAT |  94796.0963 |         0 |  94796.0963 |  4514.0998 |         0 |         0 |         0 |
| Memory write bandwidth [MBytes/s] STAT |  21738.0630 |         0 |  21738.0630 |  1035.1459 |         0 |         0 |         0 |
| Memory write data volume [GBytes] STAT |  49232.4086 |         0 |  49232.4086 |  2344.4004 |         0 |         0 |         0 |
|    Memory bandwidth [MBytes/s] STAT    |  63594.3031 |         0 |  63594.3031 |  3028.3001 |         0 |         0 |         0 |
|    Memory data volume [GBytes] STAT    | 144028.5048 |         0 | 144028.5048 |  6858.5002 |         0 |         0 |         0 |
|       Operational intensity STAT       |      0.0253 |         0 |      0.0253 |     0.0012 |         0 |         0 |         0 |
+----------------------------------------+-------------+-----------+-------------+------------+-----------+-----------+-----------+

