WARN: Cannot extract OpenMP vendor from executable or commandline, assuming no OpenMP
 nx_glob, nz_glob:                  3000                  1250
 dx,dz:    8.00000000000000        8.00000000000000     
 dt:   2.666666666666666E-002
Group: 1
+------------------------------------------+---------+----------------+----------------+----------------+----------------+----------------+----------------+----------------+----------------+----------------+----------------+----------------+----------------+
|                   Event                  | Counter |    f1149:0:0   |    f1149:1:1   |    f1149:2:2   |    f1149:3:3   |    f1149:4:4   |    f1149:5:5   |    f1149:6:6   |    f1149:7:7   |    f1149:8:8   |    f1149:9:9   |   f1149:10:10  |   f1149:11:11  |
+------------------------------------------+---------+----------------+----------------+----------------+----------------+----------------+----------------+----------------+----------------+----------------+----------------+----------------+----------------+
|             INSTR_RETIRED_ANY            |  FIXC0  | 10965921559810 | 11294406682675 | 11220233029189 | 10926263535633 | 11043037473857 | 11297142072809 | 10916829823892 | 10970321516716 | 11974788773534 | 13121456832836 | 11139460231403 | 10934266057883 |
|           CPU_CLK_UNHALTED_CORE          |  FIXC1  |  8239720969937 |  8241750609160 |  8241617514015 |  8241918473478 |  8242225879583 |  8242159077127 |  8241782223744 |  8240897897976 |  8242646892081 |  8242335197958 |  8242250867578 |  8242781310496 |
|           CPU_CLK_UNHALTED_REF           |  FIXC2  |  8239716924768 |  8241748907328 |  8241623934048 |  8241915584064 |  8242220240448 |  8242161503040 |  8241780784608 |  8240891519040 |  8242655963136 |  8242332897216 |  8242248479328 |  8242776308352 |
|               TOPDOWN_SLOTS              |  FIXC3  | 41198604849685 | 41208753045800 | 41208087570075 | 41209592367390 | 41211129397915 | 41210795385635 | 41208911118720 | 41204489489880 | 41213234460405 | 41211675989790 | 41211254337890 | 41213906552480 |
|              PWR_PKG_ENERGY              |   PWR0  |    494956.5768 |              0 |              0 |              0 |              0 |              0 |              0 |              0 |              0 |              0 |              0 |              0 |
|              PWR_DRAM_ENERGY             |   PWR3  |     41562.7924 |              0 |              0 |              0 |              0 |              0 |              0 |              0 |              0 |              0 |              0 |              0 |
| FP_ARITH_INST_RETIRED_128B_PACKED_DOUBLE |   PMC0  |              0 |              0 |              0 |              0 |              0 |              0 |              0 |              0 |              0 |              0 |              0 |              0 |
|    FP_ARITH_INST_RETIRED_SCALAR_DOUBLE   |   PMC1  |  5392445945123 |  5392445338125 |  5392445327103 |  5392445337205 |  5392445315794 |  5392445322567 |  5392445313641 |  5392445321495 |  5392445318104 |  5392445325330 |  5392445319996 |  5392445315376 |
| FP_ARITH_INST_RETIRED_256B_PACKED_DOUBLE |   PMC2  |              0 |              0 |              0 |              0 |              0 |              0 |              0 |              0 |              0 |              0 |              0 |              0 |
| FP_ARITH_INST_RETIRED_512B_PACKED_DOUBLE |   PMC3  |   106700034513 |   106654740000 |   106654740000 |   106654740000 |   106654740000 |   106654740000 |   106654740000 |   106654740000 |   106654740000 |   106654740000 |   106654740000 |   106654740000 |
|               CAS_COUNT_RD               | MBOX0C0 |   392049872928 |              0 |              0 |              0 |              0 |              0 |              0 |              0 |              0 |              0 |              0 |              0 |
|               CAS_COUNT_WR               | MBOX0C1 |   192255125334 |              0 |              0 |              0 |              0 |              0 |              0 |              0 |              0 |              0 |              0 |              0 |
|               CAS_COUNT_RD               | MBOX1C0 |   392062094060 |              0 |              0 |              0 |              0 |              0 |              0 |              0 |              0 |              0 |              0 |              0 |
|               CAS_COUNT_WR               | MBOX1C1 |   192245648256 |              0 |              0 |              0 |              0 |              0 |              0 |              0 |              0 |              0 |              0 |              0 |
|               CAS_COUNT_RD               | MBOX2C0 |   392082880396 |              0 |              0 |              0 |              0 |              0 |              0 |              0 |              0 |              0 |              0 |              0 |
|               CAS_COUNT_WR               | MBOX2C1 |   192245828615 |              0 |              0 |              0 |              0 |              0 |              0 |              0 |              0 |              0 |              0 |              0 |
|               CAS_COUNT_RD               | MBOX3C0 |   392043066096 |              0 |              0 |              0 |              0 |              0 |              0 |              0 |              0 |              0 |              0 |              0 |
|               CAS_COUNT_WR               | MBOX3C1 |   192239135721 |              0 |              0 |              0 |              0 |              0 |              0 |              0 |              0 |              0 |              0 |              0 |
|               CAS_COUNT_RD               | MBOX4C0 |       15154280 |              0 |              0 |              0 |              0 |              0 |              0 |              0 |              0 |              0 |              0 |              0 |
|               CAS_COUNT_WR               | MBOX4C1 |       16264455 |              0 |              0 |              0 |              0 |              0 |              0 |              0 |              0 |              0 |              0 |              0 |
|               CAS_COUNT_RD               | MBOX5C0 |       15147378 |              0 |              0 |              0 |              0 |              0 |              0 |              0 |              0 |              0 |              0 |              0 |
|               CAS_COUNT_WR               | MBOX5C1 |       16218113 |              0 |              0 |              0 |              0 |              0 |              0 |              0 |              0 |              0 |              0 |              0 |
|               CAS_COUNT_RD               | MBOX6C0 |       15268573 |              0 |              0 |              0 |              0 |              0 |              0 |              0 |              0 |              0 |              0 |              0 |
|               CAS_COUNT_WR               | MBOX6C1 |       16305864 |              0 |              0 |              0 |              0 |              0 |              0 |              0 |              0 |              0 |              0 |              0 |
|               CAS_COUNT_RD               | MBOX7C0 |       15350426 |              0 |              0 |              0 |              0 |              0 |              0 |              0 |              0 |              0 |              0 |              0 |
|               CAS_COUNT_WR               | MBOX7C1 |       16356740 |              0 |              0 |              0 |              0 |              0 |              0 |              0 |              0 |              0 |              0 |              0 |
+------------------------------------------+---------+----------------+----------------+----------------+----------------+----------------+----------------+----------------+----------------+----------------+----------------+----------------+----------------+

+-----------------------------------------------+---------+-----------------+----------------+----------------+---------------+
|                     Event                     | Counter |       Sum       |       Min      |       Max      |      Avg      |
+-----------------------------------------------+---------+-----------------+----------------+----------------+---------------+
|             INSTR_RETIRED_ANY STAT            |  FIXC0  | 135804127590237 | 10916829823892 | 13121456832836 |      nil      |
|           CPU_CLK_UNHALTED_CORE STAT          |  FIXC1  |  98902086913133 |  8239720969937 |  8242781310496 |  8.241841e+12 |
|           CPU_CLK_UNHALTED_REF STAT           |  FIXC2  |  98902073045376 |  8239716924768 |  8242776308352 | 8241839420448 |
|               TOPDOWN_SLOTS STAT              |  FIXC3  | 494510434565665 | 41198604849685 | 41213906552480 |      nil      |
|              PWR_PKG_ENERGY STAT              |   PWR0  |     494956.5768 |              0 |    494956.5768 |    41246.3814 |
|              PWR_DRAM_ENERGY STAT             |   PWR3  |      41562.7924 |              0 |     41562.7924 |     3463.5660 |
| FP_ARITH_INST_RETIRED_128B_PACKED_DOUBLE STAT |   PMC0  |               0 |              0 |              0 |             0 |
|    FP_ARITH_INST_RETIRED_SCALAR_DOUBLE STAT   |   PMC1  |  64709344499859 |  5392445313641 |  5392445945123 |  5.392445e+12 |
| FP_ARITH_INST_RETIRED_256B_PACKED_DOUBLE STAT |   PMC2  |               0 |              0 |              0 |             0 |
| FP_ARITH_INST_RETIRED_512B_PACKED_DOUBLE STAT |   PMC3  |   1279902174513 |   106654740000 |   106700034513 |  1.066585e+11 |
|               CAS_COUNT_RD STAT               | MBOX0C0 |    392049872928 |              0 |   392049872928 |   32670822744 |
|               CAS_COUNT_WR STAT               | MBOX0C1 |    192255125334 |              0 |   192255125334 |  1.602126e+10 |
|               CAS_COUNT_RD STAT               | MBOX1C0 |    392062094060 |              0 |   392062094060 |  3.267184e+10 |
|               CAS_COUNT_WR STAT               | MBOX1C1 |    192245648256 |              0 |   192245648256 |   16020470688 |
|               CAS_COUNT_RD STAT               | MBOX2C0 |    392082880396 |              0 |   392082880396 |  3.267357e+10 |
|               CAS_COUNT_WR STAT               | MBOX2C1 |    192245828615 |              0 |   192245828615 |  1.602049e+10 |
|               CAS_COUNT_RD STAT               | MBOX3C0 |    392043066096 |              0 |   392043066096 |   32670255508 |
|               CAS_COUNT_WR STAT               | MBOX3C1 |    192239135721 |              0 |   192239135721 |  1.601993e+10 |
|               CAS_COUNT_RD STAT               | MBOX4C0 |        15154280 |              0 |       15154280 |  1.262857e+06 |
|               CAS_COUNT_WR STAT               | MBOX4C1 |        16264455 |              0 |       16264455 |  1.355371e+06 |
|               CAS_COUNT_RD STAT               | MBOX5C0 |        15147378 |              0 |       15147378 |  1.262282e+06 |
|               CAS_COUNT_WR STAT               | MBOX5C1 |        16218113 |              0 |       16218113 |  1.351509e+06 |
|               CAS_COUNT_RD STAT               | MBOX6C0 |        15268573 |              0 |       15268573 |  1.272381e+06 |
|               CAS_COUNT_WR STAT               | MBOX6C1 |        16305864 |              0 |       16305864 |       1358822 |
|               CAS_COUNT_RD STAT               | MBOX7C0 |        15350426 |              0 |       15350426 |  1.279202e+06 |
|               CAS_COUNT_WR STAT               | MBOX7C1 |        16356740 |              0 |       16356740 |  1.363062e+06 |
+-----------------------------------------------+---------+-----------------+----------------+----------------+---------------+

+-----------------------------------+-------------+-----------+-----------+-----------+-----------+-----------+-----------+-----------+-----------+-----------+-------------+-------------+
|               Metric              |  f1149:0:0  | f1149:1:1 | f1149:2:2 | f1149:3:3 | f1149:4:4 | f1149:5:5 | f1149:6:6 | f1149:7:7 | f1149:8:8 | f1149:9:9 | f1149:10:10 | f1149:11:11 |
+-----------------------------------+-------------+-----------+-----------+-----------+-----------+-----------+-----------+-----------+-----------+-----------+-------------+-------------+
|        Runtime (RDTSC) [s]        |   3451.6720 | 3451.6770 | 3451.6740 | 3451.6750 | 3451.7280 | 3451.6790 | 3451.6750 | 3451.7730 | 3451.6890 | 3451.6770 |   3451.6750 |   3451.6630 |
|        Runtime unhalted [s]       |   3441.3637 | 3442.2096 | 3442.1538 | 3442.2783 | 3442.4073 | 3442.3801 | 3442.2274 | 3441.9251 | 3442.5811 | 3442.4544 |   3442.4146 |   3442.6347 |
|            Clock [MHz]            |   2394.3198 | 2394.3203 | 2394.3181 | 2394.3216 | 2394.3220 | 2394.3192 | 2394.3171 | 2394.2718 | 2394.3191 | 2394.3200 |   2394.3232 |   2394.3250 |
|                CPI                |      0.7514 |    0.7297 |    0.7345 |    0.7543 |    0.7464 |    0.7296 |    0.7550 |    0.7512 |    0.6883 |    0.6282 |      0.7399 |      0.7538 |
|             Energy [J]            | 494956.5768 |         0 |         0 |         0 |         0 |         0 |         0 |         0 |         0 |         0 |           0 |           0 |
|             Power [W]             |    143.3962 |         0 |         0 |         0 |         0 |         0 |         0 |         0 |         0 |         0 |           0 |           0 |
|          Energy DRAM [J]          |  41562.7924 |         0 |         0 |         0 |         0 |         0 |         0 |         0 |         0 |         0 |           0 |           0 |
|           Power DRAM [W]          |     12.0414 |         0 |         0 |         0 |         0 |         0 |         0 |         0 |         0 |         0 |           0 |           0 |
|            DP [MFLOP/s]           |   1809.5712 | 1809.4634 | 1809.4650 | 1809.4645 | 1809.4367 | 1809.4624 | 1809.4645 | 1809.4131 | 1809.4571 | 1809.4634 |   1809.4645 |   1809.4707 |
|          AVX DP [MFLOP/s]         |    247.3005 |  247.1952 |  247.1954 |  247.1953 |  247.1915 |  247.1950 |  247.1953 |  247.1883 |  247.1943 |  247.1952 |    247.1953 |    247.1962 |
|          Packed [MUOPS/s]         |     30.9126 |   30.8994 |   30.8994 |   30.8994 |   30.8989 |   30.8994 |   30.8994 |   30.8985 |   30.8993 |   30.8994 |     30.8994 |     30.8995 |
|          Scalar [MUOPS/s]         |   1562.2707 | 1562.2682 | 1562.2696 | 1562.2691 | 1562.2451 | 1562.2673 | 1562.2691 | 1562.2248 | 1562.2628 | 1562.2682 |   1562.2691 |   1562.2746 |
|  Memory read bandwidth [MBytes/s] |  29078.9870 |         0 |         0 |         0 |         0 |         0 |         0 |         0 |         0 |         0 |           0 |           0 |
|  Memory read data volume [GBytes] | 100371.1254 |         0 |         0 |         0 |         0 |         0 |         0 |         0 |         0 |         0 |           0 |           0 |
| Memory write bandwidth [MBytes/s] |  14259.5405 |         0 |         0 |         0 |         0 |         0 |         0 |         0 |         0 |         0 |           0 |           0 |
| Memory write data volume [GBytes] |  49219.2565 |         0 |         0 |         0 |         0 |         0 |         0 |         0 |         0 |         0 |           0 |           0 |
|    Memory bandwidth [MBytes/s]    |  43338.5275 |         0 |         0 |         0 |         0 |         0 |         0 |         0 |         0 |         0 |           0 |           0 |
|    Memory data volume [GBytes]    | 149590.3819 |         0 |         0 |         0 |         0 |         0 |         0 |         0 |         0 |         0 |           0 |           0 |
|       Operational intensity       |      0.0418 |         0 |         0 |         0 |         0 |         0 |         0 |         0 |         0 |         0 |           0 |           0 |
+-----------------------------------+-------------+-----------+-----------+-----------+-----------+-----------+-----------+-----------+-----------+-----------+-------------+-------------+

+----------------------------------------+-------------+-----------+-------------+------------+-----------+-----------+-----------+
|                 Metric                 |     Sum     |    Min    |     Max     |     Avg    |  %ile 25  |  %ile 50  |  %ile 75  |
+----------------------------------------+-------------+-----------+-------------+------------+-----------+-----------+-----------+
|        Runtime (RDTSC) [s] STAT        |  41420.2570 | 3451.6630 |   3451.7730 |  3451.6881 | 3451.6740 | 3451.6750 | 3451.6790 |
|        Runtime unhalted [s] STAT       |  41307.0301 | 3441.3637 |   3442.6347 |  3442.2525 | 3442.1538 | 3442.2783 | 3442.4146 |
|            Clock [MHz] STAT            |  28731.7972 | 2394.2718 |   2394.3250 |  2394.3164 | 2394.3181 | 2394.3198 | 2394.3216 |
|                CPI STAT                |      8.7623 |    0.6282 |      0.7550 |     0.7302 |    0.7296 |    0.7399 |    0.7514 |
|             Energy [J] STAT            | 494956.5768 |         0 | 494956.5768 | 41246.3814 |         0 |         0 |         0 |
|             Power [W] STAT             |    143.3962 |         0 |    143.3962 |    11.9497 |         0 |         0 |         0 |
|          Energy DRAM [J] STAT          |  41562.7924 |         0 |  41562.7924 |  3463.5660 |         0 |         0 |         0 |
|           Power DRAM [W] STAT          |     12.0414 |         0 |     12.0414 |     1.0034 |         0 |         0 |         0 |
|            DP [MFLOP/s] STAT           |  21713.5965 | 1809.4131 |   1809.5712 |  1809.4664 | 1809.4571 | 1809.4634 | 1809.4645 |
|          AVX DP [MFLOP/s] STAT         |   2966.4375 |  247.1883 |    247.3005 |   247.2031 |  247.1943 |  247.1952 |  247.1953 |
|          Packed [MUOPS/s] STAT         |    370.8046 |   30.8985 |     30.9126 |    30.9004 |   30.8993 |   30.8994 |   30.8994 |
|          Scalar [MUOPS/s] STAT         |  18747.1586 | 1562.2248 |   1562.2746 |  1562.2632 | 1562.2628 | 1562.2682 | 1562.2691 |
|  Memory read bandwidth [MBytes/s] STAT |  29078.9870 |         0 |  29078.9870 |  2423.2489 |         0 |         0 |         0 |
|  Memory read data volume [GBytes] STAT | 100371.1254 |         0 | 100371.1254 |  8364.2604 |         0 |         0 |         0 |
| Memory write bandwidth [MBytes/s] STAT |  14259.5405 |         0 |  14259.5405 |  1188.2950 |         0 |         0 |         0 |
| Memory write data volume [GBytes] STAT |  49219.2565 |         0 |  49219.2565 |  4101.6047 |         0 |         0 |         0 |
|    Memory bandwidth [MBytes/s] STAT    |  43338.5275 |         0 |  43338.5275 |  3611.5440 |         0 |         0 |         0 |
|    Memory data volume [GBytes] STAT    | 149590.3819 |         0 | 149590.3819 | 12465.8652 |         0 |         0 |         0 |
|       Operational intensity STAT       |      0.0418 |         0 |      0.0418 |     0.0035 |         0 |         0 |         0 |
+----------------------------------------+-------------+-----------+-------------+------------+-----------+-----------+-----------+

