WARN: Cannot extract OpenMP vendor from executable or commandline, assuming no OpenMP
 nx_glob, nz_glob:                  3000                  1250
 dx,dz:    8.00000000000000        8.00000000000000     
 dt:   2.666666666666666E-002
Group: 1
+------------------------------------------+---------+----------------+----------------+----------------+----------------+----------------+----------------+----------------+----------------+----------------+----------------+----------------+----------------+----------------+
|                   Event                  | Counter |    f1149:0:0   |    f1149:1:1   |    f1149:2:2   |    f1149:3:3   |    f1149:4:4   |    f1149:5:5   |    f1149:6:6   |    f1149:7:7   |    f1149:8:8   |    f1149:9:9   |   f1149:10:10  |   f1149:11:11  |   f1149:12:12  |
+------------------------------------------+---------+----------------+----------------+----------------+----------------+----------------+----------------+----------------+----------------+----------------+----------------+----------------+----------------+----------------+
|             INSTR_RETIRED_ANY            |  FIXC0  | 10363741770474 | 10102210537158 | 10586363199319 | 10313552566211 | 10326891379661 | 10129951655739 | 10816207775528 | 10104751837002 | 10160496683023 | 10102111215662 | 10771358309341 | 10685127548707 | 10628324242593 |
|           CPU_CLK_UNHALTED_CORE          |  FIXC1  |  7793062393385 |  7794801029999 |  7794531045184 |  7794704216944 |  7795265812236 |  7794486172656 |  7794197441269 |  7794960983992 |  7794395850993 |  7795251423429 |  7794449365780 |  7793569654981 |  7794981017496 |
|           CPU_CLK_UNHALTED_REF           |  FIXC2  |  7793058272736 |  7794797694432 |  7794531571200 |  7794704285472 |  7795259509440 |  7794485941536 |  7794193185024 |  7794958703232 |  7794406128384 |  7795248022656 |  7794443729664 |  7793564985504 |  7794977815968 |
|               TOPDOWN_SLOTS              |  FIXC3  | 38965311966925 | 38974005149995 | 38972655225920 | 38973521084720 | 38976329061180 | 38972430863280 | 38970987206345 | 38974804919960 | 38971979254965 | 38976257117145 | 38972246828900 | 38967848274905 | 38974905087480 |
|              PWR_PKG_ENERGY              |   PWR0  |    478322.2922 |              0 |              0 |              0 |              0 |              0 |              0 |              0 |              0 |              0 |              0 |              0 |              0 |
|              PWR_DRAM_ENERGY             |   PWR3  |     39993.2528 |              0 |              0 |              0 |              0 |              0 |              0 |              0 |              0 |              0 |              0 |              0 |              0 |
| FP_ARITH_INST_RETIRED_128B_PACKED_DOUBLE |   PMC0  |              0 |              0 |              0 |              0 |              0 |              0 |              0 |              0 |              0 |              0 |              0 |              0 |              0 |
|    FP_ARITH_INST_RETIRED_SCALAR_DOUBLE   |   PMC1  |  4983435150644 |  4983434515420 |  4961907633761 |  4983434521354 |  4983434517813 |  4983434514082 |  4961907634614 |  4983434519473 |  4983434514696 |  4983434517573 |  4961907629917 |  4983434547256 |  4983434508369 |
| FP_ARITH_INST_RETIRED_256B_PACKED_DOUBLE |   PMC2  |              0 |              0 |              0 |              0 |              0 |              0 |              0 |              0 |              0 |              0 |              0 |              0 |              0 |
| FP_ARITH_INST_RETIRED_512B_PACKED_DOUBLE |   PMC3  |   100244992635 |   100199698122 |    98132486250 |   100199698122 |   100199698122 |   100199698122 |    98132486250 |   100199698122 |   100199698122 |   100199698122 |    98132486250 |   100199698122 |   100199698122 |
|               CAS_COUNT_RD               | MBOX0C0 |   386037978399 |              0 |              0 |              0 |              0 |              0 |              0 |              0 |              0 |              0 |              0 |              0 |              0 |
|               CAS_COUNT_WR               | MBOX0C1 |   192714770953 |              0 |              0 |              0 |              0 |              0 |              0 |              0 |              0 |              0 |              0 |              0 |              0 |
|               CAS_COUNT_RD               | MBOX1C0 |   385994815179 |              0 |              0 |              0 |              0 |              0 |              0 |              0 |              0 |              0 |              0 |              0 |              0 |
|               CAS_COUNT_WR               | MBOX1C1 |   192709046877 |              0 |              0 |              0 |              0 |              0 |              0 |              0 |              0 |              0 |              0 |              0 |              0 |
|               CAS_COUNT_RD               | MBOX2C0 |   386056104810 |              0 |              0 |              0 |              0 |              0 |              0 |              0 |              0 |              0 |              0 |              0 |              0 |
|               CAS_COUNT_WR               | MBOX2C1 |   192700643436 |              0 |              0 |              0 |              0 |              0 |              0 |              0 |              0 |              0 |              0 |              0 |              0 |
|               CAS_COUNT_RD               | MBOX3C0 |   386073186970 |              0 |              0 |              0 |              0 |              0 |              0 |              0 |              0 |              0 |              0 |              0 |              0 |
|               CAS_COUNT_WR               | MBOX3C1 |   192710932075 |              0 |              0 |              0 |              0 |              0 |              0 |              0 |              0 |              0 |              0 |              0 |              0 |
|               CAS_COUNT_RD               | MBOX4C0 |       14441791 |              0 |              0 |              0 |              0 |              0 |              0 |              0 |              0 |              0 |              0 |              0 |              0 |
|               CAS_COUNT_WR               | MBOX4C1 |       15642428 |              0 |              0 |              0 |              0 |              0 |              0 |              0 |              0 |              0 |              0 |              0 |              0 |
|               CAS_COUNT_RD               | MBOX5C0 |       14380788 |              0 |              0 |              0 |              0 |              0 |              0 |              0 |              0 |              0 |              0 |              0 |              0 |
|               CAS_COUNT_WR               | MBOX5C1 |       15461319 |              0 |              0 |              0 |              0 |              0 |              0 |              0 |              0 |              0 |              0 |              0 |              0 |
|               CAS_COUNT_RD               | MBOX6C0 |       14608947 |              0 |              0 |              0 |              0 |              0 |              0 |              0 |              0 |              0 |              0 |              0 |              0 |
|               CAS_COUNT_WR               | MBOX6C1 |       15698623 |              0 |              0 |              0 |              0 |              0 |              0 |              0 |              0 |              0 |              0 |              0 |              0 |
|               CAS_COUNT_RD               | MBOX7C0 |       14691879 |              0 |              0 |              0 |              0 |              0 |              0 |              0 |              0 |              0 |              0 |              0 |              0 |
|               CAS_COUNT_WR               | MBOX7C1 |       15733936 |              0 |              0 |              0 |              0 |              0 |              0 |              0 |              0 |              0 |              0 |              0 |              0 |
+------------------------------------------+---------+----------------+----------------+----------------+----------------+----------------+----------------+----------------+----------------+----------------+----------------+----------------+----------------+----------------+

+-----------------------------------------------+---------+-----------------+----------------+----------------+---------------+
|                     Event                     | Counter |       Sum       |       Min      |       Max      |      Avg      |
+-----------------------------------------------+---------+-----------------+----------------+----------------+---------------+
|             INSTR_RETIRED_ANY STAT            |  FIXC0  | 135091088720418 | 10102111215662 | 10816207775528 |      nil      |
|           CPU_CLK_UNHALTED_CORE STAT          |  FIXC1  | 101328656408344 |  7793062393385 |  7795265812236 |  7.794512e+12 |
|           CPU_CLK_UNHALTED_REF STAT           |  FIXC2  | 101328629845248 |  7793058272736 |  7795259509440 | 7794509988096 |
|               TOPDOWN_SLOTS STAT              |  FIXC3  | 506643282041720 | 38965311966925 | 38976329061180 |      nil      |
|              PWR_PKG_ENERGY STAT              |   PWR0  |     478322.2922 |              0 |    478322.2922 |    36794.0225 |
|              PWR_DRAM_ENERGY STAT             |   PWR3  |      39993.2528 |              0 |     39993.2528 |     3076.4041 |
| FP_ARITH_INST_RETIRED_128B_PACKED_DOUBLE STAT |   PMC0  |               0 |              0 |              0 |             0 |
|    FP_ARITH_INST_RETIRED_SCALAR_DOUBLE STAT   |   PMC1  |  64720068724972 |  4961907629917 |  4983435150644 |  4.978467e+12 |
| FP_ARITH_INST_RETIRED_256B_PACKED_DOUBLE STAT |   PMC2  |               0 |              0 |              0 |             0 |
| FP_ARITH_INST_RETIRED_512B_PACKED_DOUBLE STAT |   PMC3  |   1296439734483 |    98132486250 |   100244992635 |  9.972613e+10 |
|               CAS_COUNT_RD STAT               | MBOX0C0 |    386037978399 |              0 |   386037978399 |  2.969523e+10 |
|               CAS_COUNT_WR STAT               | MBOX0C1 |    192714770953 |              0 |   192714770953 |  1.482421e+10 |
|               CAS_COUNT_RD STAT               | MBOX1C0 |    385994815179 |              0 |   385994815179 |  2.969191e+10 |
|               CAS_COUNT_WR STAT               | MBOX1C1 |    192709046877 |              0 |   192709046877 |  1.482377e+10 |
|               CAS_COUNT_RD STAT               | MBOX2C0 |    386056104810 |              0 |   386056104810 |  2.969662e+10 |
|               CAS_COUNT_WR STAT               | MBOX2C1 |    192700643436 |              0 |   192700643436 |  1.482313e+10 |
|               CAS_COUNT_RD STAT               | MBOX3C0 |    386073186970 |              0 |   386073186970 |  2.969794e+10 |
|               CAS_COUNT_WR STAT               | MBOX3C1 |    192710932075 |              0 |   192710932075 |  1.482392e+10 |
|               CAS_COUNT_RD STAT               | MBOX4C0 |        14441791 |              0 |       14441791 |       1110907 |
|               CAS_COUNT_WR STAT               | MBOX4C1 |        15642428 |              0 |       15642428 |  1.203264e+06 |
|               CAS_COUNT_RD STAT               | MBOX5C0 |        14380788 |              0 |       14380788 |  1.106214e+06 |
|               CAS_COUNT_WR STAT               | MBOX5C1 |        15461319 |              0 |       15461319 |  1.189332e+06 |
|               CAS_COUNT_RD STAT               | MBOX6C0 |        14608947 |              0 |       14608947 |  1.123765e+06 |
|               CAS_COUNT_WR STAT               | MBOX6C1 |        15698623 |              0 |       15698623 |  1.207586e+06 |
|               CAS_COUNT_RD STAT               | MBOX7C0 |        14691879 |              0 |       14691879 |  1.130145e+06 |
|               CAS_COUNT_WR STAT               | MBOX7C1 |        15733936 |              0 |       15733936 |  1.210303e+06 |
+-----------------------------------------------+---------+-----------------+----------------+----------------+---------------+

+-----------------------------------+-------------+-----------+-----------+-----------+-----------+-----------+-----------+-----------+-----------+-----------+-------------+-------------+-------------+
|               Metric              |  f1149:0:0  | f1149:1:1 | f1149:2:2 | f1149:3:3 | f1149:4:4 | f1149:5:5 | f1149:6:6 | f1149:7:7 | f1149:8:8 | f1149:9:9 | f1149:10:10 | f1149:11:11 | f1149:12:12 |
+-----------------------------------+-------------+-----------+-----------+-----------+-----------+-----------+-----------+-----------+-----------+-----------+-------------+-------------+-------------+
|        Runtime (RDTSC) [s]        |   3264.5310 | 3264.6660 | 3264.5430 | 3264.5680 | 3264.5400 | 3264.5240 | 3264.5430 | 3264.6110 | 3264.5690 | 3264.5550 |   3264.5510 |   3264.6100 |   3264.7440 |
|        Runtime unhalted [s]       |   3254.8200 | 3255.6295 | 3255.4594 | 3255.4990 | 3255.7304 | 3255.4164 | 3255.2835 | 3255.6210 | 3255.3745 | 3255.7306 |   3255.3922 |   3255.0703 |   3255.8090 |
|            Clock [MHz]            |   2394.3157 | 2394.2541 | 2394.2951 | 2394.3193 | 2394.3236 | 2394.3132 | 2394.3235 | 2394.3092 | 2394.3131 | 2394.3181 |   2394.3213 |   2394.2875 |   2394.1773 |
|                CPI                |      0.7520 |    0.7716 |    0.7363 |    0.7558 |    0.7549 |    0.7694 |    0.7206 |    0.7714 |    0.7671 |    0.7716 |      0.7236 |      0.7294 |      0.7334 |
|             Energy [J]            | 478322.2922 |         0 |         0 |         0 |         0 |         0 |         0 |         0 |         0 |         0 |           0 |           0 |           0 |
|             Power [W]             |    146.5210 |         0 |         0 |         0 |         0 |         0 |         0 |         0 |         0 |         0 |           0 |           0 |           0 |
|          Energy DRAM [J]          |  39993.2528 |         0 |         0 |         0 |         0 |         0 |         0 |         0 |         0 |         0 |           0 |           0 |           0 |
|           Power DRAM [W]          |     12.2508 |         0 |         0 |         0 |         0 |         0 |         0 |         0 |         0 |         0 |           0 |           0 |           0 |
|            DP [MFLOP/s]           |   1772.1979 | 1772.0135 | 1760.4202 | 1772.0667 | 1772.0819 | 1772.0905 | 1760.4202 | 1772.0433 | 1772.0661 | 1772.0737 |   1760.4159 |   1772.0439 |   1771.9711 |
|          AVX DP [MFLOP/s]         |    245.6585 |  245.5374 |  240.4808 |  245.5448 |  245.5469 |  245.5481 |  240.4808 |  245.5415 |  245.5447 |  245.5457 |    240.4802 |    245.5416 |    245.5315 |
|          Packed [MUOPS/s]         |     30.7073 |   30.6922 |   30.0601 |   30.6931 |   30.6934 |   30.6935 |   30.0601 |   30.6927 |   30.6931 |   30.6932 |     30.0600 |     30.6927 |     30.6914 |
|          Scalar [MUOPS/s]         |   1526.5394 | 1526.4761 | 1519.9394 | 1526.5219 | 1526.5350 | 1526.5425 | 1519.9394 | 1526.5018 | 1526.5214 | 1526.5280 |   1519.9357 |   1526.5023 |   1526.4396 |
|  Memory read bandwidth [MBytes/s] |  30273.9025 |         0 |         0 |         0 |         0 |         0 |         0 |         0 |         0 |         0 |           0 |           0 |           0 |
|  Memory read data volume [GBytes] |  98830.0934 |         0 |         0 |         0 |         0 |         0 |         0 |         0 |         0 |         0 |           0 |           0 |           0 |
| Memory write bandwidth [MBytes/s] |  15113.1870 |         0 |         0 |         0 |         0 |         0 |         0 |         0 |         0 |         0 |           0 |           0 |           0 |
| Memory write data volume [GBytes] |  49337.4675 |         0 |         0 |         0 |         0 |         0 |         0 |         0 |         0 |         0 |           0 |           0 |           0 |
|    Memory bandwidth [MBytes/s]    |  45387.0896 |         0 |         0 |         0 |         0 |         0 |         0 |         0 |         0 |         0 |           0 |           0 |           0 |
|    Memory data volume [GBytes]    | 148167.5609 |         0 |         0 |         0 |         0 |         0 |         0 |         0 |         0 |         0 |           0 |           0 |           0 |
|       Operational intensity       |      0.0390 |         0 |         0 |         0 |         0 |         0 |         0 |         0 |         0 |         0 |           0 |           0 |           0 |
+-----------------------------------+-------------+-----------+-----------+-----------+-----------+-----------+-----------+-----------+-----------+-----------+-------------+-------------+-------------+

+----------------------------------------+-------------+-----------+-------------+------------+-----------+-----------+-----------+
|                 Metric                 |     Sum     |    Min    |     Max     |     Avg    |  %ile 25  |  %ile 50  |  %ile 75  |
+----------------------------------------+-------------+-----------+-------------+------------+-----------+-----------+-----------+
|        Runtime (RDTSC) [s] STAT        |  42439.5550 | 3264.5240 |   3264.7440 |  3264.5812 | 3264.5400 | 3264.5550 | 3264.6100 |
|        Runtime unhalted [s] STAT       |  42320.8358 | 3254.8200 |   3255.8090 |  3255.4489 | 3255.2835 | 3255.4594 | 3255.6295 |
|            Clock [MHz] STAT            |  31125.8710 | 2394.1773 |   2394.3236 |  2394.2978 | 2394.2875 | 2394.3132 | 2394.3193 |
|                CPI STAT                |      9.7571 |    0.7206 |      0.7716 |     0.7505 |    0.7294 |    0.7549 |    0.7694 |
|             Energy [J] STAT            | 478322.2922 |         0 | 478322.2922 | 36794.0225 |         0 |         0 |         0 |
|             Power [W] STAT             |    146.5210 |         0 |    146.5210 |    11.2708 |         0 |         0 |         0 |
|          Energy DRAM [J] STAT          |  39993.2528 |         0 |  39993.2528 |  3076.4041 |         0 |         0 |         0 |
|           Power DRAM [W] STAT          |     12.2508 |         0 |     12.2508 |     0.9424 |         0 |         0 |         0 |
|            DP [MFLOP/s] STAT           |  23001.9049 | 1760.4159 |   1772.1979 |  1769.3773 | 1760.4202 | 1772.0439 | 1772.0737 |
|          AVX DP [MFLOP/s] STAT         |   3176.9825 |  240.4802 |    245.6585 |   244.3833 |  240.4808 |  245.5416 |  245.5457 |
|          Packed [MUOPS/s] STAT         |    397.1228 |   30.0600 |     30.7073 |    30.5479 |   30.0601 |   30.6927 |   30.6932 |
|          Scalar [MUOPS/s] STAT         |  19824.9225 | 1519.9357 |   1526.5425 |  1524.9940 | 1519.9394 | 1526.5023 | 1526.5280 |
|  Memory read bandwidth [MBytes/s] STAT |  30273.9025 |         0 |  30273.9025 |  2328.7617 |         0 |         0 |         0 |
|  Memory read data volume [GBytes] STAT |  98830.0934 |         0 |  98830.0934 |  7602.3149 |         0 |         0 |         0 |
| Memory write bandwidth [MBytes/s] STAT |  15113.1870 |         0 |  15113.1870 |  1162.5528 |         0 |         0 |         0 |
| Memory write data volume [GBytes] STAT |  49337.4675 |         0 |  49337.4675 |  3795.1898 |         0 |         0 |         0 |
|    Memory bandwidth [MBytes/s] STAT    |  45387.0896 |         0 |  45387.0896 |  3491.3146 |         0 |         0 |         0 |
|    Memory data volume [GBytes] STAT    | 148167.5609 |         0 | 148167.5609 | 11397.5047 |         0 |         0 |         0 |
|       Operational intensity STAT       |      0.0390 |         0 |      0.0390 |     0.0030 |         0 |         0 |         0 |
+----------------------------------------+-------------+-----------+-------------+------------+-----------+-----------+-----------+

