WARN: Cannot extract OpenMP vendor from executable or commandline, assuming no OpenMP
 nx_glob, nz_glob:                  3000                  1250
 dx,dz:    8.00000000000000        8.00000000000000     
 dt:   2.666666666666666E-002
Group: 1
+------------------------------------------+---------+----------------+----------------+----------------+----------------+----------------+----------------+----------------+----------------+----------------+----------------+----------------+----------------+----------------+----------------+----------------+
|                   Event                  | Counter |    f0314:0:0   |    f0314:1:1   |    f0314:2:2   |    f0314:3:3   |    f0314:4:4   |    f0314:5:5   |    f0314:6:6   |    f0314:7:7   |    f0314:8:8   |    f0314:9:9   |   f0314:10:10  |   f0314:11:11  |   f0314:12:12  |   f0314:13:13  |   f0314:14:14  |
+------------------------------------------+---------+----------------+----------------+----------------+----------------+----------------+----------------+----------------+----------------+----------------+----------------+----------------+----------------+----------------+----------------+----------------+
|             INSTR_RETIRED_ANY            |  FIXC0  |  9563288878387 |  9650775507350 |  8966969147753 |  8779121150082 |  9116322706613 |  8823237835823 |  8781180467743 |  8928969249383 |  8781374689345 |  9030216599022 |  9234608256109 | 10092542992911 |  9131770236360 |  8789837653703 |  9086389518609 |
|           CPU_CLK_UNHALTED_CORE          |  FIXC1  |  7107630056890 |  7107352227086 |  7107997272901 |  7109031145918 |  7108670704291 |  7108141530270 |  7107975048689 |  7108816408393 |  7109448527319 |  7108272458515 |  7108610761268 |  7108507053104 |  7109442110467 |  7109476148683 |  7109094206165 |
|           CPU_CLK_UNHALTED_REF           |  FIXC2  |  7107628284288 |  7107350909952 |  7107994803360 |  7109030901984 |  7108669836960 |  7108139220480 |  7107973425984 |  7108813648704 |  7109446496160 |  7108274037792 |  7108608458112 |  7108508968320 |  7109442238944 |  7109477981664 |  7109091395616 |
|               TOPDOWN_SLOTS              |  FIXC3  | 35538150284450 | 35536761135430 | 35539986364505 | 35545155729590 | 35543353521455 | 35540707651350 | 35539875243445 | 35544082041965 | 35547242636595 | 35541362292575 | 35543053806340 | 35542535265520 | 35547210552335 | 35547380743415 | 35545471030825 |
|              PWR_PKG_ENERGY              |   PWR0  |    455228.9778 |              0 |              0 |              0 |              0 |              0 |              0 |              0 |              0 |              0 |              0 |              0 |              0 |              0 |              0 |
|              PWR_DRAM_ENERGY             |   PWR3  |     40394.8985 |              0 |              0 |              0 |              0 |              0 |              0 |              0 |              0 |              0 |              0 |              0 |              0 |              0 |              0 |
| FP_ARITH_INST_RETIRED_128B_PACKED_DOUBLE |   PMC0  |              0 |              0 |              0 |              0 |              0 |              0 |              0 |              0 |              0 |              0 |              0 |              0 |              0 |              0 |              0 |
|    FP_ARITH_INST_RETIRED_SCALAR_DOUBLE   |   PMC1  |  4316101722036 |  4316101114595 |  4316101111103 |  4316101105780 |  4316101087910 |  4316101102042 |  4316101104487 |  4316101102038 |  4316101096107 |  4316101096512 |  4316101098088 |  4316101100993 |  4316101096232 |  4316101077846 |  4316101079695 |
| FP_ARITH_INST_RETIRED_256B_PACKED_DOUBLE |   PMC2  |              0 |              0 |              0 |              0 |              0 |              0 |              0 |              0 |              0 |              0 |              0 |              0 |              0 |              0 |              0 |
| FP_ARITH_INST_RETIRED_512B_PACKED_DOUBLE |   PMC3  |    90836829513 |    90791535000 |    90791535000 |    90791535000 |    90791535000 |    90791535000 |    90791535000 |    90791535000 |    90791535000 |    90791535000 |    90791535000 |    90791535000 |    90791535000 |    90791535000 |    90791535000 |
|               CAS_COUNT_RD               | MBOX0C0 |   384360066123 |              0 |              0 |              0 |              0 |              0 |              0 |              0 |              0 |              0 |              0 |              0 |              0 |              0 |              0 |
|               CAS_COUNT_WR               | MBOX0C1 |   193627480655 |              0 |              0 |              0 |              0 |              0 |              0 |              0 |              0 |              0 |              0 |              0 |              0 |              0 |              0 |
|               CAS_COUNT_RD               | MBOX1C0 |   384434206053 |              0 |              0 |              0 |              0 |              0 |              0 |              0 |              0 |              0 |              0 |              0 |              0 |              0 |              0 |
|               CAS_COUNT_WR               | MBOX1C1 |   193633207161 |              0 |              0 |              0 |              0 |              0 |              0 |              0 |              0 |              0 |              0 |              0 |              0 |              0 |              0 |
|               CAS_COUNT_RD               | MBOX2C0 |   384383184064 |              0 |              0 |              0 |              0 |              0 |              0 |              0 |              0 |              0 |              0 |              0 |              0 |              0 |              0 |
|               CAS_COUNT_WR               | MBOX2C1 |   193625824126 |              0 |              0 |              0 |              0 |              0 |              0 |              0 |              0 |              0 |              0 |              0 |              0 |              0 |              0 |
|               CAS_COUNT_RD               | MBOX3C0 |   384458015306 |              0 |              0 |              0 |              0 |              0 |              0 |              0 |              0 |              0 |              0 |              0 |              0 |              0 |              0 |
|               CAS_COUNT_WR               | MBOX3C1 |   193621618878 |              0 |              0 |              0 |              0 |              0 |              0 |              0 |              0 |              0 |              0 |              0 |              0 |              0 |              0 |
|               CAS_COUNT_RD               | MBOX4C0 |       18978029 |              0 |              0 |              0 |              0 |              0 |              0 |              0 |              0 |              0 |              0 |              0 |              0 |              0 |              0 |
|               CAS_COUNT_WR               | MBOX4C1 |       13669169 |              0 |              0 |              0 |              0 |              0 |              0 |              0 |              0 |              0 |              0 |              0 |              0 |              0 |              0 |
|               CAS_COUNT_RD               | MBOX5C0 |       18713913 |              0 |              0 |              0 |              0 |              0 |              0 |              0 |              0 |              0 |              0 |              0 |              0 |              0 |              0 |
|               CAS_COUNT_WR               | MBOX5C1 |       13638101 |              0 |              0 |              0 |              0 |              0 |              0 |              0 |              0 |              0 |              0 |              0 |              0 |              0 |              0 |
|               CAS_COUNT_RD               | MBOX6C0 |       19168382 |              0 |              0 |              0 |              0 |              0 |              0 |              0 |              0 |              0 |              0 |              0 |              0 |              0 |              0 |
|               CAS_COUNT_WR               | MBOX6C1 |       13865628 |              0 |              0 |              0 |              0 |              0 |              0 |              0 |              0 |              0 |              0 |              0 |              0 |              0 |              0 |
|               CAS_COUNT_RD               | MBOX7C0 |       19024737 |              0 |              0 |              0 |              0 |              0 |              0 |              0 |              0 |              0 |              0 |              0 |              0 |              0 |              0 |
|               CAS_COUNT_WR               | MBOX7C1 |       13856912 |              0 |              0 |              0 |              0 |              0 |              0 |              0 |              0 |              0 |              0 |              0 |              0 |              0 |              0 |
+------------------------------------------+---------+----------------+----------------+----------------+----------------+----------------+----------------+----------------+----------------+----------------+----------------+----------------+----------------+----------------+----------------+----------------+

+-----------------------------------------------+---------+-----------------+----------------+----------------+----------------+
|                     Event                     | Counter |       Sum       |       Min      |       Max      |       Avg      |
+-----------------------------------------------+---------+-----------------+----------------+----------------+----------------+
|             INSTR_RETIRED_ANY STAT            |  FIXC0  | 136756604889193 |  8779121150082 | 10092542992911 |   9.117107e+12 |
|           CPU_CLK_UNHALTED_CORE STAT          |  FIXC1  | 106628465659959 |  7107352227086 |  7109476148683 |   7.108564e+12 |
|           CPU_CLK_UNHALTED_REF STAT           |  FIXC2  | 106628450608320 |  7107350909952 |  7109477981664 |  7108563373888 |
|               TOPDOWN_SLOTS STAT              |  FIXC3  | 533142328299795 | 35536761135430 | 35547380743415 | 35542821886653 |
|              PWR_PKG_ENERGY STAT              |   PWR0  |     455228.9778 |              0 |    455228.9778 |     30348.5985 |
|              PWR_DRAM_ENERGY STAT             |   PWR3  |      40394.8985 |              0 |     40394.8985 |      2692.9932 |
| FP_ARITH_INST_RETIRED_128B_PACKED_DOUBLE STAT |   PMC0  |               0 |              0 |              0 |              0 |
|    FP_ARITH_INST_RETIRED_SCALAR_DOUBLE STAT   |   PMC1  |  64741517095464 |  4316101077846 |  4316101722036 |   4.316101e+12 |
| FP_ARITH_INST_RETIRED_256B_PACKED_DOUBLE STAT |   PMC2  |               0 |              0 |              0 |              0 |
| FP_ARITH_INST_RETIRED_512B_PACKED_DOUBLE STAT |   PMC3  |   1361918319513 |    90791535000 |    90836829513 |   9.079455e+10 |
|               CAS_COUNT_RD STAT               | MBOX0C0 |    384360066123 |              0 |   384360066123 |   2.562400e+10 |
|               CAS_COUNT_WR STAT               | MBOX0C1 |    193627480655 |              0 |   193627480655 |   1.290850e+10 |
|               CAS_COUNT_RD STAT               | MBOX1C0 |    384434206053 |              0 |   384434206053 |   2.562895e+10 |
|               CAS_COUNT_WR STAT               | MBOX1C1 |    193633207161 |              0 |   193633207161 |   1.290888e+10 |
|               CAS_COUNT_RD STAT               | MBOX2C0 |    384383184064 |              0 |   384383184064 |   2.562555e+10 |
|               CAS_COUNT_WR STAT               | MBOX2C1 |    193625824126 |              0 |   193625824126 |   1.290839e+10 |
|               CAS_COUNT_RD STAT               | MBOX3C0 |    384458015306 |              0 |   384458015306 |   2.563053e+10 |
|               CAS_COUNT_WR STAT               | MBOX3C1 |    193621618878 |              0 |   193621618878 |   1.290811e+10 |
|               CAS_COUNT_RD STAT               | MBOX4C0 |        18978029 |              0 |       18978029 |   1.265202e+06 |
|               CAS_COUNT_WR STAT               | MBOX4C1 |        13669169 |              0 |       13669169 |    911277.9333 |
|               CAS_COUNT_RD STAT               | MBOX5C0 |        18713913 |              0 |       18713913 |   1.247594e+06 |
|               CAS_COUNT_WR STAT               | MBOX5C1 |        13638101 |              0 |       13638101 |    909206.7333 |
|               CAS_COUNT_RD STAT               | MBOX6C0 |        19168382 |              0 |       19168382 |   1.277892e+06 |
|               CAS_COUNT_WR STAT               | MBOX6C1 |        13865628 |              0 |       13865628 |    924375.2000 |
|               CAS_COUNT_RD STAT               | MBOX7C0 |        19024737 |              0 |       19024737 |   1.268316e+06 |
|               CAS_COUNT_WR STAT               | MBOX7C1 |        13856912 |              0 |       13856912 |    923794.1333 |
+-----------------------------------------------+---------+-----------------+----------------+----------------+----------------+

+-----------------------------------+-------------+-----------+-----------+-----------+-----------+-----------+-----------+-----------+-----------+-----------+-------------+-------------+-------------+-------------+-------------+
|               Metric              |  f0314:0:0  | f0314:1:1 | f0314:2:2 | f0314:3:3 | f0314:4:4 | f0314:5:5 | f0314:6:6 | f0314:7:7 | f0314:8:8 | f0314:9:9 | f0314:10:10 | f0314:11:11 | f0314:12:12 | f0314:13:13 | f0314:14:14 |
+-----------------------------------+-------------+-----------+-----------+-----------+-----------+-----------+-----------+-----------+-----------+-----------+-------------+-------------+-------------+-------------+-------------+
|        Runtime (RDTSC) [s]        |   2978.0730 | 2977.9470 | 2977.9640 | 2977.9810 | 2977.9920 | 2977.9780 | 2978.1470 | 2978.0980 | 2977.9900 | 2978.0120 |   2978.1210 |   2977.9860 |   2978.1330 |   2977.9890 |   2977.9430 |
|        Runtime unhalted [s]       |   2968.6446 | 2968.4203 | 2968.6818 | 2969.1329 | 2968.9628 | 2968.7367 | 2968.8281 | 2969.1438 | 2969.3151 | 2968.8383 |   2969.0707 |   2968.9180 |   2969.4170 |   2969.2994 |   2969.1364 |
|            Clock [MHz]            |   2394.2347 | 2394.3218 | 2394.3286 | 2394.3123 | 2394.3283 | 2394.3329 | 2394.2029 | 2394.2320 | 2394.3066 | 2394.2938 |   2394.2216 |   2394.3083 |   2394.2215 |   2394.3272 |   2394.3316 |
|                CPI                |      0.7432 |    0.7365 |    0.7927 |    0.8098 |    0.7798 |    0.8056 |    0.8095 |    0.7962 |    0.8096 |    0.7872 |      0.7698 |      0.7043 |      0.7785 |      0.8088 |      0.7824 |
|             Energy [J]            | 455228.9778 |         0 |         0 |         0 |         0 |         0 |         0 |         0 |         0 |         0 |           0 |           0 |           0 |           0 |           0 |
|             Power [W]             |    152.8602 |         0 |         0 |         0 |         0 |         0 |         0 |         0 |         0 |         0 |           0 |           0 |           0 |           0 |           0 |
|          Energy DRAM [J]          |  40394.8985 |         0 |         0 |         0 |         0 |         0 |         0 |         0 |         0 |         0 |           0 |           0 |           0 |           0 |           0 |
|           Power DRAM [W]          |     13.5641 |         0 |         0 |         0 |         0 |         0 |         0 |         0 |         0 |         0 |           0 |           0 |           0 |           0 |           0 |
|            DP [MFLOP/s]           |   1693.3085 | 1693.2583 | 1693.2486 | 1693.2389 | 1693.2327 | 1693.2406 | 1693.1446 | 1693.1724 | 1693.2338 | 1693.2213 |   1693.1593 |   1693.2361 |   1693.1525 |   1693.2344 |   1693.2605 |
|          AVX DP [MFLOP/s]         |    244.0151 |  243.9037 |  243.9023 |  243.9009 |  243.9000 |  243.9012 |  243.8873 |  243.8913 |  243.9002 |  243.8984 |    243.8894 |    243.9005 |    243.8885 |    243.9003 |    243.9040 |
|          Packed [MUOPS/s]         |     30.5019 |   30.4880 |   30.4878 |   30.4876 |   30.4875 |   30.4876 |   30.4859 |   30.4864 |   30.4875 |   30.4873 |     30.4862 |     30.4876 |     30.4861 |     30.4875 |     30.4880 |
|          Scalar [MUOPS/s]         |   1449.2935 | 1449.3546 | 1449.3463 | 1449.3380 | 1449.3327 | 1449.3395 | 1449.2572 | 1449.2811 | 1449.3336 | 1449.3229 |   1449.2699 |   1449.3356 |   1449.2641 |   1449.3341 |   1449.3565 |
|  Memory read bandwidth [MBytes/s] |  33046.0425 |         0 |         0 |         0 |         0 |         0 |         0 |         0 |         0 |         0 |           0 |           0 |           0 |           0 |           0 |
|  Memory read data volume [GBytes] |  98413.5268 |         0 |         0 |         0 |         0 |         0 |         0 |         0 |         0 |         0 |           0 |           0 |           0 |           0 |           0 |
| Memory write bandwidth [MBytes/s] |  16645.6773 |         0 |         0 |         0 |         0 |         0 |         0 |         0 |         0 |         0 |           0 |           0 |           0 |           0 |           0 |
| Memory write data volume [GBytes] |  49572.0423 |         0 |         0 |         0 |         0 |         0 |         0 |         0 |         0 |         0 |           0 |           0 |           0 |           0 |           0 |
|    Memory bandwidth [MBytes/s]    |  49691.7198 |         0 |         0 |         0 |         0 |         0 |         0 |         0 |         0 |         0 |           0 |           0 |           0 |           0 |           0 |
|    Memory data volume [GBytes]    | 147985.5691 |         0 |         0 |         0 |         0 |         0 |         0 |         0 |         0 |         0 |           0 |           0 |           0 |           0 |           0 |
|       Operational intensity       |      0.0341 |         0 |         0 |         0 |         0 |         0 |         0 |         0 |         0 |         0 |           0 |           0 |           0 |           0 |           0 |
+-----------------------------------+-------------+-----------+-----------+-----------+-----------+-----------+-----------+-----------+-----------+-----------+-------------+-------------+-------------+-------------+-------------+

+----------------------------------------+-------------+-----------+-------------+------------+-----------+-----------+-----------+
|                 Metric                 |     Sum     |    Min    |     Max     |     Avg    |  %ile 25  |  %ile 50  |  %ile 75  |
+----------------------------------------+-------------+-----------+-------------+------------+-----------+-----------+-----------+
|        Runtime (RDTSC) [s] STAT        |  44670.3540 | 2977.9430 |   2978.1470 |  2978.0236 | 2977.9780 | 2977.9900 | 2978.0730 |
|        Runtime unhalted [s] STAT       |  44534.5459 | 2968.4203 |   2969.4170 |  2968.9697 | 2968.7367 | 2968.9628 | 2969.1364 |
|            Clock [MHz] STAT            |  35914.3041 | 2394.2029 |   2394.3329 |  2394.2869 | 2394.2320 | 2394.3083 | 2394.3272 |
|                CPI STAT                |     11.7139 |    0.7043 |      0.8098 |     0.7809 |    0.7698 |    0.7872 |    0.8056 |
|             Energy [J] STAT            | 455228.9778 |         0 | 455228.9778 | 30348.5985 |         0 |         0 |         0 |
|             Power [W] STAT             |    152.8602 |         0 |    152.8602 |    10.1907 |         0 |         0 |         0 |
|          Energy DRAM [J] STAT          |  40394.8985 |         0 |  40394.8985 |  2692.9932 |         0 |         0 |         0 |
|           Power DRAM [W] STAT          |     13.5641 |         0 |     13.5641 |     0.9043 |         0 |         0 |         0 |
|            DP [MFLOP/s] STAT           |  25398.3425 | 1693.1446 |   1693.3085 |  1693.2228 | 1693.1724 | 1693.2344 | 1693.2406 |
|          AVX DP [MFLOP/s] STAT         |   3658.5831 |  243.8873 |    244.0151 |   243.9055 |  243.8913 |  243.9003 |  243.9012 |
|          Packed [MUOPS/s] STAT         |    457.3229 |   30.4859 |     30.5019 |    30.4882 |   30.4864 |   30.4875 |   30.4876 |
|          Scalar [MUOPS/s] STAT         |  21739.7596 | 1449.2572 |   1449.3565 |  1449.3173 | 1449.2811 | 1449.3336 | 1449.3380 |
|  Memory read bandwidth [MBytes/s] STAT |  33046.0425 |         0 |  33046.0425 |  2203.0695 |         0 |         0 |         0 |
|  Memory read data volume [GBytes] STAT |  98413.5268 |         0 |  98413.5268 |  6560.9018 |         0 |         0 |         0 |
| Memory write bandwidth [MBytes/s] STAT |  16645.6773 |         0 |  16645.6773 |  1109.7118 |         0 |         0 |         0 |
| Memory write data volume [GBytes] STAT |  49572.0423 |         0 |  49572.0423 |  3304.8028 |         0 |         0 |         0 |
|    Memory bandwidth [MBytes/s] STAT    |  49691.7198 |         0 |  49691.7198 |  3312.7813 |         0 |         0 |         0 |
|    Memory data volume [GBytes] STAT    | 147985.5691 |         0 | 147985.5691 |  9865.7046 |         0 |         0 |         0 |
|       Operational intensity STAT       |      0.0341 |         0 |      0.0341 |     0.0023 |         0 |         0 |         0 |
+----------------------------------------+-------------+-----------+-------------+------------+-----------+-----------+-----------+

