WARN: Cannot extract OpenMP vendor from executable or commandline, assuming no OpenMP
 nx_glob, nz_glob:                  3000                  1250
 dx,dz:    8.00000000000000        8.00000000000000     
 dt:   2.666666666666666E-002
Group: 1
+------------------------------------------+---------+----------------+----------------+----------------+----------------+----------------+----------------+----------------+----------------+----------------+----------------+----------------+----------------+----------------+----------------+----------------+----------------+----------------+----------------+----------------+----------------+----------------+----------------+----------------+----------------+----------------+----------------+----------------+----------------+----------------+----------------+----------------+----------------+----------------+----------------+
|                   Event                  | Counter |    f0314:0:0   |    f0314:1:1   |    f0314:2:2   |    f0314:3:3   |    f0314:4:4   |    f0314:5:5   |    f0314:6:6   |    f0314:7:7   |    f0314:8:8   |    f0314:9:9   |   f0314:10:10  |   f0314:11:11  |   f0314:12:12  |   f0314:13:13  |   f0314:14:14  |   f0314:15:15  |   f0314:16:16  |   f0314:17:17  |   f0314:18:18  |   f0314:19:19  |   f0314:20:20  |   f0314:21:21  |   f0314:22:22  |   f0314:23:23  |   f0314:24:24  |   f0314:25:25  |   f0314:26:26  |   f0314:27:27  |   f0314:28:28  |   f0314:29:29  |   f0314:30:30  |   f0314:31:31  |   f0314:32:32  |   f0314:33:33  |
+------------------------------------------+---------+----------------+----------------+----------------+----------------+----------------+----------------+----------------+----------------+----------------+----------------+----------------+----------------+----------------+----------------+----------------+----------------+----------------+----------------+----------------+----------------+----------------+----------------+----------------+----------------+----------------+----------------+----------------+----------------+----------------+----------------+----------------+----------------+----------------+----------------+
|             INSTR_RETIRED_ANY            |  FIXC0  |  5054801092507 |  4068996412671 |  4014249883544 |  4053687544984 |  4008611536927 |  4084673307814 |  4013188128039 |  4104384089683 |  4178467691974 |  4380836572521 |  4012814886639 |  4095073200097 |  4098401694519 |  3993254138737 |  4027542422990 |  4010490480346 |  4369276111939 |  5223192544342 |  7283833947364 |  7177369182261 |  7273349793620 |  7128016125822 |  7162198812067 |  7152333307926 |  7266855643646 |  7165981048918 |  7201764979305 |  7147661302647 |  7247262847424 |  7235084995260 |  7148520005380 |  7219034334607 |  7295892020689 |  7229228144449 |
|           CPU_CLK_UNHALTED_CORE          |  FIXC1  |  3448594931264 |  3450105579815 |  3449344060236 |  3449738353951 |  3449564119990 |  3448973559503 |  3449308641908 |  3449898378035 |  3450218463903 |  3449242613481 |  3449769448688 |  3449494785522 |  3449549894051 |  3449458674896 |  3450172130129 |  3450076305561 |  3451162886187 |  3450754941759 |  3451030724354 |  3450433369838 |  3450741341462 |  3451358287538 |  3451667558503 |  3451296274250 |  3451219536480 |  3451478379070 |  3449684253100 |  3450089869153 |  3451214949311 |  3451229875725 |  3451407800812 |  3451605181771 |  3451131676525 |  3451279133364 |
|           CPU_CLK_UNHALTED_REF           |  FIXC2  |  3448595833344 |  3450106246176 |  3449344260768 |  3449739219360 |  3449564453760 |  3448972182240 |  3449309469888 |  3449898089088 |  3450217986720 |  3449242348224 |  3449769349152 |  3449495224800 |  3449550117408 |  3449459332800 |  3450172068480 |  3450076870944 |  3451162743168 |  3450756157056 |  3451030156704 |  3450432683520 |  3450740550720 |  3451359000192 |  3451668323712 |  3451294683744 |  3451221152736 |  3451478148960 |  3449681337312 |  3450087762336 |  3451214998848 |  3451229848320 |  3451405112736 |  3451603363392 |  3451133877600 |  3451278443136 |
|               TOPDOWN_SLOTS              |  FIXC3  | 17242974656320 | 17250527899075 | 17246720301180 | 17248691769755 | 17247820599950 | 17244867797515 | 17246543209540 | 17249491890175 | 17251092319515 | 17246213067405 | 17248847243440 | 17247473927610 | 17247749470255 | 17247293374480 | 17250860650645 | 17250381527805 | 17255814430935 | 17253774708795 | 17255153621770 | 17252166849190 | 17253706707310 | 17256791437690 | 17258337792515 | 17256481371250 | 17256097682400 | 17257391895350 | 17248421265500 | 17250449345765 | 17256074746555 | 17256149378625 | 17257039004060 | 17258025908855 | 17255658382625 | 17256395666820 |
|              PWR_PKG_ENERGY              |   PWR0  |    325552.3361 |              0 |              0 |              0 |              0 |              0 |              0 |              0 |              0 |              0 |              0 |              0 |              0 |              0 |              0 |              0 |              0 |              0 |              0 |              0 |              0 |              0 |              0 |              0 |              0 |              0 |              0 |              0 |              0 |              0 |              0 |              0 |              0 |              0 |
|              PWR_DRAM_ENERGY             |   PWR3  |     30068.9160 |              0 |              0 |              0 |              0 |              0 |              0 |              0 |              0 |              0 |              0 |              0 |              0 |              0 |              0 |              0 |              0 |              0 |              0 |              0 |              0 |              0 |              0 |              0 |              0 |              0 |              0 |              0 |              0 |              0 |              0 |              0 |              0 |              0 |
| FP_ARITH_INST_RETIRED_128B_PACKED_DOUBLE |   PMC0  |              0 |              0 |              0 |              0 |              0 |              0 |              0 |              0 |              0 |              0 |              0 |              0 |              0 |              0 |              0 |              0 |              0 |              0 |              0 |              0 |              0 |              0 |              0 |              0 |              0 |              0 |              0 |              0 |              0 |              0 |              0 |              0 |              0 |              0 |
|    FP_ARITH_INST_RETIRED_SCALAR_DOUBLE   |   PMC1  |  1905090799160 |  1905090153614 |  1926617087601 |  1905090177210 |  1905090171906 |  1905090170591 |  1926617022187 |  1905090131320 |  1905090126533 |  1905090158088 |  1926617005183 |  1905090148359 |  1905090156386 |  1905090140739 |  1926617021432 |  1905090132166 |  1905090123436 |  1905090141572 |  1905090112531 |  1926616994890 |  1905090119453 |  1905090101531 |  1905090105733 |  1926616954523 |  1905090089818 |  1905090061864 |  1905090075581 |  1926616948577 |  1905090078443 |  1905090054425 |  1905090063242 |  1926616933064 |  1905090048091 |  1905090042574 |
| FP_ARITH_INST_RETIRED_256B_PACKED_DOUBLE |   PMC2  |              0 |              0 |              0 |              0 |              0 |              0 |              0 |              0 |              0 |              0 |              0 |              0 |              0 |              0 |              0 |              0 |              0 |              0 |              0 |              0 |              0 |              0 |              0 |              0 |              0 |              0 |              0 |              0 |              0 |              0 |              0 |              0 |              0 |              0 |
| FP_ARITH_INST_RETIRED_512B_PACKED_DOUBLE |   PMC3  |    50672544513 |    50627250000 |    49952220000 |    50627250000 |    50627250000 |    50627250000 |    49952220000 |    50627250000 |    50627250000 |    50627250000 |    49952220000 |    50627250000 |    50627250000 |    50627250000 |    49952220000 |    50627250000 |    50627250000 |    50627250000 |    50627250000 |    49952220000 |    50627250000 |    50627250000 |    50627250000 |    49952220000 |    50627250000 |    50627250000 |    50627250000 |    49952220000 |    50627250000 |    50627250000 |    50627250000 |    49952220000 |    50627250000 |    50627250000 |
|               CAS_COUNT_RD               | MBOX0C0 |   207085050651 |              0 |              0 |              0 |              0 |              0 |              0 |              0 |              0 |              0 |              0 |              0 |              0 |              0 |              0 |              0 |              0 |              0 |              0 |              0 |              0 |              0 |              0 |              0 |              0 |              0 |              0 |              0 |              0 |              0 |              0 |              0 |              0 |              0 |
|               CAS_COUNT_WR               | MBOX0C1 |   105216893433 |              0 |              0 |              0 |              0 |              0 |              0 |              0 |              0 |              0 |              0 |              0 |              0 |              0 |              0 |              0 |              0 |              0 |              0 |              0 |              0 |              0 |              0 |              0 |              0 |              0 |              0 |              0 |              0 |              0 |              0 |              0 |              0 |              0 |
|               CAS_COUNT_RD               | MBOX1C0 |   207095326646 |              0 |              0 |              0 |              0 |              0 |              0 |              0 |              0 |              0 |              0 |              0 |              0 |              0 |              0 |              0 |              0 |              0 |              0 |              0 |              0 |              0 |              0 |              0 |              0 |              0 |              0 |              0 |              0 |              0 |              0 |              0 |              0 |              0 |
|               CAS_COUNT_WR               | MBOX1C1 |   105210405623 |              0 |              0 |              0 |              0 |              0 |              0 |              0 |              0 |              0 |              0 |              0 |              0 |              0 |              0 |              0 |              0 |              0 |              0 |              0 |              0 |              0 |              0 |              0 |              0 |              0 |              0 |              0 |              0 |              0 |              0 |              0 |              0 |              0 |
|               CAS_COUNT_RD               | MBOX2C0 |   207124700738 |              0 |              0 |              0 |              0 |              0 |              0 |              0 |              0 |              0 |              0 |              0 |              0 |              0 |              0 |              0 |              0 |              0 |              0 |              0 |              0 |              0 |              0 |              0 |              0 |              0 |              0 |              0 |              0 |              0 |              0 |              0 |              0 |              0 |
|               CAS_COUNT_WR               | MBOX2C1 |   105209649448 |              0 |              0 |              0 |              0 |              0 |              0 |              0 |              0 |              0 |              0 |              0 |              0 |              0 |              0 |              0 |              0 |              0 |              0 |              0 |              0 |              0 |              0 |              0 |              0 |              0 |              0 |              0 |              0 |              0 |              0 |              0 |              0 |              0 |
|               CAS_COUNT_RD               | MBOX3C0 |   207109072987 |              0 |              0 |              0 |              0 |              0 |              0 |              0 |              0 |              0 |              0 |              0 |              0 |              0 |              0 |              0 |              0 |              0 |              0 |              0 |              0 |              0 |              0 |              0 |              0 |              0 |              0 |              0 |              0 |              0 |              0 |              0 |              0 |              0 |
|               CAS_COUNT_WR               | MBOX3C1 |   105197717877 |              0 |              0 |              0 |              0 |              0 |              0 |              0 |              0 |              0 |              0 |              0 |              0 |              0 |              0 |              0 |              0 |              0 |              0 |              0 |              0 |              0 |              0 |              0 |              0 |              0 |              0 |              0 |              0 |              0 |              0 |              0 |              0 |              0 |
|               CAS_COUNT_RD               | MBOX4C0 |   186240713047 |              0 |              0 |              0 |              0 |              0 |              0 |              0 |              0 |              0 |              0 |              0 |              0 |              0 |              0 |              0 |              0 |              0 |              0 |              0 |              0 |              0 |              0 |              0 |              0 |              0 |              0 |              0 |              0 |              0 |              0 |              0 |              0 |              0 |
|               CAS_COUNT_WR               | MBOX4C1 |    93265260766 |              0 |              0 |              0 |              0 |              0 |              0 |              0 |              0 |              0 |              0 |              0 |              0 |              0 |              0 |              0 |              0 |              0 |              0 |              0 |              0 |              0 |              0 |              0 |              0 |              0 |              0 |              0 |              0 |              0 |              0 |              0 |              0 |              0 |
|               CAS_COUNT_RD               | MBOX5C0 |   186255019330 |              0 |              0 |              0 |              0 |              0 |              0 |              0 |              0 |              0 |              0 |              0 |              0 |              0 |              0 |              0 |              0 |              0 |              0 |              0 |              0 |              0 |              0 |              0 |              0 |              0 |              0 |              0 |              0 |              0 |              0 |              0 |              0 |              0 |
|               CAS_COUNT_WR               | MBOX5C1 |    93266496970 |              0 |              0 |              0 |              0 |              0 |              0 |              0 |              0 |              0 |              0 |              0 |              0 |              0 |              0 |              0 |              0 |              0 |              0 |              0 |              0 |              0 |              0 |              0 |              0 |              0 |              0 |              0 |              0 |              0 |              0 |              0 |              0 |              0 |
|               CAS_COUNT_RD               | MBOX6C0 |   186194304975 |              0 |              0 |              0 |              0 |              0 |              0 |              0 |              0 |              0 |              0 |              0 |              0 |              0 |              0 |              0 |              0 |              0 |              0 |              0 |              0 |              0 |              0 |              0 |              0 |              0 |              0 |              0 |              0 |              0 |              0 |              0 |              0 |              0 |
|               CAS_COUNT_WR               | MBOX6C1 |    93265025845 |              0 |              0 |              0 |              0 |              0 |              0 |              0 |              0 |              0 |              0 |              0 |              0 |              0 |              0 |              0 |              0 |              0 |              0 |              0 |              0 |              0 |              0 |              0 |              0 |              0 |              0 |              0 |              0 |              0 |              0 |              0 |              0 |              0 |
|               CAS_COUNT_RD               | MBOX7C0 |   186261012599 |              0 |              0 |              0 |              0 |              0 |              0 |              0 |              0 |              0 |              0 |              0 |              0 |              0 |              0 |              0 |              0 |              0 |              0 |              0 |              0 |              0 |              0 |              0 |              0 |              0 |              0 |              0 |              0 |              0 |              0 |              0 |              0 |              0 |
|               CAS_COUNT_WR               | MBOX7C1 |    93266222128 |              0 |              0 |              0 |              0 |              0 |              0 |              0 |              0 |              0 |              0 |              0 |              0 |              0 |              0 |              0 |              0 |              0 |              0 |              0 |              0 |              0 |              0 |              0 |              0 |              0 |              0 |              0 |              0 |              0 |              0 |              0 |              0 |              0 |
+------------------------------------------+---------+----------------+----------------+----------------+----------------+----------------+----------------+----------------+----------------+----------------+----------------+----------------+----------------+----------------+----------------+----------------+----------------+----------------+----------------+----------------+----------------+----------------+----------------+----------------+----------------+----------------+----------------+----------------+----------------+----------------+----------------+----------------+----------------+----------------+----------------+

+-----------------------------------------------+---------+-----------------+----------------+----------------+--------------+
|                     Event                     | Counter |       Sum       |       Min      |       Max      |      Avg     |
+-----------------------------------------------+---------+-----------------+----------------+----------------+--------------+
|             INSTR_RETIRED_ANY STAT            |  FIXC0  | 191126328231658 |  3993254138737 |  7295892020689 | 5.621363e+12 |
|           CPU_CLK_UNHALTED_CORE STAT          |  FIXC1  | 117312295980135 |  3448594931264 |  3451667558503 | 3.450362e+12 |
|           CPU_CLK_UNHALTED_REF STAT           |  FIXC2  | 117312291397344 |  3448595833344 |  3451668323712 | 3.450362e+12 |
|               TOPDOWN_SLOTS STAT              |  FIXC3  | 586561479900675 | 17242974656320 | 17258337792515 |      nil     |
|              PWR_PKG_ENERGY STAT              |   PWR0  |     325552.3361 |              0 |    325552.3361 |    9575.0687 |
|              PWR_DRAM_ENERGY STAT             |   PWR3  |      30068.9160 |              0 |     30068.9160 |     884.3799 |
| FP_ARITH_INST_RETIRED_128B_PACKED_DOUBLE STAT |   PMC0  |               0 |              0 |              0 |            0 |
|    FP_ARITH_INST_RETIRED_SCALAR_DOUBLE STAT   |   PMC1  |  64945279651823 |  1905090042574 |  1926617087601 | 1.910155e+12 |
| FP_ARITH_INST_RETIRED_256B_PACKED_DOUBLE STAT |   PMC2  |               0 |              0 |              0 |            0 |
| FP_ARITH_INST_RETIRED_512B_PACKED_DOUBLE STAT |   PMC3  |   1715971554513 |    49952220000 |    50672544513 | 5.046975e+10 |
|               CAS_COUNT_RD STAT               | MBOX0C0 |    207085050651 |              0 |   207085050651 | 6.090737e+09 |
|               CAS_COUNT_WR STAT               | MBOX0C1 |    105216893433 |              0 |   105216893433 | 3.094615e+09 |
|               CAS_COUNT_RD STAT               | MBOX1C0 |    207095326646 |              0 |   207095326646 |   6091039019 |
|               CAS_COUNT_WR STAT               | MBOX1C1 |    105210405623 |              0 |   105210405623 | 3.094424e+09 |
|               CAS_COUNT_RD STAT               | MBOX2C0 |    207124700738 |              0 |   207124700738 | 6.091903e+09 |
|               CAS_COUNT_WR STAT               | MBOX2C1 |    105209649448 |              0 |   105209649448 | 3.094401e+09 |
|               CAS_COUNT_RD STAT               | MBOX3C0 |    207109072987 |              0 |   207109072987 | 6.091443e+09 |
|               CAS_COUNT_WR STAT               | MBOX3C1 |    105197717877 |              0 |   105197717877 | 3.094051e+09 |
|               CAS_COUNT_RD STAT               | MBOX4C0 |    186240713047 |              0 |   186240713047 | 5.477668e+09 |
|               CAS_COUNT_WR STAT               | MBOX4C1 |     93265260766 |              0 |    93265260766 | 2.743096e+09 |
|               CAS_COUNT_RD STAT               | MBOX5C0 |    186255019330 |              0 |   186255019330 | 5.478089e+09 |
|               CAS_COUNT_WR STAT               | MBOX5C1 |     93266496970 |              0 |    93266496970 | 2.743132e+09 |
|               CAS_COUNT_RD STAT               | MBOX6C0 |    186194304975 |              0 |   186194304975 | 5.476303e+09 |
|               CAS_COUNT_WR STAT               | MBOX6C1 |     93265025845 |              0 |    93265025845 | 2.743089e+09 |
|               CAS_COUNT_RD STAT               | MBOX7C0 |    186261012599 |              0 |   186261012599 | 5.478265e+09 |
|               CAS_COUNT_WR STAT               | MBOX7C1 |     93266222128 |              0 |    93266222128 | 2.743124e+09 |
+-----------------------------------------------+---------+-----------------+----------------+----------------+--------------+

+-----------------------------------+-------------+-----------+-----------+-----------+-----------+-----------+-----------+-----------+-----------+-----------+-------------+-------------+-------------+-------------+-------------+-------------+-------------+-------------+-------------+-------------+-------------+-------------+-------------+-------------+-------------+-------------+-------------+-------------+-------------+-------------+-------------+-------------+-------------+-------------+
|               Metric              |  f0314:0:0  | f0314:1:1 | f0314:2:2 | f0314:3:3 | f0314:4:4 | f0314:5:5 | f0314:6:6 | f0314:7:7 | f0314:8:8 | f0314:9:9 | f0314:10:10 | f0314:11:11 | f0314:12:12 | f0314:13:13 | f0314:14:14 | f0314:15:15 | f0314:16:16 | f0314:17:17 | f0314:18:18 | f0314:19:19 | f0314:20:20 | f0314:21:21 | f0314:22:22 | f0314:23:23 | f0314:24:24 | f0314:25:25 | f0314:26:26 | f0314:27:27 | f0314:28:28 | f0314:29:29 | f0314:30:30 | f0314:31:31 | f0314:32:32 | f0314:33:33 |
+-----------------------------------+-------------+-----------+-----------+-----------+-----------+-----------+-----------+-----------+-----------+-----------+-------------+-------------+-------------+-------------+-------------+-------------+-------------+-------------+-------------+-------------+-------------+-------------+-------------+-------------+-------------+-------------+-------------+-------------+-------------+-------------+-------------+-------------+-------------+-------------+
|        Runtime (RDTSC) [s]        |   1446.3930 | 1446.3250 | 1446.3490 | 1446.3220 | 1446.3050 | 1446.3330 | 1446.2980 | 1446.4010 | 1446.3180 | 1446.4880 |   1446.3260 |   1446.4110 |   1446.5500 |   1446.6070 |   1446.7770 |   1446.3770 |   1446.6950 |   1446.3980 |   1446.4920 |   1446.3040 |   1446.3150 |   1446.3090 |   1446.5670 |   1446.6120 |   1446.5520 |   1446.5780 |   1446.6290 |   1446.3080 |   1446.5740 |   1446.3920 |   1446.4170 |   1446.6750 |   1446.5360 |   1446.3160 |
|        Runtime unhalted [s]       |   1440.4034 | 1440.9511 | 1440.6347 | 1440.7990 | 1440.7251 | 1440.4797 | 1440.6158 | 1440.9125 | 1440.9964 | 1440.7245 |   1440.8094 |   1440.7165 |   1440.8553 |   1440.8871 |   1441.4237 |   1440.9384 |   1441.7589 |   1441.2237 |   1441.5150 |   1441.0887 |   1441.2178 |   1441.4765 |   1441.6041 |   1441.6698 |   1441.4242 |   1441.6624 |   1441.0698 |   1440.9468 |   1441.6479 |   1441.4200 |   1441.4995 |   1441.7244 |   1441.3794 |   1441.4434 |
|            Clock [MHz]            |   2394.1863 | 2394.3248 | 2394.3223 | 2394.3225 | 2394.3248 | 2394.3239 | 2394.3287 | 2394.2458 | 2394.3286 | 2394.1031 |   2394.3274 |   2394.2909 |   2394.0987 |   2393.9822 |   2393.5864 |   2394.3257 |   2393.7172 |   2394.3220 |   2394.0307 |   2394.3245 |   2394.3238 |   2394.3210 |   2394.3237 |   2393.9587 |   2394.3111 |   2394.0963 |   2393.8377 |   2394.3230 |   2393.9374 |   2394.3264 |   2394.3195 |   2394.0824 |   2394.3241 |   2394.3221 |
|                CPI                |      0.6822 |    0.8479 |    0.8593 |    0.8510 |    0.8605 |    0.8444 |    0.8595 |    0.8405 |    0.8257 |    0.7873 |      0.8597 |      0.8424 |      0.8417 |      0.8638 |      0.8566 |      0.8603 |      0.7899 |      0.6607 |      0.4738 |      0.4807 |      0.4744 |      0.4842 |      0.4819 |      0.4825 |      0.4749 |      0.4816 |      0.4790 |      0.4827 |      0.4762 |      0.4770 |      0.4828 |      0.4781 |      0.4730 |      0.4774 |
|             Energy [J]            | 325552.3361 |         0 |         0 |         0 |         0 |         0 |         0 |         0 |         0 |         0 |           0 |           0 |           0 |           0 |           0 |           0 |           0 |           0 |           0 |           0 |           0 |           0 |           0 |           0 |           0 |           0 |           0 |           0 |           0 |           0 |           0 |           0 |           0 |           0 |
|             Power [W]             |    225.0788 |         0 |         0 |         0 |         0 |         0 |         0 |         0 |         0 |         0 |           0 |           0 |           0 |           0 |           0 |           0 |           0 |           0 |           0 |           0 |           0 |           0 |           0 |           0 |           0 |           0 |           0 |           0 |           0 |           0 |           0 |           0 |           0 |           0 |
|          Energy DRAM [J]          |  30068.9160 |         0 |         0 |         0 |         0 |         0 |         0 |         0 |         0 |         0 |           0 |           0 |           0 |           0 |           0 |           0 |           0 |           0 |           0 |           0 |           0 |           0 |           0 |           0 |           0 |           0 |           0 |           0 |           0 |           0 |           0 |           0 |           0 |           0 |
|           Power DRAM [W]          |     20.7889 |         0 |         0 |         0 |         0 |         0 |         0 |         0 |         0 |         0 |           0 |           0 |           0 |           0 |           0 |           0 |           0 |           0 |           0 |           0 |           0 |           0 |           0 |           0 |           0 |           0 |           0 |           0 |           0 |           0 |           0 |           0 |           0 |           0 |
|            DP [MFLOP/s]           |   1597.4021 | 1597.2262 | 1608.3496 | 1597.2295 | 1597.2483 | 1597.2174 | 1608.4063 | 1597.1422 | 1597.2339 | 1597.0462 |   1608.3751 |   1597.1312 |   1596.9777 |   1596.9148 |   1607.8738 |   1597.1687 |   1596.8177 |   1597.1456 |   1597.0417 |   1608.3996 |   1597.2372 |   1597.2438 |   1596.9589 |   1608.0571 |   1596.9755 |   1596.9468 |   1596.8905 |   1608.3951 |   1596.9512 |   1597.1521 |   1597.1245 |   1607.9871 |   1596.9931 |   1597.2360 |
|          AVX DP [MFLOP/s]         |    280.2699 |  280.0325 |  276.2941 |  280.0331 |  280.0364 |  280.0309 |  276.3039 |  280.0178 |  280.0339 |  280.0009 |    276.2985 |    280.0158 |    279.9889 |    279.9779 |    276.2124 |    280.0224 |    279.9609 |    280.0184 |    280.0002 |    276.3027 |    280.0344 |    280.0356 |    279.9856 |    276.2439 |    279.9886 |    279.9835 |    279.9736 |    276.3020 |    279.9843 |    280.0195 |    280.0147 |    276.2319 |    279.9916 |    280.0342 |
|          Packed [MUOPS/s]         |     35.0337 |   35.0041 |   34.5368 |   35.0041 |   35.0045 |   35.0039 |   34.5380 |   35.0022 |   35.0042 |   35.0001 |     34.5373 |     35.0020 |     34.9986 |     34.9972 |     34.5266 |     35.0028 |     34.9951 |     35.0023 |     35.0000 |     34.5378 |     35.0043 |     35.0044 |     34.9982 |     34.5305 |     34.9986 |     34.9979 |     34.9967 |     34.5377 |     34.9980 |     35.0024 |     35.0018 |     34.5290 |     34.9990 |     35.0043 |
|          Scalar [MUOPS/s]         |   1317.1322 | 1317.1937 | 1332.0555 | 1317.1964 | 1317.2119 | 1317.1864 | 1332.1024 | 1317.1245 | 1317.2000 | 1317.0453 |   1332.0766 |   1317.1154 |   1316.9888 |   1316.9369 |   1331.6614 |   1317.1463 |   1316.8568 |   1317.1272 |   1317.0416 |   1332.0968 |   1317.2028 |   1317.2082 |   1316.9733 |   1331.8132 |   1316.9869 |   1316.9632 |   1316.9168 |   1332.0931 |   1316.9669 |   1317.1326 |   1317.1098 |   1331.7552 |   1317.0015 |   1317.2018 |
|  Memory read bandwidth [MBytes/s] |  69618.2662 |         0 |         0 |         0 |         0 |         0 |         0 |         0 |         0 |         0 |           0 |           0 |           0 |           0 |           0 |           0 |           0 |           0 |           0 |           0 |           0 |           0 |           0 |           0 |           0 |           0 |           0 |           0 |           0 |           0 |           0 |           0 |           0 |           0 |
|  Memory read data volume [GBytes] | 100695.3729 |         0 |         0 |         0 |         0 |         0 |         0 |         0 |         0 |         0 |           0 |           0 |           0 |           0 |           0 |           0 |           0 |           0 |           0 |           0 |           0 |           0 |           0 |           0 |           0 |           0 |           0 |           0 |           0 |           0 |           0 |           0 |           0 |           0 |
| Memory write bandwidth [MBytes/s] |  35128.3856 |         0 |         0 |         0 |         0 |         0 |         0 |         0 |         0 |         0 |           0 |           0 |           0 |           0 |           0 |           0 |           0 |           0 |           0 |           0 |           0 |           0 |           0 |           0 |           0 |           0 |           0 |           0 |           0 |           0 |           0 |           0 |           0 |           0 |
| Memory write data volume [GBytes] |  50809.4510 |         0 |         0 |         0 |         0 |         0 |         0 |         0 |         0 |         0 |           0 |           0 |           0 |           0 |           0 |           0 |           0 |           0 |           0 |           0 |           0 |           0 |           0 |           0 |           0 |           0 |           0 |           0 |           0 |           0 |           0 |           0 |           0 |           0 |
|    Memory bandwidth [MBytes/s]    | 104746.6518 |         0 |         0 |         0 |         0 |         0 |         0 |         0 |         0 |         0 |           0 |           0 |           0 |           0 |           0 |           0 |           0 |           0 |           0 |           0 |           0 |           0 |           0 |           0 |           0 |           0 |           0 |           0 |           0 |           0 |           0 |           0 |           0 |           0 |
|    Memory data volume [GBytes]    | 151504.8239 |         0 |         0 |         0 |         0 |         0 |         0 |         0 |         0 |         0 |           0 |           0 |           0 |           0 |           0 |           0 |           0 |           0 |           0 |           0 |           0 |           0 |           0 |           0 |           0 |           0 |           0 |           0 |           0 |           0 |           0 |           0 |           0 |           0 |
|       Operational intensity       |      0.0153 |         0 |         0 |         0 |         0 |         0 |         0 |         0 |         0 |         0 |           0 |           0 |           0 |           0 |           0 |           0 |           0 |           0 |           0 |           0 |           0 |           0 |           0 |           0 |           0 |           0 |           0 |           0 |           0 |           0 |           0 |           0 |           0 |           0 |
+-----------------------------------+-------------+-----------+-----------+-----------+-----------+-----------+-----------+-----------+-----------+-----------+-------------+-------------+-------------+-------------+-------------+-------------+-------------+-------------+-------------+-------------+-------------+-------------+-------------+-------------+-------------+-------------+-------------+-------------+-------------+-------------+-------------+-------------+-------------+-------------+

+----------------------------------------+-------------+-----------+-------------+-----------+-----------+-----------+-----------+
|                 Metric                 |     Sum     |    Min    |     Max     |    Avg    |  %ile 25  |  %ile 50  |  %ile 75  |
+----------------------------------------+-------------+-----------+-------------+-----------+-----------+-----------+-----------+
|        Runtime (RDTSC) [s] STAT        |  49179.2490 | 1446.2980 |   1446.7770 | 1446.4485 | 1446.3220 | 1446.3980 | 1446.5670 |
|        Runtime unhalted [s] STAT       |  48998.6449 | 1440.4034 |   1441.7589 | 1441.1366 | 1440.8094 | 1441.0698 | 1441.4765 |
|            Clock [MHz] STAT            |  81402.6237 | 2393.5864 |   2394.3287 | 2394.1948 | 2394.0963 | 2394.3210 | 2394.3241 |
|                CPI STAT                |     22.4936 |    0.4730 |      0.8638 |    0.6616 |    0.4790 |    0.6607 |    0.8479 |
|             Energy [J] STAT            | 325552.3361 |         0 | 325552.3361 | 9575.0687 |         0 |         0 |         0 |
|             Power [W] STAT             |    225.0788 |         0 |    225.0788 |    6.6200 |         0 |         0 |         0 |
|          Energy DRAM [J] STAT          |  30068.9160 |         0 |  30068.9160 |  884.3799 |         0 |         0 |         0 |
|           Power DRAM [W] STAT          |     20.7889 |         0 |     20.7889 |    0.6114 |         0 |         0 |         0 |
|            DP [MFLOP/s] STAT           |  54390.4965 | 1596.8177 |   1608.4063 | 1599.7205 | 1596.9931 | 1597.1687 | 1597.4021 |
|          AVX DP [MFLOP/s] STAT         |   9490.6749 |  276.2124 |    280.2699 |  279.1375 |  279.9609 |  279.9916 |  280.0309 |
|          Packed [MUOPS/s] STAT         |   1186.3341 |   34.5266 |     35.0337 |   34.8922 |   34.9951 |   34.9990 |   35.0039 |
|          Scalar [MUOPS/s] STAT         |  44899.8214 | 1316.8568 |   1332.1024 | 1320.5830 | 1317.0015 | 1317.1326 | 1317.2119 |
|  Memory read bandwidth [MBytes/s] STAT |  69618.2662 |         0 |  69618.2662 | 2047.5961 |         0 |         0 |         0 |
|  Memory read data volume [GBytes] STAT | 100695.3729 |         0 | 100695.3729 | 2961.6286 |         0 |         0 |         0 |
| Memory write bandwidth [MBytes/s] STAT |  35128.3856 |         0 |  35128.3856 | 1033.1878 |         0 |         0 |         0 |
| Memory write data volume [GBytes] STAT |  50809.4510 |         0 |  50809.4510 | 1494.3956 |         0 |         0 |         0 |
|    Memory bandwidth [MBytes/s] STAT    | 104746.6518 |         0 | 104746.6518 | 3080.7839 |         0 |         0 |         0 |
|    Memory data volume [GBytes] STAT    | 151504.8239 |         0 | 151504.8239 | 4456.0242 |         0 |         0 |         0 |
|       Operational intensity STAT       |      0.0153 |         0 |      0.0153 |    0.0004 |         0 |         0 |         0 |
+----------------------------------------+-------------+-----------+-------------+-----------+-----------+-----------+-----------+

