WARN: Cannot extract OpenMP vendor from executable or commandline, assuming no OpenMP
 nx_glob, nz_glob:                  3000                  1250
 dx,dz:    8.00000000000000        8.00000000000000     
 dt:   2.666666666666666E-002
Group: 1
+------------------------------------------+---------+----------------+----------------+----------------+----------------+----------------+----------------+----------------+----------------+----------------+----------------+----------------+----------------+----------------+----------------+----------------+----------------+----------------+----------------+----------------+----------------+----------------+----------------+----------------+----------------+----------------+----------------+----------------+----------------+----------------+
|                   Event                  | Counter |    f0314:0:0   |    f0314:1:1   |    f0314:2:2   |    f0314:3:3   |    f0314:4:4   |    f0314:5:5   |    f0314:6:6   |    f0314:7:7   |    f0314:8:8   |    f0314:9:9   |   f0314:10:10  |   f0314:11:11  |   f0314:12:12  |   f0314:13:13  |   f0314:14:14  |   f0314:15:15  |   f0314:16:16  |   f0314:17:17  |   f0314:18:18  |   f0314:19:19  |   f0314:20:20  |   f0314:21:21  |   f0314:22:22  |   f0314:23:23  |   f0314:24:24  |   f0314:25:25  |   f0314:26:26  |   f0314:27:27  |   f0314:28:28  |
+------------------------------------------+---------+----------------+----------------+----------------+----------------+----------------+----------------+----------------+----------------+----------------+----------------+----------------+----------------+----------------+----------------+----------------+----------------+----------------+----------------+----------------+----------------+----------------+----------------+----------------+----------------+----------------+----------------+----------------+----------------+----------------+
|             INSTR_RETIRED_ANY            |  FIXC0  |  5062725505315 |  4930860164830 |  4912629619859 |  4987464610128 |  5212766853836 |  5610233652050 |  5867081030742 |  4785399972074 |  4705830963099 |  4710856787081 |  4768829147757 |  4705261036363 |  4672925347348 |  4643913353339 |  4675239863910 |  4675669672448 |  4781463862008 |  4957384428896 |  8900075863323 |  9033422790714 |  8945297446867 |  8858312804728 |  9015243645074 |  9086585262035 |  9078272709899 |  8803484929840 |  8962927991371 |  9028260796216 |  8847774538120 |
|           CPU_CLK_UNHALTED_CORE          |  FIXC1  |  4008347230799 |  4009814804489 |  4008513809500 |  4008907155867 |  4008384278966 |  4006571950661 |  4007702871785 |  4008980122552 |  4009088848492 |  4008449222093 |  4008778463882 |  4008519891187 |  4008688520529 |  4008370270356 |  4009905330919 |  4008735821289 |  4011017225876 |  4010814143356 |  4012003487747 |  4011698899305 |  4012107455271 |  4011601150908 |  4012339952598 |  4011955082702 |  4011971964249 |  4011696498610 |  4012021977691 |  4011152009137 |  4012050367079 |
|           CPU_CLK_UNHALTED_REF           |  FIXC2  |  4008350923968 |  4009816078176 |  4008513718176 |  4008909160992 |  4008384705216 |  4006569207168 |  4007703189696 |  4008981098112 |  4009088490336 |  4008448708512 |  4008776914560 |  4008521655936 |  4008689023104 |  4008370480224 |  4009905761664 |  4008736703040 |  4011018697248 |  4010816043168 |  4012002615936 |  4011698405088 |  4012110114240 |  4011596910720 |  4012339455360 |  4011951414048 |  4011972605568 |  4011697072320 |  4012021307904 |  4011150935520 |  4012049777856 |
|               TOPDOWN_SLOTS              |  FIXC3  | 20041736153995 | 20049074022445 | 20042569047500 | 20044535779335 | 20041921394830 | 20032859753305 | 20038514358925 | 20044900612760 | 20045444242460 | 20042246110465 | 20043892319410 | 20042599455935 | 20043442602645 | 20041851351780 | 20049526654595 | 20043679106445 | 20055086129380 | 20054070716780 | 20060017438735 | 20058494496525 | 20060537276355 | 20058005754540 | 20061699762990 | 20059775413510 | 20059859821245 | 20058482493050 | 20060109888455 | 20055760045685 | 20060251835395 |
|              PWR_PKG_ENERGY              |   PWR0  |    347751.0073 |              0 |              0 |              0 |              0 |              0 |              0 |              0 |              0 |              0 |              0 |              0 |              0 |              0 |              0 |              0 |              0 |              0 |              0 |              0 |              0 |              0 |              0 |              0 |              0 |              0 |              0 |              0 |              0 |
|              PWR_DRAM_ENERGY             |   PWR3  |     32167.7392 |              0 |              0 |              0 |              0 |              0 |              0 |              0 |              0 |              0 |              0 |              0 |              0 |              0 |              0 |              0 |              0 |              0 |              0 |              0 |              0 |              0 |              0 |              0 |              0 |              0 |              0 |              0 |              0 |
| FP_ARITH_INST_RETIRED_128B_PACKED_DOUBLE |   PMC0  |              0 |              0 |              0 |              0 |              0 |              0 |              0 |              0 |              0 |              0 |              0 |              0 |              0 |              0 |              0 |              0 |              0 |              0 |              0 |              0 |              0 |              0 |              0 |              0 |              0 |              0 |              0 |              0 |              0 |
|    FP_ARITH_INST_RETIRED_SCALAR_DOUBLE   |   PMC1  |  2227994008954 |  2249520289234 |  2227993408119 |  2249520279586 |  2227993395129 |  2249520280316 |  2227993385095 |  2249520261831 |  2227993379283 |  2227993372172 |  2249520260960 |  2227993370156 |  2249520252799 |  2227993368321 |  2249520243511 |  2227993354143 |  2249520242414 |  2227993356087 |  2249520226719 |  2227993342262 |  2227993345894 |  2249520214403 |  2227993330556 |  2249520210945 |  2227993324757 |  2249520209012 |  2227993316452 |  2249520195504 |  2227993326579 |
| FP_ARITH_INST_RETIRED_256B_PACKED_DOUBLE |   PMC2  |              0 |              0 |              0 |              0 |              0 |              0 |              0 |              0 |              0 |              0 |              0 |              0 |              0 |              0 |              0 |              0 |              0 |              0 |              0 |              0 |              0 |              0 |              0 |              0 |              0 |              0 |              0 |              0 |              0 |
| FP_ARITH_INST_RETIRED_512B_PACKED_DOUBLE |   PMC3  |    54342952635 |    56365005000 |    54297658122 |    56365005000 |    54297658122 |    56365005000 |    54297658122 |    56365005000 |    54297658122 |    54297658122 |    56365005000 |    54297658122 |    56365005000 |    54297658122 |    56365005000 |    54297658122 |    56365005000 |    54297658122 |    56365005000 |    54297658122 |    54297658122 |    56365005000 |    54297658122 |    56365005000 |    54297658122 |    56365005000 |    54297658122 |    56365005000 |    54297658122 |
|               CAS_COUNT_RD               | MBOX0C0 |   239873778363 |              0 |              0 |              0 |              0 |              0 |              0 |              0 |              0 |              0 |              0 |              0 |              0 |              0 |              0 |              0 |              0 |              0 |              0 |              0 |              0 |              0 |              0 |              0 |              0 |              0 |              0 |              0 |              0 |
|               CAS_COUNT_WR               | MBOX0C1 |   122810012491 |              0 |              0 |              0 |              0 |              0 |              0 |              0 |              0 |              0 |              0 |              0 |              0 |              0 |              0 |              0 |              0 |              0 |              0 |              0 |              0 |              0 |              0 |              0 |              0 |              0 |              0 |              0 |              0 |
|               CAS_COUNT_RD               | MBOX1C0 |   239932879813 |              0 |              0 |              0 |              0 |              0 |              0 |              0 |              0 |              0 |              0 |              0 |              0 |              0 |              0 |              0 |              0 |              0 |              0 |              0 |              0 |              0 |              0 |              0 |              0 |              0 |              0 |              0 |              0 |
|               CAS_COUNT_WR               | MBOX1C1 |   122795381811 |              0 |              0 |              0 |              0 |              0 |              0 |              0 |              0 |              0 |              0 |              0 |              0 |              0 |              0 |              0 |              0 |              0 |              0 |              0 |              0 |              0 |              0 |              0 |              0 |              0 |              0 |              0 |              0 |
|               CAS_COUNT_RD               | MBOX2C0 |   239932027797 |              0 |              0 |              0 |              0 |              0 |              0 |              0 |              0 |              0 |              0 |              0 |              0 |              0 |              0 |              0 |              0 |              0 |              0 |              0 |              0 |              0 |              0 |              0 |              0 |              0 |              0 |              0 |              0 |
|               CAS_COUNT_WR               | MBOX2C1 |   122798489163 |              0 |              0 |              0 |              0 |              0 |              0 |              0 |              0 |              0 |              0 |              0 |              0 |              0 |              0 |              0 |              0 |              0 |              0 |              0 |              0 |              0 |              0 |              0 |              0 |              0 |              0 |              0 |              0 |
|               CAS_COUNT_RD               | MBOX3C0 |   239939846545 |              0 |              0 |              0 |              0 |              0 |              0 |              0 |              0 |              0 |              0 |              0 |              0 |              0 |              0 |              0 |              0 |              0 |              0 |              0 |              0 |              0 |              0 |              0 |              0 |              0 |              0 |              0 |              0 |
|               CAS_COUNT_WR               | MBOX3C1 |   122791391287 |              0 |              0 |              0 |              0 |              0 |              0 |              0 |              0 |              0 |              0 |              0 |              0 |              0 |              0 |              0 |              0 |              0 |              0 |              0 |              0 |              0 |              0 |              0 |              0 |              0 |              0 |              0 |              0 |
|               CAS_COUNT_RD               | MBOX4C0 |   145325327222 |              0 |              0 |              0 |              0 |              0 |              0 |              0 |              0 |              0 |              0 |              0 |              0 |              0 |              0 |              0 |              0 |              0 |              0 |              0 |              0 |              0 |              0 |              0 |              0 |              0 |              0 |              0 |              0 |
|               CAS_COUNT_WR               | MBOX4C1 |    74058789192 |              0 |              0 |              0 |              0 |              0 |              0 |              0 |              0 |              0 |              0 |              0 |              0 |              0 |              0 |              0 |              0 |              0 |              0 |              0 |              0 |              0 |              0 |              0 |              0 |              0 |              0 |              0 |              0 |
|               CAS_COUNT_RD               | MBOX5C0 |   145348462500 |              0 |              0 |              0 |              0 |              0 |              0 |              0 |              0 |              0 |              0 |              0 |              0 |              0 |              0 |              0 |              0 |              0 |              0 |              0 |              0 |              0 |              0 |              0 |              0 |              0 |              0 |              0 |              0 |
|               CAS_COUNT_WR               | MBOX5C1 |    74059701341 |              0 |              0 |              0 |              0 |              0 |              0 |              0 |              0 |              0 |              0 |              0 |              0 |              0 |              0 |              0 |              0 |              0 |              0 |              0 |              0 |              0 |              0 |              0 |              0 |              0 |              0 |              0 |              0 |
|               CAS_COUNT_RD               | MBOX6C0 |   145355365914 |              0 |              0 |              0 |              0 |              0 |              0 |              0 |              0 |              0 |              0 |              0 |              0 |              0 |              0 |              0 |              0 |              0 |              0 |              0 |              0 |              0 |              0 |              0 |              0 |              0 |              0 |              0 |              0 |
|               CAS_COUNT_WR               | MBOX6C1 |    74059897364 |              0 |              0 |              0 |              0 |              0 |              0 |              0 |              0 |              0 |              0 |              0 |              0 |              0 |              0 |              0 |              0 |              0 |              0 |              0 |              0 |              0 |              0 |              0 |              0 |              0 |              0 |              0 |              0 |
|               CAS_COUNT_RD               | MBOX7C0 |   145402168267 |              0 |              0 |              0 |              0 |              0 |              0 |              0 |              0 |              0 |              0 |              0 |              0 |              0 |              0 |              0 |              0 |              0 |              0 |              0 |              0 |              0 |              0 |              0 |              0 |              0 |              0 |              0 |              0 |
|               CAS_COUNT_WR               | MBOX7C1 |    74059485887 |              0 |              0 |              0 |              0 |              0 |              0 |              0 |              0 |              0 |              0 |              0 |              0 |              0 |              0 |              0 |              0 |              0 |              0 |              0 |              0 |              0 |              0 |              0 |              0 |              0 |              0 |              0 |              0 |
+------------------------------------------+---------+----------------+----------------+----------------+----------------+----------------+----------------+----------------+----------------+----------------+----------------+----------------+----------------+----------------+----------------+----------------+----------------+----------------+----------------+----------------+----------------+----------------+----------------+----------------+----------------+----------------+----------------+----------------+----------------+----------------+

+-----------------------------------------------+---------+-----------------+----------------+----------------+--------------+
|                     Event                     | Counter |       Sum       |       Min      |       Max      |      Avg     |
+-----------------------------------------------+---------+-----------------+----------------+----------------+--------------+
|             INSTR_RETIRED_ANY STAT            |  FIXC0  | 187226194649270 |  4643913353339 |  9086585262035 |      nil     |
|           CPU_CLK_UNHALTED_CORE STAT          |  FIXC1  | 116290188807895 |  4006571950661 |  4012339952598 | 4.010007e+12 |
|           CPU_CLK_UNHALTED_REF STAT           |  FIXC2  | 116290191173856 |  4006569207168 |  4012339455360 | 4.010007e+12 |
|               TOPDOWN_SLOTS STAT              |  FIXC3  | 581450944039475 | 20032859753305 | 20061699762990 |      nil     |
|              PWR_PKG_ENERGY STAT              |   PWR0  |     347751.0073 |              0 |    347751.0073 |   11991.4140 |
|              PWR_DRAM_ENERGY STAT             |   PWR3  |      32167.7392 |              0 |     32167.7392 |    1109.2324 |
| FP_ARITH_INST_RETIRED_128B_PACKED_DOUBLE STAT |   PMC0  |               0 |              0 |              0 |            0 |
|    FP_ARITH_INST_RETIRED_SCALAR_DOUBLE STAT   |   PMC1  |  64891657551193 |  2227993316452 |  2249520289234 | 2.237643e+12 |
| FP_ARITH_INST_RETIRED_256B_PACKED_DOUBLE STAT |   PMC2  |               0 |              0 |              0 |            0 |
| FP_ARITH_INST_RETIRED_512B_PACKED_DOUBLE STAT |   PMC3  |   1601552889465 |    54297658122 |    56365005000 | 5.522596e+10 |
|               CAS_COUNT_RD STAT               | MBOX0C0 |    239873778363 |              0 |   239873778363 | 8.271510e+09 |
|               CAS_COUNT_WR STAT               | MBOX0C1 |    122810012491 |              0 |   122810012491 | 4.234828e+09 |
|               CAS_COUNT_RD STAT               | MBOX1C0 |    239932879813 |              0 |   239932879813 | 8.273548e+09 |
|               CAS_COUNT_WR STAT               | MBOX1C1 |    122795381811 |              0 |   122795381811 | 4.234324e+09 |
|               CAS_COUNT_RD STAT               | MBOX2C0 |    239932027797 |              0 |   239932027797 | 8.273518e+09 |
|               CAS_COUNT_WR STAT               | MBOX2C1 |    122798489163 |              0 |   122798489163 | 4.234431e+09 |
|               CAS_COUNT_RD STAT               | MBOX3C0 |    239939846545 |              0 |   239939846545 | 8.273788e+09 |
|               CAS_COUNT_WR STAT               | MBOX3C1 |    122791391287 |              0 |   122791391287 | 4.234186e+09 |
|               CAS_COUNT_RD STAT               | MBOX4C0 |    145325327222 |              0 |   145325327222 | 5.011218e+09 |
|               CAS_COUNT_WR STAT               | MBOX4C1 |     74058789192 |              0 |    74058789192 | 2.553751e+09 |
|               CAS_COUNT_RD STAT               | MBOX5C0 |    145348462500 |              0 |   145348462500 | 5.012016e+09 |
|               CAS_COUNT_WR STAT               | MBOX5C1 |     74059701341 |              0 |    74059701341 | 2.553783e+09 |
|               CAS_COUNT_RD STAT               | MBOX6C0 |    145355365914 |              0 |   145355365914 | 5.012254e+09 |
|               CAS_COUNT_WR STAT               | MBOX6C1 |     74059897364 |              0 |    74059897364 | 2.553790e+09 |
|               CAS_COUNT_RD STAT               | MBOX7C0 |    145402168267 |              0 |   145402168267 | 5.013868e+09 |
|               CAS_COUNT_WR STAT               | MBOX7C1 |     74059485887 |              0 |    74059485887 | 2.553775e+09 |
+-----------------------------------------------+---------+-----------------+----------------+----------------+--------------+

+-----------------------------------+-------------+-----------+-----------+-----------+-----------+-----------+-----------+-----------+-----------+-----------+-------------+-------------+-------------+-------------+-------------+-------------+-------------+-------------+-------------+-------------+-------------+-------------+-------------+-------------+-------------+-------------+-------------+-------------+-------------+
|               Metric              |  f0314:0:0  | f0314:1:1 | f0314:2:2 | f0314:3:3 | f0314:4:4 | f0314:5:5 | f0314:6:6 | f0314:7:7 | f0314:8:8 | f0314:9:9 | f0314:10:10 | f0314:11:11 | f0314:12:12 | f0314:13:13 | f0314:14:14 | f0314:15:15 | f0314:16:16 | f0314:17:17 | f0314:18:18 | f0314:19:19 | f0314:20:20 | f0314:21:21 | f0314:22:22 | f0314:23:23 | f0314:24:24 | f0314:25:25 | f0314:26:26 | f0314:27:27 | f0314:28:28 |
+-----------------------------------+-------------+-----------+-----------+-----------+-----------+-----------+-----------+-----------+-----------+-----------+-------------+-------------+-------------+-------------+-------------+-------------+-------------+-------------+-------------+-------------+-------------+-------------+-------------+-------------+-------------+-------------+-------------+-------------+-------------+
|        Runtime (RDTSC) [s]        |   1695.2350 | 1695.2690 | 1695.0980 | 1695.1240 | 1695.1200 | 1695.1300 | 1695.2300 | 1695.2270 | 1695.1120 | 1680.5820 |   1695.1190 |   1680.5910 |   1695.1310 |   1695.4190 |   1695.1500 |   1680.5750 |   1695.1120 |   1695.1630 |   1695.1370 |   1695.2620 |   1695.2480 |   1680.6070 |   1696.0540 |   1695.1330 |   1695.1150 |   1695.1950 |   1695.2340 |   1680.5770 |   1680.5840 |
|        Runtime unhalted [s]       |   1674.2298 | 1674.7153 | 1674.1766 | 1674.3363 | 1674.1213 | 1673.3789 | 1673.8339 | 1674.3902 | 1674.4135 | 1674.1459 |   1674.2853 |   1674.1742 |   1674.2438 |   1674.3931 |   1674.7540 |   1674.2763 |   1675.2161 |   1675.1789 |   1675.6477 |   1675.5014 |   1675.6754 |   1675.4800 |   1676.7016 |   1675.6112 |   1675.6201 |   1675.5119 |   1675.6393 |   1675.2759 |   1675.6574 |
|            Clock [MHz]            |   2394.1418 | 2394.3255 | 2394.3197 | 2394.3249 | 2394.3210 | 2394.3021 | 2394.3251 | 2394.2921 | 2394.3245 | 2394.3252 |   2394.3232 |   2394.3256 |   2394.3275 |   2393.9241 |   2394.3247 |   2394.3090 |   2394.3273 |   2394.2591 |   2394.3006 |   2394.3276 |   2394.3210 |   2394.3021 |   2392.9962 |   2394.3255 |   2394.3204 |   2394.3107 |   2394.3235 |   2394.3238 |   2394.3146 |
|                CPI                |      0.7917 |    0.8132 |    0.8160 |    0.8038 |    0.7690 |    0.7142 |    0.6831 |    0.8378 |    0.8519 |    0.8509 |      0.8406 |      0.8519 |      0.8579 |      0.8631 |      0.8577 |      0.8574 |      0.8389 |      0.8091 |      0.4508 |      0.4441 |      0.4485 |      0.4529 |      0.4451 |      0.4415 |      0.4419 |      0.4557 |      0.4476 |      0.4443 |      0.4535 |
|             Energy [J]            | 347751.0073 |         0 |         0 |         0 |         0 |         0 |         0 |         0 |         0 |         0 |           0 |           0 |           0 |           0 |           0 |           0 |           0 |           0 |           0 |           0 |           0 |           0 |           0 |           0 |           0 |           0 |           0 |           0 |           0 |
|             Power [W]             |    205.1344 |         0 |         0 |         0 |         0 |         0 |         0 |         0 |         0 |         0 |           0 |           0 |           0 |           0 |           0 |           0 |           0 |           0 |           0 |           0 |           0 |           0 |           0 |           0 |           0 |           0 |           0 |           0 |           0 |
|          Energy DRAM [J]          |  32167.7392 |         0 |         0 |         0 |         0 |         0 |         0 |         0 |         0 |         0 |           0 |           0 |           0 |           0 |           0 |           0 |           0 |           0 |           0 |           0 |           0 |           0 |           0 |           0 |           0 |           0 |           0 |           0 |           0 |
|           Power DRAM [W]          |     18.9754 |         0 |         0 |         0 |         0 |         0 |         0 |         0 |         0 |         0 |           0 |           0 |           0 |           0 |           0 |           0 |           0 |           0 |           0 |           0 |           0 |           0 |           0 |           0 |           0 |           0 |           0 |           0 |           0 |
|            DP [MFLOP/s]           |   1570.7189 | 1592.9273 | 1570.6317 | 1593.0636 | 1570.6113 | 1593.0579 | 1570.5094 | 1592.9668 | 1570.6187 | 1584.1980 |   1593.0683 |   1584.1895 |   1593.0570 |   1570.3343 |   1593.0391 |   1584.2046 |   1593.0748 |   1570.5715 |   1593.0513 |   1570.4797 |   1570.4927 |   1606.8244 |   1569.7464 |   1593.0551 |   1570.6159 |   1592.9968 |   1570.5057 |   1606.8530 |   1584.1961 |
|          AVX DP [MFLOP/s]         |    256.4504 |  265.9873 |  256.2573 |  266.0101 |  256.2540 |  266.0091 |  256.2374 |  265.9939 |  256.2552 |  258.4707 |    266.0108 |    258.4694 |    266.0090 |    256.2088 |    266.0060 |    258.4718 |    266.0119 |    256.2475 |    266.0080 |    256.2325 |    256.2346 |    268.3078 |    256.1129 |    266.0086 |    256.2547 |    265.9989 |    256.2368 |    268.3126 |    258.4704 |
|          Packed [MUOPS/s]         |     32.0563 |   33.2484 |   32.0322 |   33.2513 |   32.0317 |   33.2511 |   32.0297 |   33.2492 |   32.0319 |   32.3088 |     33.2514 |     32.3087 |     33.2511 |     32.0261 |     33.2507 |     32.3090 |     33.2515 |     32.0309 |     33.2510 |     32.0291 |     32.0293 |     33.5385 |     32.0141 |     33.2511 |     32.0318 |     33.2499 |     32.0296 |     33.5391 |     32.3088 |
|          Scalar [MUOPS/s]         |   1314.2685 | 1326.9400 | 1314.3744 | 1327.0535 | 1314.3573 | 1327.0488 | 1314.2720 | 1326.9729 | 1314.3635 | 1325.7273 |   1327.0574 |   1325.7202 |   1327.0480 |   1314.1255 |   1327.0331 |   1325.7328 |   1327.0629 |   1314.3240 |   1327.0433 |   1314.2472 |   1314.2581 |   1338.5165 |   1313.6335 |   1327.0464 |   1314.3612 |   1326.9979 |   1314.2689 |   1338.5404 |   1325.7257 |
|  Memory read bandwidth [MBytes/s] |  58181.3323 |         0 |         0 |         0 |         0 |         0 |         0 |         0 |         0 |         0 |           0 |           0 |           0 |           0 |           0 |           0 |           0 |           0 |           0 |           0 |           0 |           0 |           0 |           0 |           0 |           0 |           0 |           0 |           0 |
|  Memory read data volume [GBytes] |  98631.0308 |         0 |         0 |         0 |         0 |         0 |         0 |         0 |         0 |         0 |           0 |           0 |           0 |           0 |           0 |           0 |           0 |           0 |           0 |           0 |           0 |           0 |           0 |           0 |           0 |           0 |           0 |           0 |           0 |
| Memory write bandwidth [MBytes/s] |  29727.8675 |         0 |         0 |         0 |         0 |         0 |         0 |         0 |         0 |         0 |           0 |           0 |           0 |           0 |           0 |           0 |           0 |           0 |           0 |           0 |           0 |           0 |           0 |           0 |           0 |           0 |           0 |           0 |           0 |
| Memory write data volume [GBytes] |  50395.7215 |         0 |         0 |         0 |         0 |         0 |         0 |         0 |         0 |         0 |           0 |           0 |           0 |           0 |           0 |           0 |           0 |           0 |           0 |           0 |           0 |           0 |           0 |           0 |           0 |           0 |           0 |           0 |           0 |
|    Memory bandwidth [MBytes/s]    |  87909.1998 |         0 |         0 |         0 |         0 |         0 |         0 |         0 |         0 |         0 |           0 |           0 |           0 |           0 |           0 |           0 |           0 |           0 |           0 |           0 |           0 |           0 |           0 |           0 |           0 |           0 |           0 |           0 |           0 |
|    Memory data volume [GBytes]    | 149026.7523 |         0 |         0 |         0 |         0 |         0 |         0 |         0 |         0 |         0 |           0 |           0 |           0 |           0 |           0 |           0 |           0 |           0 |           0 |           0 |           0 |           0 |           0 |           0 |           0 |           0 |           0 |           0 |           0 |
|       Operational intensity       |      0.0179 |         0 |         0 |         0 |         0 |         0 |         0 |         0 |         0 |         0 |           0 |           0 |           0 |           0 |           0 |           0 |           0 |           0 |           0 |           0 |           0 |           0 |           0 |           0 |           0 |           0 |           0 |           0 |           0 |
+-----------------------------------+-------------+-----------+-----------+-----------+-----------+-----------+-----------+-----------+-----------+-----------+-------------+-------------+-------------+-------------+-------------+-------------+-------------+-------------+-------------+-------------+-------------+-------------+-------------+-------------+-------------+-------------+-------------+-------------+-------------+

+----------------------------------------+-------------+-----------+-------------+------------+-----------+-----------+-----------+
|                 Metric                 |     Sum     |    Min    |     Max     |     Avg    |  %ile 25  |  %ile 50  |  %ile 75  |
+----------------------------------------+-------------+-----------+-------------+------------+-----------+-----------+-----------+
|        Runtime (RDTSC) [s] STAT        |  49073.5330 | 1680.5750 |   1696.0540 |  1692.1908 | 1695.0980 | 1695.1310 | 1695.2300 |
|        Runtime unhalted [s] STAT       |  48570.5853 | 1673.3789 |   1676.7016 |  1674.8478 | 1674.2298 | 1674.7153 | 1675.5119 |
|            Clock [MHz] STAT            |  69433.2884 | 2392.9962 |   2394.3276 |  2394.2513 | 2394.3021 | 2394.3210 | 2394.3251 |
|                CPI STAT                |     19.6341 |    0.4415 |      0.8631 |     0.6770 |    0.4485 |    0.7917 |    0.8406 |
|             Energy [J] STAT            | 347751.0073 |         0 | 347751.0073 | 11991.4140 |         0 |         0 |         0 |
|             Power [W] STAT             |    205.1344 |         0 |    205.1344 |     7.0736 |         0 |         0 |         0 |
|          Energy DRAM [J] STAT          |  32167.7392 |         0 |  32167.7392 |  1109.2324 |         0 |         0 |         0 |
|           Power DRAM [W] STAT          |     18.9754 |         0 |     18.9754 |     0.6543 |         0 |         0 |         0 |
|            DP [MFLOP/s] STAT           |  45919.6598 | 1569.7464 |   1606.8530 |  1583.4365 | 1570.5715 | 1584.1980 | 1593.0551 |
|          AVX DP [MFLOP/s] STAT         |   7571.5384 |  256.1129 |    268.3126 |   261.0875 |  256.2475 |  258.4707 |  266.0086 |
|          Packed [MUOPS/s] STAT         |    946.4423 |   32.0141 |     33.5391 |    32.6359 |   32.0309 |   32.3088 |   33.2511 |
|          Scalar [MUOPS/s] STAT         |  38348.1212 | 1313.6335 |   1338.5404 |  1322.3490 | 1314.2720 | 1325.7273 | 1327.0464 |
|  Memory read bandwidth [MBytes/s] STAT |  58181.3323 |         0 |  58181.3323 |  2006.2528 |         0 |         0 |         0 |
|  Memory read data volume [GBytes] STAT |  98631.0308 |         0 |  98631.0308 |  3401.0700 |         0 |         0 |         0 |
| Memory write bandwidth [MBytes/s] STAT |  29727.8675 |         0 |  29727.8675 |  1025.0989 |         0 |         0 |         0 |
| Memory write data volume [GBytes] STAT |  50395.7215 |         0 |  50395.7215 |  1737.7835 |         0 |         0 |         0 |
|    Memory bandwidth [MBytes/s] STAT    |  87909.1998 |         0 |  87909.1998 |  3031.3517 |         0 |         0 |         0 |
|    Memory data volume [GBytes] STAT    | 149026.7523 |         0 | 149026.7523 |  5138.8535 |         0 |         0 |         0 |
|       Operational intensity STAT       |      0.0179 |         0 |      0.0179 |     0.0006 |         0 |         0 |         0 |
+----------------------------------------+-------------+-----------+-------------+------------+-----------+-----------+-----------+

