WARN: Cannot extract OpenMP vendor from executable or commandline, assuming no OpenMP
 nx_glob, nz_glob:                  3000                  1250
 dx,dz:    8.00000000000000        8.00000000000000     
 dt:   2.666666666666666E-002
Group: 1
+------------------------------------------+---------+----------------+----------------+----------------+----------------+----------------+----------------+----------------+----------------+----------------+----------------+----------------+----------------+----------------+----------------+----------------+----------------+----------------+----------------+----------------+----------------+----------------+----------------+----------------+----------------+----------------+
|                   Event                  | Counter |    f0314:0:0   |    f0314:1:1   |    f0314:2:2   |    f0314:3:3   |    f0314:4:4   |    f0314:5:5   |    f0314:6:6   |    f0314:7:7   |    f0314:8:8   |    f0314:9:9   |   f0314:10:10  |   f0314:11:11  |   f0314:12:12  |   f0314:13:13  |   f0314:14:14  |   f0314:15:15  |   f0314:16:16  |   f0314:17:17  |   f0314:18:18  |   f0314:19:19  |   f0314:20:20  |   f0314:21:21  |   f0314:22:22  |   f0314:23:23  |   f0314:24:24  |
+------------------------------------------+---------+----------------+----------------+----------------+----------------+----------------+----------------+----------------+----------------+----------------+----------------+----------------+----------------+----------------+----------------+----------------+----------------+----------------+----------------+----------------+----------------+----------------+----------------+----------------+----------------+----------------+
|             INSTR_RETIRED_ANY            |  FIXC0  |  6318911596161 |  5564294463423 |  5430353350941 |  5517390919730 |  5353160417281 |  5470229734685 |  5448187888120 |  5358081224665 |  5448463209784 |  5353465095089 |  5360323347177 |  5435028582492 |  5392057831556 |  5600031859150 |  5636416558613 |  5574778835948 |  5634285700204 |  5869075019276 | 10433139996280 | 10591031738551 | 10521504395272 | 10350590476926 | 10368432668852 | 10527886478784 | 10252892912763 |
|           CPU_CLK_UNHALTED_CORE          |  FIXC1  |  4616712161302 |  4618297563543 |  4616766892168 |  4618906151041 |  4617995442032 |  4618726233015 |  4617766324347 |  4618322165091 |  4618875497188 |  4619033375923 |  4619585098229 |  4618643748928 |  4617991480245 |  4616332918612 |  4617290791550 |  4618258195538 |  4621451501139 |  4621250863231 |  4623388716369 |  4623238128784 |  4623128268419 |  4623299268504 |  4623370787425 |  4623249221820 |  4621816717531 |
|           CPU_CLK_UNHALTED_REF           |  FIXC2  |  4616712676896 |  4618297493952 |  4616768372352 |  4618905141888 |  4617996056160 |  4618726194720 |  4617767410560 |  4618321647552 |  4618874316192 |  4619034401856 |  4619585238528 |  4618645349088 |  4617992335104 |  4616334447456 |  4617290145504 |  4618259637504 |  4621454772480 |  4621252312320 |  4623384689760 |  4623237649344 |  4623123063744 |  4623298035456 |  4623369500640 |  4623247973280 |  4621813283232 |
|               TOPDOWN_SLOTS              |  FIXC3  | 23083560806510 | 23091487817715 | 23083834460840 | 23094530755205 | 23089977210160 | 23093631165075 | 23088831621735 | 23091610825455 | 23094377485940 | 23095166879615 | 23097925491145 | 23093218744640 | 23089957401225 | 23081664593060 | 23086453957750 | 23091290977690 | 23107257505695 | 23106254316155 | 23116943581845 | 23116190643920 | 23115641342095 | 23116496342520 | 23116853937125 | 23116246109100 | 23109083587655 |
|              PWR_PKG_ENERGY              |   PWR0  |    365797.8236 |              0 |              0 |              0 |              0 |              0 |              0 |              0 |              0 |              0 |              0 |              0 |              0 |              0 |              0 |              0 |              0 |              0 |              0 |              0 |              0 |              0 |              0 |              0 |              0 |
|              PWR_DRAM_ENERGY             |   PWR3  |     33927.4553 |              0 |              0 |              0 |              0 |              0 |              0 |              0 |              0 |              0 |              0 |              0 |              0 |              0 |              0 |              0 |              0 |              0 |              0 |              0 |              0 |              0 |              0 |              0 |              0 |
| FP_ARITH_INST_RETIRED_128B_PACKED_DOUBLE |   PMC0  |              0 |              0 |              0 |              0 |              0 |              0 |              0 |              0 |              0 |              0 |              0 |              0 |              0 |              0 |              0 |              0 |              0 |              0 |              0 |              0 |              0 |              0 |              0 |              0 |              0 |
|    FP_ARITH_INST_RETIRED_SCALAR_DOUBLE   |   PMC1  |  2593951023348 |  2593950400795 |  2593950413264 |  2593950419793 |  2593950409157 |  2593950395461 |  2593950403852 |  2593950419670 |  2593950398367 |  2593950421018 |  2593950397615 |  2593950398706 |  2593950406473 |  2593950387538 |  2593950382161 |  2593950378601 |  2593950375995 |  2593950388014 |  2593950379300 |  2593950374946 |  2593950381903 |  2593950363032 |  2593950377633 |  2593950358195 |  2593950381723 |
| FP_ARITH_INST_RETIRED_256B_PACKED_DOUBLE |   PMC2  |              0 |              0 |              0 |              0 |              0 |              0 |              0 |              0 |              0 |              0 |              0 |              0 |              0 |              0 |              0 |              0 |              0 |              0 |              0 |              0 |              0 |              0 |              0 |              0 |              0 |
| FP_ARITH_INST_RETIRED_512B_PACKED_DOUBLE |   PMC3  |    62148054513 |    62102760000 |    62102760000 |    62102760000 |    62102760000 |    62102760000 |    62102760000 |    62102760000 |    62102760000 |    62102760000 |    62102760000 |    62102760000 |    62102760000 |    62102760000 |    62102760000 |    62102760000 |    62102760000 |    62102760000 |    62102760000 |    62102760000 |    62102760000 |    62102760000 |    62102760000 |    62102760000 |    62102760000 |
|               CAS_COUNT_RD               | MBOX0C0 |   275657184518 |              0 |              0 |              0 |              0 |              0 |              0 |              0 |              0 |              0 |              0 |              0 |              0 |              0 |              0 |              0 |              0 |              0 |              0 |              0 |              0 |              0 |              0 |              0 |              0 |
|               CAS_COUNT_WR               | MBOX0C1 |   141871520791 |              0 |              0 |              0 |              0 |              0 |              0 |              0 |              0 |              0 |              0 |              0 |              0 |              0 |              0 |              0 |              0 |              0 |              0 |              0 |              0 |              0 |              0 |              0 |              0 |
|               CAS_COUNT_RD               | MBOX1C0 |   275687605276 |              0 |              0 |              0 |              0 |              0 |              0 |              0 |              0 |              0 |              0 |              0 |              0 |              0 |              0 |              0 |              0 |              0 |              0 |              0 |              0 |              0 |              0 |              0 |              0 |
|               CAS_COUNT_WR               | MBOX1C1 |   141866633438 |              0 |              0 |              0 |              0 |              0 |              0 |              0 |              0 |              0 |              0 |              0 |              0 |              0 |              0 |              0 |              0 |              0 |              0 |              0 |              0 |              0 |              0 |              0 |              0 |
|               CAS_COUNT_RD               | MBOX2C0 |   275671636242 |              0 |              0 |              0 |              0 |              0 |              0 |              0 |              0 |              0 |              0 |              0 |              0 |              0 |              0 |              0 |              0 |              0 |              0 |              0 |              0 |              0 |              0 |              0 |              0 |
|               CAS_COUNT_WR               | MBOX2C1 |   141858939609 |              0 |              0 |              0 |              0 |              0 |              0 |              0 |              0 |              0 |              0 |              0 |              0 |              0 |              0 |              0 |              0 |              0 |              0 |              0 |              0 |              0 |              0 |              0 |              0 |
|               CAS_COUNT_RD               | MBOX3C0 |   275690575608 |              0 |              0 |              0 |              0 |              0 |              0 |              0 |              0 |              0 |              0 |              0 |              0 |              0 |              0 |              0 |              0 |              0 |              0 |              0 |              0 |              0 |              0 |              0 |              0 |
|               CAS_COUNT_WR               | MBOX3C1 |   141855975177 |              0 |              0 |              0 |              0 |              0 |              0 |              0 |              0 |              0 |              0 |              0 |              0 |              0 |              0 |              0 |              0 |              0 |              0 |              0 |              0 |              0 |              0 |              0 |              0 |
|               CAS_COUNT_RD               | MBOX4C0 |   102304620247 |              0 |              0 |              0 |              0 |              0 |              0 |              0 |              0 |              0 |              0 |              0 |              0 |              0 |              0 |              0 |              0 |              0 |              0 |              0 |              0 |              0 |              0 |              0 |              0 |
|               CAS_COUNT_WR               | MBOX4C1 |    53428902475 |              0 |              0 |              0 |              0 |              0 |              0 |              0 |              0 |              0 |              0 |              0 |              0 |              0 |              0 |              0 |              0 |              0 |              0 |              0 |              0 |              0 |              0 |              0 |              0 |
|               CAS_COUNT_RD               | MBOX5C0 |   102284771907 |              0 |              0 |              0 |              0 |              0 |              0 |              0 |              0 |              0 |              0 |              0 |              0 |              0 |              0 |              0 |              0 |              0 |              0 |              0 |              0 |              0 |              0 |              0 |              0 |
|               CAS_COUNT_WR               | MBOX5C1 |    53430389773 |              0 |              0 |              0 |              0 |              0 |              0 |              0 |              0 |              0 |              0 |              0 |              0 |              0 |              0 |              0 |              0 |              0 |              0 |              0 |              0 |              0 |              0 |              0 |              0 |
|               CAS_COUNT_RD               | MBOX6C0 |   102279885204 |              0 |              0 |              0 |              0 |              0 |              0 |              0 |              0 |              0 |              0 |              0 |              0 |              0 |              0 |              0 |              0 |              0 |              0 |              0 |              0 |              0 |              0 |              0 |              0 |
|               CAS_COUNT_WR               | MBOX6C1 |    53428389283 |              0 |              0 |              0 |              0 |              0 |              0 |              0 |              0 |              0 |              0 |              0 |              0 |              0 |              0 |              0 |              0 |              0 |              0 |              0 |              0 |              0 |              0 |              0 |              0 |
|               CAS_COUNT_RD               | MBOX7C0 |   102295301620 |              0 |              0 |              0 |              0 |              0 |              0 |              0 |              0 |              0 |              0 |              0 |              0 |              0 |              0 |              0 |              0 |              0 |              0 |              0 |              0 |              0 |              0 |              0 |              0 |
|               CAS_COUNT_WR               | MBOX7C1 |    53433332167 |              0 |              0 |              0 |              0 |              0 |              0 |              0 |              0 |              0 |              0 |              0 |              0 |              0 |              0 |              0 |              0 |              0 |              0 |              0 |              0 |              0 |              0 |              0 |              0 |
+------------------------------------------+---------+----------------+----------------+----------------+----------------+----------------+----------------+----------------+----------------+----------------+----------------+----------------+----------------+----------------+----------------+----------------+----------------+----------------+----------------+----------------+----------------+----------------+----------------+----------------+----------------+----------------+

+-----------------------------------------------+---------+-----------------+----------------+----------------+--------------+
|                     Event                     | Counter |       Sum       |       Min      |       Max      |      Avg     |
+-----------------------------------------------+---------+-----------------+----------------+----------------+--------------+
|             INSTR_RETIRED_ANY STAT            |  FIXC0  | 172810014301723 |  5353160417281 | 10591031738551 | 6.912401e+12 |
|           CPU_CLK_UNHALTED_CORE STAT          |  FIXC1  | 115493697511974 |  4616332918612 |  4623388716369 |      nil     |
|           CPU_CLK_UNHALTED_REF STAT           |  FIXC2  | 115493692145568 |  4616334447456 |  4623384689760 | 4.619748e+12 |
|               TOPDOWN_SLOTS STAT              |  FIXC3  | 577468487559870 | 23081664593060 | 23116943581845 |      nil     |
|              PWR_PKG_ENERGY STAT              |   PWR0  |     365797.8236 |              0 |    365797.8236 |   14631.9129 |
|              PWR_DRAM_ENERGY STAT             |   PWR3  |      33927.4553 |              0 |     33927.4553 |    1357.0982 |
| FP_ARITH_INST_RETIRED_128B_PACKED_DOUBLE STAT |   PMC0  |               0 |              0 |              0 |            0 |
|    FP_ARITH_INST_RETIRED_SCALAR_DOUBLE STAT   |   PMC1  |  64848760436560 |  2593950358195 |  2593951023348 | 2.593950e+12 |
| FP_ARITH_INST_RETIRED_256B_PACKED_DOUBLE STAT |   PMC2  |               0 |              0 |              0 |            0 |
| FP_ARITH_INST_RETIRED_512B_PACKED_DOUBLE STAT |   PMC3  |   1552614294513 |    62102760000 |    62148054513 | 6.210457e+10 |
|               CAS_COUNT_RD STAT               | MBOX0C0 |    275657184518 |              0 |   275657184518 | 1.102629e+10 |
|               CAS_COUNT_WR STAT               | MBOX0C1 |    141871520791 |              0 |   141871520791 | 5.674861e+09 |
|               CAS_COUNT_RD STAT               | MBOX1C0 |    275687605276 |              0 |   275687605276 | 1.102750e+10 |
|               CAS_COUNT_WR STAT               | MBOX1C1 |    141866633438 |              0 |   141866633438 | 5.674665e+09 |
|               CAS_COUNT_RD STAT               | MBOX2C0 |    275671636242 |              0 |   275671636242 | 1.102687e+10 |
|               CAS_COUNT_WR STAT               | MBOX2C1 |    141858939609 |              0 |   141858939609 | 5.674358e+09 |
|               CAS_COUNT_RD STAT               | MBOX3C0 |    275690575608 |              0 |   275690575608 | 1.102762e+10 |
|               CAS_COUNT_WR STAT               | MBOX3C1 |    141855975177 |              0 |   141855975177 | 5.674239e+09 |
|               CAS_COUNT_RD STAT               | MBOX4C0 |    102304620247 |              0 |   102304620247 | 4.092185e+09 |
|               CAS_COUNT_WR STAT               | MBOX4C1 |     53428902475 |              0 |    53428902475 |   2137156099 |
|               CAS_COUNT_RD STAT               | MBOX5C0 |    102284771907 |              0 |   102284771907 | 4.091391e+09 |
|               CAS_COUNT_WR STAT               | MBOX5C1 |     53430389773 |              0 |    53430389773 | 2.137216e+09 |
|               CAS_COUNT_RD STAT               | MBOX6C0 |    102279885204 |              0 |   102279885204 | 4.091195e+09 |
|               CAS_COUNT_WR STAT               | MBOX6C1 |     53428389283 |              0 |    53428389283 | 2.137136e+09 |
|               CAS_COUNT_RD STAT               | MBOX7C0 |    102295301620 |              0 |   102295301620 | 4.091812e+09 |
|               CAS_COUNT_WR STAT               | MBOX7C1 |     53433332167 |              0 |    53433332167 | 2.137333e+09 |
+-----------------------------------------------+---------+-----------------+----------------+----------------+--------------+

+-----------------------------------+-------------+-----------+-----------+-----------+-----------+-----------+-----------+-----------+-----------+-----------+-------------+-------------+-------------+-------------+-------------+-------------+-------------+-------------+-------------+-------------+-------------+-------------+-------------+-------------+-------------+
|               Metric              |  f0314:0:0  | f0314:1:1 | f0314:2:2 | f0314:3:3 | f0314:4:4 | f0314:5:5 | f0314:6:6 | f0314:7:7 | f0314:8:8 | f0314:9:9 | f0314:10:10 | f0314:11:11 | f0314:12:12 | f0314:13:13 | f0314:14:14 | f0314:15:15 | f0314:16:16 | f0314:17:17 | f0314:18:18 | f0314:19:19 | f0314:20:20 | f0314:21:21 | f0314:22:22 | f0314:23:23 | f0314:24:24 |
+-----------------------------------+-------------+-----------+-----------+-----------+-----------+-----------+-----------+-----------+-----------+-----------+-------------+-------------+-------------+-------------+-------------+-------------+-------------+-------------+-------------+-------------+-------------+-------------+-------------+-------------+-------------+
|        Runtime (RDTSC) [s]        |   1936.1950 | 1936.2060 | 1936.2040 | 1936.3320 | 1936.2370 | 1936.2060 | 1936.1950 | 1936.2600 | 1936.2010 | 1936.2200 |   1936.2140 |   1936.2510 |   1936.2640 |   1936.2660 |   1936.2070 |   1936.2490 |   1936.3440 |   1936.1970 |   1936.1970 |   1936.2290 |   1936.1860 |   1936.3390 |   1936.1980 |   1936.2020 |   1936.1830 |
|        Runtime unhalted [s]       |   1928.1917 | 1928.8485 | 1928.2141 | 1929.1119 | 1928.7250 | 1929.0476 | 1928.6288 | 1928.8633 | 1929.0956 | 1929.1547 |   1929.3876 |   1928.9937 |   1928.7262 |   1928.0286 |   1928.4312 |   1928.8360 |   1930.1682 |   1930.0898 |   1930.9765 |   1930.9149 |   1930.8658 |   1930.9389 |   1930.9701 |   1930.9180 |   1930.3215 |
|            Clock [MHz]            |   2394.3219 | 2394.3289 | 2394.3220 | 2394.3179 | 2394.3251 | 2394.3040 | 2394.3255 | 2394.3235 | 2394.3223 | 2394.3297 |   2394.3270 |   2394.3273 |   2394.3215 |   2394.3272 |   2394.3252 |   2394.3232 |   2394.3240 |   2394.3183 |   2394.3288 |   2394.3254 |   2394.3319 |   2394.3276 |   2394.3261 |   2394.3278 |   2394.3266 |
|                CPI                |      0.7306 |    0.8300 |    0.8502 |    0.8372 |    0.8627 |    0.8443 |    0.8476 |    0.8619 |    0.8477 |    0.8628 |      0.8618 |      0.8498 |      0.8564 |      0.8243 |      0.8192 |      0.8284 |      0.8202 |      0.7874 |      0.4431 |      0.4365 |      0.4394 |      0.4467 |      0.4459 |      0.4391 |      0.4508 |
|             Energy [J]            | 365797.8236 |         0 |         0 |         0 |         0 |         0 |         0 |         0 |         0 |         0 |           0 |           0 |           0 |           0 |           0 |           0 |           0 |           0 |           0 |           0 |           0 |           0 |           0 |           0 |           0 |
|             Power [W]             |    188.9261 |         0 |         0 |         0 |         0 |         0 |         0 |         0 |         0 |         0 |           0 |           0 |           0 |           0 |           0 |           0 |           0 |           0 |           0 |           0 |           0 |           0 |           0 |           0 |           0 |
|          Energy DRAM [J]          |  33927.4553 |         0 |         0 |         0 |         0 |         0 |         0 |         0 |         0 |         0 |           0 |           0 |           0 |           0 |           0 |           0 |           0 |           0 |           0 |           0 |           0 |           0 |           0 |           0 |           0 |
|           Power DRAM [W]          |     17.5227 |         0 |         0 |         0 |         0 |         0 |         0 |         0 |         0 |         0 |           0 |           0 |           0 |           0 |           0 |           0 |           0 |           0 |           0 |           0 |           0 |           0 |           0 |           0 |           0 |
|            DP [MFLOP/s]           |   1596.5001 | 1596.3035 | 1596.3052 | 1596.1997 | 1596.2780 | 1596.3035 | 1596.3126 | 1596.2590 | 1596.3077 | 1596.2920 |   1596.2969 |   1596.2664 |   1596.2557 |   1596.2541 |   1596.3027 |   1596.2681 |   1596.1898 |   1596.3109 |   1596.3109 |   1596.2846 |   1596.3200 |   1596.1939 |   1596.3101 |   1596.3068 |   1596.3225 |
|          AVX DP [MFLOP/s]         |    256.7843 |  256.5957 |  256.5959 |  256.5790 |  256.5916 |  256.5957 |  256.5971 |  256.5885 |  256.5963 |  256.5938 |    256.5946 |    256.5897 |    256.5880 |    256.5877 |    256.5955 |    256.5900 |    256.5774 |    256.5969 |    256.5969 |    256.5926 |    256.5983 |    256.5780 |    256.5967 |    256.5962 |    256.5987 |
|          Packed [MUOPS/s]         |     32.0980 |   32.0745 |   32.0745 |   32.0724 |   32.0739 |   32.0745 |   32.0746 |   32.0736 |   32.0745 |   32.0742 |     32.0743 |     32.0737 |     32.0735 |     32.0735 |     32.0744 |     32.0737 |     32.0722 |     32.0746 |     32.0746 |     32.0741 |     32.0748 |     32.0723 |     32.0746 |     32.0745 |     32.0748 |
|          Scalar [MUOPS/s]         |   1339.7158 | 1339.7079 | 1339.7093 | 1339.6207 | 1339.6864 | 1339.7079 | 1339.7155 | 1339.6705 | 1339.7113 | 1339.6982 |   1339.7023 |   1339.6767 |   1339.6677 |   1339.6663 |   1339.7072 |   1339.6781 |   1339.6124 |   1339.7141 |   1339.7141 |   1339.6919 |   1339.7217 |   1339.6158 |   1339.7134 |   1339.7106 |   1339.7238 |
|  Memory read bandwidth [MBytes/s] |  49974.1922 |         0 |         0 |         0 |         0 |         0 |         0 |         0 |         0 |         0 |           0 |           0 |           0 |           0 |           0 |           0 |           0 |           0 |           0 |           0 |           0 |           0 |           0 |           0 |           0 |
|  Memory read data volume [GBytes] |  96759.7812 |         0 |         0 |         0 |         0 |         0 |         0 |         0 |         0 |         0 |           0 |           0 |           0 |           0 |           0 |           0 |           0 |           0 |           0 |           0 |           0 |           0 |           0 |           0 |           0 |
| Memory write bandwidth [MBytes/s] |  25821.3358 |         0 |         0 |         0 |         0 |         0 |         0 |         0 |         0 |         0 |           0 |           0 |           0 |           0 |           0 |           0 |           0 |           0 |           0 |           0 |           0 |           0 |           0 |           0 |           0 |
| Memory write data volume [GBytes] |  49995.1413 |         0 |         0 |         0 |         0 |         0 |         0 |         0 |         0 |         0 |           0 |           0 |           0 |           0 |           0 |           0 |           0 |           0 |           0 |           0 |           0 |           0 |           0 |           0 |           0 |
|    Memory bandwidth [MBytes/s]    |  75795.5281 |         0 |         0 |         0 |         0 |         0 |         0 |         0 |         0 |         0 |           0 |           0 |           0 |           0 |           0 |           0 |           0 |           0 |           0 |           0 |           0 |           0 |           0 |           0 |           0 |
|    Memory data volume [GBytes]    | 146754.9225 |         0 |         0 |         0 |         0 |         0 |         0 |         0 |         0 |         0 |           0 |           0 |           0 |           0 |           0 |           0 |           0 |           0 |           0 |           0 |           0 |           0 |           0 |           0 |           0 |
|       Operational intensity       |      0.0211 |         0 |         0 |         0 |         0 |         0 |         0 |         0 |         0 |         0 |           0 |           0 |           0 |           0 |           0 |           0 |           0 |           0 |           0 |           0 |           0 |           0 |           0 |           0 |           0 |
+-----------------------------------+-------------+-----------+-----------+-----------+-----------+-----------+-----------+-----------+-----------+-----------+-------------+-------------+-------------+-------------+-------------+-------------+-------------+-------------+-------------+-------------+-------------+-------------+-------------+-------------+-------------+

+----------------------------------------+-------------+-----------+-------------+------------+-----------+-----------+-----------+
|                 Metric                 |     Sum     |    Min    |     Max     |     Avg    |  %ile 25  |  %ile 50  |  %ile 75  |
+----------------------------------------+-------------+-----------+-------------+------------+-----------+-----------+-----------+
|        Runtime (RDTSC) [s] STAT        |  48405.7820 | 1936.1830 |   1936.3440 |  1936.2313 | 1936.1970 | 1936.2070 | 1936.2510 |
|        Runtime unhalted [s] STAT       |  48236.4482 | 1928.0286 |   1930.9765 |  1929.4579 | 1928.7250 | 1929.0956 | 1930.3215 |
|            Clock [MHz] STAT            |  59858.1087 | 2394.3040 |   2394.3319 |  2394.3243 | 2394.3220 | 2394.3254 | 2394.3273 |
|                CPI STAT                |     18.1240 |    0.4365 |      0.8628 |     0.7250 |    0.4467 |    0.8284 |    0.8498 |
|             Energy [J] STAT            | 365797.8236 |         0 | 365797.8236 | 14631.9129 |         0 |         0 |         0 |
|             Power [W] STAT             |    188.9261 |         0 |    188.9261 |     7.5570 |         0 |         0 |         0 |
|          Energy DRAM [J] STAT          |  33927.4553 |         0 |  33927.4553 |  1357.0982 |         0 |         0 |         0 |
|           Power DRAM [W] STAT          |     17.5227 |         0 |     17.5227 |     0.7009 |         0 |         0 |         0 |
|            DP [MFLOP/s] STAT           |  39907.2547 | 1596.1898 |   1596.5001 |  1596.2902 | 1596.2590 | 1596.3027 | 1596.3101 |
|          AVX DP [MFLOP/s] STAT         |   6414.9951 |  256.5774 |    256.7843 |   256.5998 |  256.5885 |  256.5955 |  256.5967 |
|          Packed [MUOPS/s] STAT         |    801.8743 |   32.0722 |     32.0980 |    32.0750 |   32.0736 |   32.0744 |   32.0746 |
|          Scalar [MUOPS/s] STAT         |  33492.2596 | 1339.6124 |   1339.7238 |  1339.6904 | 1339.6705 | 1339.7072 | 1339.7134 |
|  Memory read bandwidth [MBytes/s] STAT |  49974.1922 |         0 |  49974.1922 |  1998.9677 |         0 |         0 |         0 |
|  Memory read data volume [GBytes] STAT |  96759.7812 |         0 |  96759.7812 |  3870.3912 |         0 |         0 |         0 |
| Memory write bandwidth [MBytes/s] STAT |  25821.3358 |         0 |  25821.3358 |  1032.8534 |         0 |         0 |         0 |
| Memory write data volume [GBytes] STAT |  49995.1413 |         0 |  49995.1413 |  1999.8057 |         0 |         0 |         0 |
|    Memory bandwidth [MBytes/s] STAT    |  75795.5281 |         0 |  75795.5281 |  3031.8211 |         0 |         0 |         0 |
|    Memory data volume [GBytes] STAT    | 146754.9225 |         0 | 146754.9225 |  5870.1969 |         0 |         0 |         0 |
|       Operational intensity STAT       |      0.0211 |         0 |      0.0211 |     0.0008 |         0 |         0 |         0 |
+----------------------------------------+-------------+-----------+-------------+------------+-----------+-----------+-----------+

