WARN: Cannot extract OpenMP vendor from executable or commandline, assuming no OpenMP
 nx_glob, nz_glob:                  3000                  1250
 dx,dz:    8.00000000000000        8.00000000000000     
 dt:   2.666666666666666E-002
Group: 1
+------------------------------------------+---------+----------------+----------------+----------------+----------------+----------------+----------------+----------------+----------------+----------------+----------------+----------------+----------------+----------------+----------------+----------------+----------------+----------------+----------------+----------------+----------------+----------------+----------------+
|                   Event                  | Counter |    f0314:0:0   |    f0314:1:1   |    f0314:2:2   |    f0314:3:3   |    f0314:4:4   |    f0314:5:5   |    f0314:6:6   |    f0314:7:7   |    f0314:8:8   |    f0314:9:9   |   f0314:10:10  |   f0314:11:11  |   f0314:12:12  |   f0314:13:13  |   f0314:14:14  |   f0314:15:15  |   f0314:16:16  |   f0314:17:17  |   f0314:18:18  |   f0314:19:19  |   f0314:20:20  |   f0314:21:21  |
+------------------------------------------+---------+----------------+----------------+----------------+----------------+----------------+----------------+----------------+----------------+----------------+----------------+----------------+----------------+----------------+----------------+----------------+----------------+----------------+----------------+----------------+----------------+----------------+----------------+
|             INSTR_RETIRED_ANY            |  FIXC0  |  7170435098751 |  6187645266514 |  6148456753537 |  6137025330442 |  6072024517473 |  6181091636705 |  6149768980958 |  6219465644414 |  6432113110717 |  6392128859372 |  6296246481544 |  6064691713661 |  6122941318033 |  6184316077660 |  6095513097418 |  6089585649925 |  6241190389658 |  6073885165795 | 11900292829414 | 11996345426979 | 11861387588726 | 11999553910368 |
|           CPU_CLK_UNHALTED_CORE          |  FIXC1  |  5212508645801 |  5212975384689 |  5213004788813 |  5213181878449 |  5213297296119 |  5213225214871 |  5212231066641 |  5213222357572 |  5213089553861 |  5212167830026 |  5212857231885 |  5212390173529 |  5212286242708 |  5211808406473 |  5212371715838 |  5214112148104 |  5215524304410 |  5215984499183 |  5217327244611 |  5218484880143 |  5218289260684 |  5217888221894 |
|           CPU_CLK_UNHALTED_REF           |  FIXC2  |  5212511958720 |  5212976895168 |  5213004259104 |  5213184421152 |  5213298320064 |  5213222200608 |  5212231074816 |  5213221571808 |  5213088568704 |  5212166657088 |  5212857074592 |  5212391327424 |  5212286248800 |  5211808977792 |  5212371680832 |  5214113043648 |  5215523891616 |  5215982771232 |  5217328395360 |  5218483782432 |  5218291642944 |  5217885643200 |
|               TOPDOWN_SLOTS              |  FIXC3  | 26062543229005 | 26064876923445 | 26065023944065 | 26065909392245 | 26066486480595 | 26066126074355 | 26061155333205 | 26066111787860 | 26065447769305 | 26060839150130 | 26064286159425 | 26061950867645 | 26061431213540 | 26059042032365 | 26061858579190 | 26070560740520 | 26077621522050 | 26079922495915 | 26086636223055 | 26092424400715 | 26091446303420 | 26089441109470 |
|              PWR_PKG_ENERGY              |   PWR0  |    386927.0383 |              0 |              0 |              0 |              0 |              0 |              0 |              0 |              0 |              0 |              0 |              0 |              0 |              0 |              0 |              0 |              0 |              0 |              0 |              0 |              0 |              0 |
|              PWR_DRAM_ENERGY             |   PWR3  |     35223.9499 |              0 |              0 |              0 |              0 |              0 |              0 |              0 |              0 |              0 |              0 |              0 |              0 |              0 |              0 |              0 |              0 |              0 |              0 |              0 |              0 |              0 |
| FP_ARITH_INST_RETIRED_128B_PACKED_DOUBLE |   PMC0  |              0 |              0 |              0 |              0 |              0 |              0 |              0 |              0 |              0 |              0 |              0 |              0 |              0 |              0 |              0 |              0 |              0 |              0 |              0 |              0 |              0 |              0 |
|    FP_ARITH_INST_RETIRED_SCALAR_DOUBLE   |   PMC1  |  2938381167793 |  2959907437741 |  2938380543701 |  2938380545290 |  2959907422595 |  2938380538661 |  2959907429282 |  2938380534285 |  2938380525770 |  2959907431816 |  2938380542776 |  2938380533440 |  2959907420383 |  2938380568383 |  2938380512165 |  2959907407997 |  2938380516719 |  2959907400388 |  2938380512437 |  2938380513735 |  2959907395276 |  2938380508561 |
| FP_ARITH_INST_RETIRED_256B_PACKED_DOUBLE |   PMC2  |              0 |              0 |              0 |              0 |              0 |              0 |              0 |              0 |              0 |              0 |              0 |              0 |              0 |              0 |              0 |              0 |              0 |              0 |              0 |              0 |              0 |              0 |
| FP_ARITH_INST_RETIRED_512B_PACKED_DOUBLE |   PMC3  |    67885809513 |    67165485000 |    67840515000 |    67840515000 |    67165485000 |    67840515000 |    67165485000 |    67840515000 |    67840515000 |    67165485000 |    67840515000 |    67840515000 |    67165485000 |    67840515000 |    67840515000 |    67165485000 |    67840515000 |    67165485000 |    67840515000 |    67840515000 |    67165485000 |    67840515000 |
|               CAS_COUNT_RD               | MBOX0C0 |   307127823454 |              0 |              0 |              0 |              0 |              0 |              0 |              0 |              0 |              0 |              0 |              0 |              0 |              0 |              0 |              0 |              0 |              0 |              0 |              0 |              0 |              0 |
|               CAS_COUNT_WR               | MBOX0C1 |   160577794229 |              0 |              0 |              0 |              0 |              0 |              0 |              0 |              0 |              0 |              0 |              0 |              0 |              0 |              0 |              0 |              0 |              0 |              0 |              0 |              0 |              0 |
|               CAS_COUNT_RD               | MBOX1C0 |   307137573437 |              0 |              0 |              0 |              0 |              0 |              0 |              0 |              0 |              0 |              0 |              0 |              0 |              0 |              0 |              0 |              0 |              0 |              0 |              0 |              0 |              0 |
|               CAS_COUNT_WR               | MBOX1C1 |   160568233470 |              0 |              0 |              0 |              0 |              0 |              0 |              0 |              0 |              0 |              0 |              0 |              0 |              0 |              0 |              0 |              0 |              0 |              0 |              0 |              0 |              0 |
|               CAS_COUNT_RD               | MBOX2C0 |   307204267770 |              0 |              0 |              0 |              0 |              0 |              0 |              0 |              0 |              0 |              0 |              0 |              0 |              0 |              0 |              0 |              0 |              0 |              0 |              0 |              0 |              0 |
|               CAS_COUNT_WR               | MBOX2C1 |   160583097107 |              0 |              0 |              0 |              0 |              0 |              0 |              0 |              0 |              0 |              0 |              0 |              0 |              0 |              0 |              0 |              0 |              0 |              0 |              0 |              0 |              0 |
|               CAS_COUNT_RD               | MBOX3C0 |   307107522328 |              0 |              0 |              0 |              0 |              0 |              0 |              0 |              0 |              0 |              0 |              0 |              0 |              0 |              0 |              0 |              0 |              0 |              0 |              0 |              0 |              0 |
|               CAS_COUNT_WR               | MBOX3C1 |   160569337469 |              0 |              0 |              0 |              0 |              0 |              0 |              0 |              0 |              0 |              0 |              0 |              0 |              0 |              0 |              0 |              0 |              0 |              0 |              0 |              0 |              0 |
|               CAS_COUNT_RD               | MBOX4C0 |    60835210948 |              0 |              0 |              0 |              0 |              0 |              0 |              0 |              0 |              0 |              0 |              0 |              0 |              0 |              0 |              0 |              0 |              0 |              0 |              0 |              0 |              0 |
|               CAS_COUNT_WR               | MBOX4C1 |    33191170050 |              0 |              0 |              0 |              0 |              0 |              0 |              0 |              0 |              0 |              0 |              0 |              0 |              0 |              0 |              0 |              0 |              0 |              0 |              0 |              0 |              0 |
|               CAS_COUNT_RD               | MBOX5C0 |    60849775238 |              0 |              0 |              0 |              0 |              0 |              0 |              0 |              0 |              0 |              0 |              0 |              0 |              0 |              0 |              0 |              0 |              0 |              0 |              0 |              0 |              0 |
|               CAS_COUNT_WR               | MBOX5C1 |    33189205940 |              0 |              0 |              0 |              0 |              0 |              0 |              0 |              0 |              0 |              0 |              0 |              0 |              0 |              0 |              0 |              0 |              0 |              0 |              0 |              0 |              0 |
|               CAS_COUNT_RD               | MBOX6C0 |    60851051827 |              0 |              0 |              0 |              0 |              0 |              0 |              0 |              0 |              0 |              0 |              0 |              0 |              0 |              0 |              0 |              0 |              0 |              0 |              0 |              0 |              0 |
|               CAS_COUNT_WR               | MBOX6C1 |    33189247817 |              0 |              0 |              0 |              0 |              0 |              0 |              0 |              0 |              0 |              0 |              0 |              0 |              0 |              0 |              0 |              0 |              0 |              0 |              0 |              0 |              0 |
|               CAS_COUNT_RD               | MBOX7C0 |    60869383792 |              0 |              0 |              0 |              0 |              0 |              0 |              0 |              0 |              0 |              0 |              0 |              0 |              0 |              0 |              0 |              0 |              0 |              0 |              0 |              0 |              0 |
|               CAS_COUNT_WR               | MBOX7C1 |    33194285058 |              0 |              0 |              0 |              0 |              0 |              0 |              0 |              0 |              0 |              0 |              0 |              0 |              0 |              0 |              0 |              0 |              0 |              0 |              0 |              0 |              0 |
+------------------------------------------+---------+----------------+----------------+----------------+----------------+----------------+----------------+----------------+----------------+----------------+----------------+----------------+----------------+----------------+----------------+----------------+----------------+----------------+----------------+----------------+----------------+----------------+----------------+

+-----------------------------------------------+---------+-----------------+----------------+----------------+--------------+
|                     Event                     | Counter |       Sum       |       Min      |       Max      |      Avg     |
+-----------------------------------------------+---------+-----------------+----------------+----------------+--------------+
|             INSTR_RETIRED_ANY STAT            |  FIXC0  | 160016104848064 |  6064691713661 | 11999553910368 | 7.273459e+12 |
|           CPU_CLK_UNHALTED_CORE STAT          |  FIXC1  | 114708228346304 |  5211808406473 |  5218484880143 | 5.214010e+12 |
|           CPU_CLK_UNHALTED_REF STAT           |  FIXC2  | 114708230407104 |  5211808977792 |  5218483782432 | 5.214010e+12 |
|               TOPDOWN_SLOTS STAT              |  FIXC3  | 573541141731520 | 26059042032365 | 26092424400715 |      nil     |
|              PWR_PKG_ENERGY STAT              |   PWR0  |     386927.0383 |              0 |    386927.0383 |   17587.5927 |
|              PWR_DRAM_ENERGY STAT             |   PWR3  |      35223.9499 |              0 |     35223.9499 |    1601.0886 |
| FP_ARITH_INST_RETIRED_128B_PACKED_DOUBLE STAT |   PMC0  |               0 |              0 |              0 |            0 |
|    FP_ARITH_INST_RETIRED_SCALAR_DOUBLE STAT   |   PMC1  |  64816587409194 |  2938380508561 |  2959907437741 | 2.946209e+12 |
| FP_ARITH_INST_RETIRED_256B_PACKED_DOUBLE STAT |   PMC2  |               0 |              0 |              0 |            0 |
| FP_ARITH_INST_RETIRED_512B_PACKED_DOUBLE STAT |   PMC3  |   1487136384513 |    67165485000 |    67885809513 | 6.759711e+10 |
|               CAS_COUNT_RD STAT               | MBOX0C0 |    307127823454 |              0 |   307127823454 | 1.396036e+10 |
|               CAS_COUNT_WR STAT               | MBOX0C1 |    160577794229 |              0 |   160577794229 | 7.298991e+09 |
|               CAS_COUNT_RD STAT               | MBOX1C0 |    307137573437 |              0 |   307137573437 | 1.396080e+10 |
|               CAS_COUNT_WR STAT               | MBOX1C1 |    160568233470 |              0 |   160568233470 | 7.298556e+09 |
|               CAS_COUNT_RD STAT               | MBOX2C0 |    307204267770 |              0 |   307204267770 | 1.396383e+10 |
|               CAS_COUNT_WR STAT               | MBOX2C1 |    160583097107 |              0 |   160583097107 | 7.299232e+09 |
|               CAS_COUNT_RD STAT               | MBOX3C0 |    307107522328 |              0 |   307107522328 | 1.395943e+10 |
|               CAS_COUNT_WR STAT               | MBOX3C1 |    160569337469 |              0 |   160569337469 | 7.298606e+09 |
|               CAS_COUNT_RD STAT               | MBOX4C0 |     60835210948 |              0 |    60835210948 | 2.765237e+09 |
|               CAS_COUNT_WR STAT               | MBOX4C1 |     33191170050 |              0 |    33191170050 | 1.508690e+09 |
|               CAS_COUNT_RD STAT               | MBOX5C0 |     60849775238 |              0 |    60849775238 | 2.765899e+09 |
|               CAS_COUNT_WR STAT               | MBOX5C1 |     33189205940 |              0 |    33189205940 |   1508600270 |
|               CAS_COUNT_RD STAT               | MBOX6C0 |     60851051827 |              0 |    60851051827 | 2.765957e+09 |
|               CAS_COUNT_WR STAT               | MBOX6C1 |     33189247817 |              0 |    33189247817 | 1.508602e+09 |
|               CAS_COUNT_RD STAT               | MBOX7C0 |     60869383792 |              0 |    60869383792 | 2.766790e+09 |
|               CAS_COUNT_WR STAT               | MBOX7C1 |     33194285058 |              0 |    33194285058 |   1508831139 |
+-----------------------------------------------+---------+-----------------+----------------+----------------+--------------+

+-----------------------------------+-------------+-----------+-----------+-----------+-----------+-----------+-----------+-----------+-----------+-----------+-------------+-------------+-------------+-------------+-------------+-------------+-------------+-------------+-------------+-------------+-------------+-------------+
|               Metric              |  f0314:0:0  | f0314:1:1 | f0314:2:2 | f0314:3:3 | f0314:4:4 | f0314:5:5 | f0314:6:6 | f0314:7:7 | f0314:8:8 | f0314:9:9 | f0314:10:10 | f0314:11:11 | f0314:12:12 | f0314:13:13 | f0314:14:14 | f0314:15:15 | f0314:16:16 | f0314:17:17 | f0314:18:18 | f0314:19:19 | f0314:20:20 | f0314:21:21 |
+-----------------------------------+-------------+-----------+-----------+-----------+-----------+-----------+-----------+-----------+-----------+-----------+-------------+-------------+-------------+-------------+-------------+-------------+-------------+-------------+-------------+-------------+-------------+-------------+
|        Runtime (RDTSC) [s]        |   2185.3520 | 2185.5290 | 2185.3910 | 2185.3590 | 2185.3910 | 2185.4650 | 2185.3940 | 2185.7300 | 2185.4940 | 2185.3940 |   2185.6210 |   2185.3440 |   2185.4250 |   2185.3760 |   2185.3540 |   2185.3590 |   2185.6860 |   2185.3570 |   2185.3850 |   2185.3530 |   2185.3720 |   2185.5480 |
|        Runtime unhalted [s]       |   2177.0544 | 2177.3415 | 2177.2352 | 2177.3077 | 2177.3572 | 2177.4101 | 2176.9114 | 2177.6876 | 2177.3520 | 2176.8879 |   2177.3843 |   2176.9743 |   2176.9353 |   2176.7344 |   2176.9760 |   2177.6984 |   2178.6081 |   2178.4789 |   2179.0396 |   2179.5195 |   2179.4507 |   2179.4472 |
|            Clock [MHz]            |   2394.2926 | 2394.1922 | 2394.3235 | 2394.3236 | 2394.3229 | 2394.2335 | 2394.3239 | 2393.9261 | 2394.2341 | 2394.3213 |   2394.0916 |   2394.3273 |   2394.3230 |   2394.3242 |   2394.3175 |   2394.3221 |   2393.9711 |   2394.3249 |   2394.3237 |   2394.3286 |   2394.3128 |   2394.1350 |
|                CPI                |      0.7269 |    0.8425 |    0.8479 |    0.8495 |    0.8586 |    0.8434 |    0.8475 |    0.8382 |    0.8105 |    0.8154 |      0.8279 |      0.8595 |      0.8513 |      0.8427 |      0.8551 |      0.8562 |      0.8357 |      0.8588 |      0.4384 |      0.4350 |      0.4399 |      0.4348 |
|             Energy [J]            | 386927.0383 |         0 |         0 |         0 |         0 |         0 |         0 |         0 |         0 |         0 |           0 |           0 |           0 |           0 |           0 |           0 |           0 |           0 |           0 |           0 |           0 |           0 |
|             Power [W]             |    177.0548 |         0 |         0 |         0 |         0 |         0 |         0 |         0 |         0 |         0 |           0 |           0 |           0 |           0 |           0 |           0 |           0 |           0 |           0 |           0 |           0 |           0 |
|          Energy DRAM [J]          |  35223.9499 |         0 |         0 |         0 |         0 |         0 |         0 |         0 |         0 |         0 |           0 |           0 |           0 |           0 |           0 |           0 |           0 |           0 |           0 |           0 |           0 |           0 |
|           Power DRAM [W]          |     16.1182 |         0 |         0 |         0 |         0 |         0 |         0 |         0 |         0 |         0 |           0 |           0 |           0 |           0 |           0 |           0 |           0 |           0 |           0 |           0 |           0 |           0 |
|            DP [MFLOP/s]           |   1593.0924 | 1600.1761 | 1592.8979 | 1592.9212 | 1600.2772 | 1592.8439 | 1600.2750 | 1592.6508 | 1592.8228 | 1600.2750 |   1592.7302 |   1592.9321 |   1600.2523 |   1592.9088 |   1592.9248 |   1600.3006 |   1592.6829 |   1600.3020 |   1592.9022 |   1592.9256 |   1600.2911 |   1592.7834 |
|          AVX DP [MFLOP/s]         |    248.5121 |  245.8553 |  248.3419 |  248.3455 |  245.8708 |  248.3335 |  245.8705 |  248.3034 |  248.3302 |  245.8705 |    248.3158 |    248.3472 |    245.8670 |    248.3436 |    248.3461 |    245.8744 |    248.3084 |    245.8746 |    248.3426 |    248.3462 |    245.8730 |    248.3240 |
|          Packed [MUOPS/s]         |     31.0640 |   30.7319 |   31.0427 |   31.0432 |   30.7339 |   31.0417 |   30.7338 |   31.0379 |   31.0413 |   30.7338 |     31.0395 |     31.0434 |     30.7334 |     31.0429 |     31.0433 |     30.7343 |     31.0385 |     30.7343 |     31.0428 |     31.0433 |     30.7341 |     31.0405 |
|          Scalar [MUOPS/s]         |   1344.5803 | 1354.3208 | 1344.5560 | 1344.5757 | 1354.4063 | 1344.5105 | 1354.4045 | 1344.3474 | 1344.4926 | 1354.4045 |   1344.4145 |   1344.5849 |   1354.3853 |   1344.5652 |   1344.5787 |   1354.4262 |   1344.3745 |   1354.4274 |   1344.5597 |   1344.5793 |   1354.4181 |   1344.4594 |
|  Memory read bandwidth [MBytes/s] |  43108.3354 |         0 |         0 |         0 |         0 |         0 |         0 |         0 |         0 |         0 |           0 |           0 |           0 |           0 |           0 |           0 |           0 |           0 |           0 |           0 |           0 |           0 |
|  Memory read data volume [GBytes] |  94206.8870 |         0 |         0 |         0 |         0 |         0 |         0 |         0 |         0 |         0 |           0 |           0 |           0 |           0 |           0 |           0 |           0 |           0 |           0 |           0 |           0 |           0 |
| Memory write bandwidth [MBytes/s] |  22698.3990 |         0 |         0 |         0 |         0 |         0 |         0 |         0 |         0 |         0 |           0 |           0 |           0 |           0 |           0 |           0 |           0 |           0 |           0 |           0 |           0 |           0 |
| Memory write data volume [GBytes] |  49603.9918 |         0 |         0 |         0 |         0 |         0 |         0 |         0 |         0 |         0 |           0 |           0 |           0 |           0 |           0 |           0 |           0 |           0 |           0 |           0 |           0 |           0 |
|    Memory bandwidth [MBytes/s]    |  65806.7344 |         0 |         0 |         0 |         0 |         0 |         0 |         0 |         0 |         0 |           0 |           0 |           0 |           0 |           0 |           0 |           0 |           0 |           0 |           0 |           0 |           0 |
|    Memory data volume [GBytes]    | 143810.8787 |         0 |         0 |         0 |         0 |         0 |         0 |         0 |         0 |         0 |           0 |           0 |           0 |           0 |           0 |           0 |           0 |           0 |           0 |           0 |           0 |           0 |
|       Operational intensity       |      0.0242 |         0 |         0 |         0 |         0 |         0 |         0 |         0 |         0 |         0 |           0 |           0 |           0 |           0 |           0 |           0 |           0 |           0 |           0 |           0 |           0 |           0 |
+-----------------------------------+-------------+-----------+-----------+-----------+-----------+-----------+-----------+-----------+-----------+-----------+-------------+-------------+-------------+-------------+-------------+-------------+-------------+-------------+-------------+-------------+-------------+-------------+

+----------------------------------------+-------------+-----------+-------------+------------+-----------+-----------+-----------+
|                 Metric                 |     Sum     |    Min    |     Max     |     Avg    |  %ile 25  |  %ile 50  |  %ile 75  |
+----------------------------------------+-------------+-----------+-------------+------------+-----------+-----------+-----------+
|        Runtime (RDTSC) [s] STAT        |  48079.6790 | 2185.3440 |   2185.7300 |  2185.4400 | 2185.3590 | 2185.3910 | 2185.4940 |
|        Runtime unhalted [s] STAT       |  47909.7917 | 2176.7344 |   2179.5195 |  2177.7178 | 2176.9760 | 2177.3520 | 2178.4789 |
|            Clock [MHz] STAT            |  52673.5955 | 2393.9261 |   2394.3286 |  2394.2543 | 2394.2335 | 2394.3213 | 2394.3237 |
|                CPI STAT                |     16.8157 |    0.4348 |      0.8595 |     0.7643 |    0.8105 |    0.8425 |    0.8513 |
|             Energy [J] STAT            | 386927.0383 |         0 | 386927.0383 | 17587.5927 |         0 |         0 |         0 |
|             Power [W] STAT             |    177.0548 |         0 |    177.0548 |     8.0479 |         0 |         0 |         0 |
|          Energy DRAM [J] STAT          |  35223.9499 |         0 |  35223.9499 |  1601.0886 |         0 |         0 |         0 |
|           Power DRAM [W] STAT          |     16.1182 |         0 |     16.1182 |     0.7326 |         0 |         0 |         0 |
|            DP [MFLOP/s] STAT           |  35102.1683 | 1592.6508 |   1600.3020 |  1595.5531 | 1592.8439 | 1592.9248 | 1600.2750 |
|          AVX DP [MFLOP/s] STAT         |   5443.7966 |  245.8553 |    248.5121 |   247.4453 |  245.8730 |  248.3158 |  248.3436 |
|          Packed [MUOPS/s] STAT         |    680.4745 |   30.7319 |     31.0640 |    30.9307 |   30.7341 |   31.0395 |   31.0429 |
|          Scalar [MUOPS/s] STAT         |  29658.3718 | 1344.3474 |   1354.4274 |  1348.1078 | 1344.5105 | 1344.5787 | 1354.4045 |
|  Memory read bandwidth [MBytes/s] STAT |  43108.3354 |         0 |  43108.3354 |  1959.4698 |         0 |         0 |         0 |
|  Memory read data volume [GBytes] STAT |  94206.8870 |         0 |  94206.8870 |  4282.1312 |         0 |         0 |         0 |
| Memory write bandwidth [MBytes/s] STAT |  22698.3990 |         0 |  22698.3990 |  1031.7454 |         0 |         0 |         0 |
| Memory write data volume [GBytes] STAT |  49603.9918 |         0 |  49603.9918 |  2254.7269 |         0 |         0 |         0 |
|    Memory bandwidth [MBytes/s] STAT    |  65806.7344 |         0 |  65806.7344 |  2991.2152 |         0 |         0 |         0 |
|    Memory data volume [GBytes] STAT    | 143810.8787 |         0 | 143810.8787 |  6536.8581 |         0 |         0 |         0 |
|       Operational intensity STAT       |      0.0242 |         0 |      0.0242 |     0.0011 |         0 |         0 |         0 |
+----------------------------------------+-------------+-----------+-------------+------------+-----------+-----------+-----------+

