WARN: Cannot extract OpenMP vendor from executable or commandline, assuming no OpenMP
 nx_glob, nz_glob:                  3000                  1250
 dx,dz:    8.00000000000000        8.00000000000000     
 dt:   2.666666666666666E-002
Group: 1
+------------------------------------------+---------+----------------+----------------+----------------+----------------+----------------+----------------+----------------+----------------+----------------+----------------+----------------+----------------+----------------+----------------+----------------+----------------+----------------+----------------+----------------+----------------+----------------+----------------+----------------+----------------+----------------+----------------+----------------+----------------+----------------+----------------+----------------+----------------+----------------+----------------+----------------+----------------+----------------+----------------+----------------+----------------+----------------+----------------+----------------+----------------+----------------+
|                   Event                  | Counter |    f0314:0:0   |    f0314:1:1   |    f0314:2:2   |    f0314:3:3   |    f0314:4:4   |    f0314:5:5   |    f0314:6:6   |    f0314:7:7   |    f0314:8:8   |    f0314:9:9   |   f0314:10:10  |   f0314:11:11  |   f0314:12:12  |   f0314:13:13  |   f0314:14:14  |   f0314:15:15  |   f0314:16:16  |   f0314:17:17  |   f0314:18:18  |   f0314:19:19  |   f0314:20:20  |   f0314:21:21  |   f0314:22:22  |   f0314:23:23  |   f0314:24:24  |   f0314:25:25  |   f0314:26:26  |   f0314:27:27  |   f0314:28:28  |   f0314:29:29  |   f0314:30:30  |   f0314:31:31  |   f0314:32:32  |   f0314:33:33  |   f0314:34:34  |   f0314:35:35  |   f0314:36:36  |   f0314:37:37  |   f0314:38:38  |   f0314:39:39  |   f0314:40:40  |   f0314:41:41  |   f0314:42:42  |   f0314:43:43  |   f0314:44:44  |
+------------------------------------------+---------+----------------+----------------+----------------+----------------+----------------+----------------+----------------+----------------+----------------+----------------+----------------+----------------+----------------+----------------+----------------+----------------+----------------+----------------+----------------+----------------+----------------+----------------+----------------+----------------+----------------+----------------+----------------+----------------+----------------+----------------+----------------+----------------+----------------+----------------+----------------+----------------+----------------+----------------+----------------+----------------+----------------+----------------+----------------+----------------+----------------+
|             INSTR_RETIRED_ANY            |  FIXC0  |  3080015146821 |  3065457493008 |  3079169293678 |  3221555983472 |  3979492755156 |  3433672481859 |  3217902341849 |  3522758152460 |  3075215999944 |  3080872859430 |  3401963317365 |  3096442187143 |  3134077796937 |  3407361548295 |  3068302385022 |  3090648695638 |  3481426896928 |  3068668411271 |  5259691902137 |  5294173894384 |  5072336322745 |  5291288222989 |  5352501496087 |  5120891062354 |  5233504810767 |  5369164466574 |  5293752155571 |  5231445625081 |  5386098021305 |  5291867898227 |  5169751482736 |  5266816455574 |  5151947875347 |  5141123098976 |  5196250849410 |  5176389871202 |  6085562391183 |  6190243899572 |  6079179306523 |  6077710494535 |  6209164442370 |  6165645860230 |  6043417889494 |  6287168391971 |  6171666289585 |
|           CPU_CLK_UNHALTED_CORE          |  FIXC1  |  2609020959165 |  2611083206643 |  2610981449671 |  2611254352479 |  2610533254740 |  2610850615039 |  2609992199980 |  2611033000957 |  2611530281731 |  2611003916627 |  2610965472337 |  2610934033699 |  2610957769387 |  2610582975066 |  2611304504542 |  2611605462509 |  2611715379410 |  2611850721248 |  2611842090552 |  2611697099906 |  2611632773493 |  2611391144360 |  2611847195045 |  2611550263244 |  2611423646470 |  2611585300718 |  2611708074348 |  2610454409810 |  2611654059547 |  2611461127981 |  2609830596369 |  2611932652544 |  2611207708180 |  2611555347081 |  2612002403408 |  2611589272128 |  2612538714073 |  2612738484929 |  2612761474494 |  2612269204012 |  2612589457263 |  2612619479569 |  2612712306890 |  2612700400847 |  2612649014372 |
|           CPU_CLK_UNHALTED_REF           |  FIXC2  |  2609022546432 |  2611084255392 |  2610981946464 |  2611254911424 |  2610533685408 |  2610850284288 |  2609993294112 |  2611033610112 |  2611529760576 |  2611004167968 |  2610965596416 |  2610935342304 |  2610958426176 |  2610583378560 |  2611305112608 |  2611606481280 |  2611715753952 |  2611852194144 |  2611842618624 |  2611697343552 |  2611631898912 |  2611389936000 |  2611847528832 |  2611550470080 |  2611422656352 |  2611584812160 |  2611707764640 |  2610453146016 |  2611653423744 |  2611462161120 |  2609829527232 |  2611933156704 |  2611207114368 |  2611556106240 |  2612003139648 |  2611588704288 |  2612534853792 |  2612738004000 |  2612760642432 |  2612268057792 |  2612588411040 |  2612618345856 |  2612710655520 |  2612698687968 |  2612649679584 |
|               TOPDOWN_SLOTS              |  FIXC3  | 13045104795825 | 13055416033215 | 13054907248355 | 13056271762395 | 13052666273700 | 13054253075195 | 13049960999900 | 13055165004785 | 13057651408655 | 13055019583135 | 13054827361685 | 13054670168495 | 13054788846935 | 13052914875330 | 13056522522710 | 13058027312545 | 13058576897050 | 13059253606240 | 13059210452760 | 13058485499530 | 13058163867465 | 13056955721800 | 13059235975225 | 13057751316220 | 13057118232350 | 13057926503590 | 13058540371740 | 13052272049050 | 13058270297735 | 13057305639905 | 13049152981845 | 13059663262720 | 13056038540900 | 13057776735405 | 13060012017040 | 13057946360640 | 13062693570365 | 13063692424645 | 13063807372470 | 13061346020060 | 13062947286315 | 13063097397845 | 13063561534450 | 13063502004235 | 13063245071860 |
|              PWR_PKG_ENERGY              |   PWR0  |    254786.3565 |              0 |              0 |              0 |              0 |              0 |              0 |              0 |              0 |              0 |              0 |              0 |              0 |              0 |              0 |              0 |              0 |              0 |              0 |              0 |              0 |              0 |              0 |              0 |              0 |              0 |              0 |              0 |              0 |              0 |              0 |              0 |              0 |              0 |              0 |              0 |    145295.3177 |              0 |              0 |              0 |              0 |              0 |              0 |              0 |              0 |
|              PWR_DRAM_ENERGY             |   PWR3  |     23465.3582 |              0 |              0 |              0 |              0 |              0 |              0 |              0 |              0 |              0 |              0 |              0 |              0 |              0 |              0 |              0 |              0 |              0 |              0 |              0 |              0 |              0 |              0 |              0 |              0 |              0 |              0 |              0 |              0 |              0 |              0 |              0 |              0 |              0 |              0 |              0 |     12357.1782 |              0 |              0 |              0 |              0 |              0 |              0 |              0 |              0 |
| FP_ARITH_INST_RETIRED_128B_PACKED_DOUBLE |   PMC0  |              0 |              0 |              0 |              0 |              0 |              0 |              0 |              0 |              0 |              0 |              0 |              0 |              0 |              0 |              0 |              0 |              0 |              0 |              0 |              0 |              0 |              0 |              0 |              0 |              0 |              0 |              0 |              0 |              0 |              0 |              0 |              0 |              0 |              0 |              0 |              0 |              0 |              0 |              0 |              0 |              0 |              0 |              0 |              0 |              0 |
|    FP_ARITH_INST_RETIRED_SCALAR_DOUBLE   |   PMC1  |  1453026358604 |  1431498863745 |  1453025723810 |  1453025761844 |  1431498864349 |  1453025771927 |  1453025741530 |  1431498852455 |  1453025670868 |  1453025718920 |  1431498778354 |  1453025668809 |  1453025654731 |  1431498763467 |  1453025638482 |  1453025636730 |  1431498747545 |  1453025659403 |  1453025616222 |  1431498744493 |  1453025603553 |  1453025638034 |  1431498714937 |  1453025612143 |  1453025591171 |  1431498709278 |  1453025591782 |  1453025546968 |  1431498691840 |  1453025579200 |  1453025545615 |  1431498691120 |  1453025539883 |  1453025529428 |  1431498668899 |  1453025524400 |  1453025582089 |  1431498621826 |  1453025505703 |  1453025539685 |  1431498606470 |  1453025503352 |  1453025479604 |  1431498611539 |  1453025529691 |
| FP_ARITH_INST_RETIRED_256B_PACKED_DOUBLE |   PMC2  |              0 |              0 |              0 |              0 |              0 |              0 |              0 |              0 |              0 |              0 |              0 |              0 |              0 |              0 |              0 |              0 |              0 |              0 |              0 |              0 |              0 |              0 |              0 |              0 |              0 |              0 |              0 |              0 |              0 |              0 |              0 |              0 |              0 |              0 |              0 |              0 |              0 |              0 |              0 |              0 |              0 |              0 |              0 |              0 |              0 |
| FP_ARITH_INST_RETIRED_512B_PACKED_DOUBLE |   PMC3  |    41433003885 |    39320497500 |    41387709372 |    41387709372 |    39320497500 |    41387709372 |    41387709372 |    39320497500 |    41387709372 |    41387709372 |    39320497500 |    41387709372 |    41387709372 |    39320497500 |    41387709372 |    41387709372 |    39320497500 |    41387709372 |    41387709372 |    39320497500 |    41387709372 |    41387709372 |    39320497500 |    41387709372 |    41387709372 |    39320497500 |    41387709372 |    41387709372 |    39320497500 |    41387709372 |    41387709372 |    39320497500 |    41387709372 |    41387709372 |    39320497500 |    41387709372 |    41387709372 |    39320497500 |    41387709372 |    41387709372 |    39320497500 |    41387709372 |    41387709372 |    39320497500 |    41387709372 |
|               CAS_COUNT_RD               | MBOX0C0 |   156664614623 |              0 |              0 |              0 |              0 |              0 |              0 |              0 |              0 |              0 |              0 |              0 |              0 |              0 |              0 |              0 |              0 |              0 |              0 |              0 |              0 |              0 |              0 |              0 |              0 |              0 |              0 |              0 |              0 |              0 |              0 |              0 |              0 |              0 |              0 |              0 |    66196380718 |              0 |              0 |              0 |              0 |              0 |              0 |              0 |              0 |
|               CAS_COUNT_WR               | MBOX0C1 |    80190780164 |              0 |              0 |              0 |              0 |              0 |              0 |              0 |              0 |              0 |              0 |              0 |              0 |              0 |              0 |              0 |              0 |              0 |              0 |              0 |              0 |              0 |              0 |              0 |              0 |              0 |              0 |              0 |              0 |              0 |              0 |              0 |              0 |              0 |              0 |              0 |    37210032379 |              0 |              0 |              0 |              0 |              0 |              0 |              0 |              0 |
|               CAS_COUNT_RD               | MBOX1C0 |   156701352904 |              0 |              0 |              0 |              0 |              0 |              0 |              0 |              0 |              0 |              0 |              0 |              0 |              0 |              0 |              0 |              0 |              0 |              0 |              0 |              0 |              0 |              0 |              0 |              0 |              0 |              0 |              0 |              0 |              0 |              0 |              0 |              0 |              0 |              0 |              0 |    66214433498 |              0 |              0 |              0 |              0 |              0 |              0 |              0 |              0 |
|               CAS_COUNT_WR               | MBOX1C1 |    80200646034 |              0 |              0 |              0 |              0 |              0 |              0 |              0 |              0 |              0 |              0 |              0 |              0 |              0 |              0 |              0 |              0 |              0 |              0 |              0 |              0 |              0 |              0 |              0 |              0 |              0 |              0 |              0 |              0 |              0 |              0 |              0 |              0 |              0 |              0 |              0 |    37203255980 |              0 |              0 |              0 |              0 |              0 |              0 |              0 |              0 |
|               CAS_COUNT_RD               | MBOX2C0 |   156712555955 |              0 |              0 |              0 |              0 |              0 |              0 |              0 |              0 |              0 |              0 |              0 |              0 |              0 |              0 |              0 |              0 |              0 |              0 |              0 |              0 |              0 |              0 |              0 |              0 |              0 |              0 |              0 |              0 |              0 |              0 |              0 |              0 |              0 |              0 |              0 |    66188647841 |              0 |              0 |              0 |              0 |              0 |              0 |              0 |              0 |
|               CAS_COUNT_WR               | MBOX2C1 |    80197897973 |              0 |              0 |              0 |              0 |              0 |              0 |              0 |              0 |              0 |              0 |              0 |              0 |              0 |              0 |              0 |              0 |              0 |              0 |              0 |              0 |              0 |              0 |              0 |              0 |              0 |              0 |              0 |              0 |              0 |              0 |              0 |              0 |              0 |              0 |              0 |    37204619203 |              0 |              0 |              0 |              0 |              0 |              0 |              0 |              0 |
|               CAS_COUNT_RD               | MBOX3C0 |   156737787945 |              0 |              0 |              0 |              0 |              0 |              0 |              0 |              0 |              0 |              0 |              0 |              0 |              0 |              0 |              0 |              0 |              0 |              0 |              0 |              0 |              0 |              0 |              0 |              0 |              0 |              0 |              0 |              0 |              0 |              0 |              0 |              0 |              0 |              0 |              0 |    66226691853 |              0 |              0 |              0 |              0 |              0 |              0 |              0 |              0 |
|               CAS_COUNT_WR               | MBOX3C1 |    80202792233 |              0 |              0 |              0 |              0 |              0 |              0 |              0 |              0 |              0 |              0 |              0 |              0 |              0 |              0 |              0 |              0 |              0 |              0 |              0 |              0 |              0 |              0 |              0 |              0 |              0 |              0 |              0 |              0 |              0 |              0 |              0 |              0 |              0 |              0 |              0 |    37206607991 |              0 |              0 |              0 |              0 |              0 |              0 |              0 |              0 |
|               CAS_COUNT_RD               | MBOX4C0 |   156187029939 |              0 |              0 |              0 |              0 |              0 |              0 |              0 |              0 |              0 |              0 |              0 |              0 |              0 |              0 |              0 |              0 |              0 |              0 |              0 |              0 |              0 |              0 |              0 |              0 |              0 |              0 |              0 |              0 |              0 |              0 |              0 |              0 |              0 |              0 |              0 |       27533508 |              0 |              0 |              0 |              0 |              0 |              0 |              0 |              0 |
|               CAS_COUNT_WR               | MBOX4C1 |    80269650597 |              0 |              0 |              0 |              0 |              0 |              0 |              0 |              0 |              0 |              0 |              0 |              0 |              0 |              0 |              0 |              0 |              0 |              0 |              0 |              0 |              0 |              0 |              0 |              0 |              0 |              0 |              0 |              0 |              0 |              0 |              0 |              0 |              0 |              0 |              0 |       10776761 |              0 |              0 |              0 |              0 |              0 |              0 |              0 |              0 |
|               CAS_COUNT_RD               | MBOX5C0 |   156181966782 |              0 |              0 |              0 |              0 |              0 |              0 |              0 |              0 |              0 |              0 |              0 |              0 |              0 |              0 |              0 |              0 |              0 |              0 |              0 |              0 |              0 |              0 |              0 |              0 |              0 |              0 |              0 |              0 |              0 |              0 |              0 |              0 |              0 |              0 |              0 |       32289027 |              0 |              0 |              0 |              0 |              0 |              0 |              0 |              0 |
|               CAS_COUNT_WR               | MBOX5C1 |    80262028139 |              0 |              0 |              0 |              0 |              0 |              0 |              0 |              0 |              0 |              0 |              0 |              0 |              0 |              0 |              0 |              0 |              0 |              0 |              0 |              0 |              0 |              0 |              0 |              0 |              0 |              0 |              0 |              0 |              0 |              0 |              0 |              0 |              0 |              0 |              0 |       12926940 |              0 |              0 |              0 |              0 |              0 |              0 |              0 |              0 |
|               CAS_COUNT_RD               | MBOX6C0 |   156155880058 |              0 |              0 |              0 |              0 |              0 |              0 |              0 |              0 |              0 |              0 |              0 |              0 |              0 |              0 |              0 |              0 |              0 |              0 |              0 |              0 |              0 |              0 |              0 |              0 |              0 |              0 |              0 |              0 |              0 |              0 |              0 |              0 |              0 |              0 |              0 |       25754835 |              0 |              0 |              0 |              0 |              0 |              0 |              0 |              0 |
|               CAS_COUNT_WR               | MBOX6C1 |    80266510807 |              0 |              0 |              0 |              0 |              0 |              0 |              0 |              0 |              0 |              0 |              0 |              0 |              0 |              0 |              0 |              0 |              0 |              0 |              0 |              0 |              0 |              0 |              0 |              0 |              0 |              0 |              0 |              0 |              0 |              0 |              0 |              0 |              0 |              0 |              0 |       12844662 |              0 |              0 |              0 |              0 |              0 |              0 |              0 |              0 |
|               CAS_COUNT_RD               | MBOX7C0 |   156192190799 |              0 |              0 |              0 |              0 |              0 |              0 |              0 |              0 |              0 |              0 |              0 |              0 |              0 |              0 |              0 |              0 |              0 |              0 |              0 |              0 |              0 |              0 |              0 |              0 |              0 |              0 |              0 |              0 |              0 |              0 |              0 |              0 |              0 |              0 |              0 |       31332131 |              0 |              0 |              0 |              0 |              0 |              0 |              0 |              0 |
|               CAS_COUNT_WR               | MBOX7C1 |    80254211531 |              0 |              0 |              0 |              0 |              0 |              0 |              0 |              0 |              0 |              0 |              0 |              0 |              0 |              0 |              0 |              0 |              0 |              0 |              0 |              0 |              0 |              0 |              0 |              0 |              0 |              0 |              0 |              0 |              0 |              0 |              0 |              0 |              0 |              0 |              0 |       13934641 |              0 |              0 |              0 |              0 |              0 |              0 |              0 |              0 |
+------------------------------------------+---------+----------------+----------------+----------------+----------------+----------------+----------------+----------------+----------------+----------------+----------------+----------------+----------------+----------------+----------------+----------------+----------------+----------------+----------------+----------------+----------------+----------------+----------------+----------------+----------------+----------------+----------------+----------------+----------------+----------------+----------------+----------------+----------------+----------------+----------------+----------------+----------------+----------------+----------------+----------------+----------------+----------------+----------------+----------------+----------------+----------------+

+-----------------------------------------------+---------+-----------------+----------------+----------------+--------------+
|                     Event                     | Counter |       Sum       |       Min      |       Max      |      Avg     |
+-----------------------------------------------+---------+-----------------+----------------+----------------+--------------+
|             INSTR_RETIRED_ANY STAT            |  FIXC0  | 208113758223205 |  3065457493008 |  6287168391971 | 4.624750e+12 |
|           CPU_CLK_UNHALTED_CORE STAT          |  FIXC1  | 117517143256863 |  2609020959165 |  2612761474494 | 2.611492e+12 |
|           CPU_CLK_UNHALTED_REF STAT           |  FIXC2  | 117517139594112 |  2609022546432 |  2612760642432 | 2.611492e+12 |
|               TOPDOWN_SLOTS STAT              |  FIXC3  | 587585716284315 | 13045104795825 | 13063807372470 |      nil     |
|              PWR_PKG_ENERGY STAT              |   PWR0  |     400081.6742 |              0 |    254786.3565 |    8890.7039 |
|              PWR_DRAM_ENERGY STAT             |   PWR3  |      35822.5364 |              0 |     23465.3582 |     796.0564 |
| FP_ARITH_INST_RETIRED_128B_PACKED_DOUBLE STAT |   PMC0  |               0 |              0 |              0 |            0 |
|    FP_ARITH_INST_RETIRED_SCALAR_DOUBLE STAT   |   PMC1  |  65063249994498 |  1431498606470 |  1453026358604 | 1.445850e+12 |
| FP_ARITH_INST_RETIRED_256B_PACKED_DOUBLE STAT |   PMC2  |               0 |              0 |              0 |            0 |
| FP_ARITH_INST_RETIRED_512B_PACKED_DOUBLE STAT |   PMC3  |   1831484038173 |    39320497500 |    41433003885 | 4.069965e+10 |
|               CAS_COUNT_RD STAT               | MBOX0C0 |    222860995341 |              0 |   156664614623 | 4.952467e+09 |
|               CAS_COUNT_WR STAT               | MBOX0C1 |    117400812543 |              0 |    80190780164 | 2.608907e+09 |
|               CAS_COUNT_RD STAT               | MBOX1C0 |    222915786402 |              0 |   156701352904 | 4.953684e+09 |
|               CAS_COUNT_WR STAT               | MBOX1C1 |    117403902014 |              0 |    80200646034 | 2.608976e+09 |
|               CAS_COUNT_RD STAT               | MBOX2C0 |    222901203796 |              0 |   156712555955 | 4.953360e+09 |
|               CAS_COUNT_WR STAT               | MBOX2C1 |    117402517176 |              0 |    80197897973 | 2.608945e+09 |
|               CAS_COUNT_RD STAT               | MBOX3C0 |    222964479798 |              0 |   156737787945 | 4.954766e+09 |
|               CAS_COUNT_WR STAT               | MBOX3C1 |    117409400224 |              0 |    80202792233 | 2.609098e+09 |
|               CAS_COUNT_RD STAT               | MBOX4C0 |    156214563447 |              0 |   156187029939 | 3.471435e+09 |
|               CAS_COUNT_WR STAT               | MBOX4C1 |     80280427358 |              0 |    80269650597 | 1.784009e+09 |
|               CAS_COUNT_RD STAT               | MBOX5C0 |    156214255809 |              0 |   156181966782 | 3.471428e+09 |
|               CAS_COUNT_WR STAT               | MBOX5C1 |     80274955079 |              0 |    80262028139 | 1.783888e+09 |
|               CAS_COUNT_RD STAT               | MBOX6C0 |    156181634893 |              0 |   156155880058 | 3.470703e+09 |
|               CAS_COUNT_WR STAT               | MBOX6C1 |     80279355469 |              0 |    80266510807 | 1.783986e+09 |
|               CAS_COUNT_RD STAT               | MBOX7C0 |    156223522930 |              0 |   156192190799 | 3.471634e+09 |
|               CAS_COUNT_WR STAT               | MBOX7C1 |     80268146172 |              0 |    80254211531 | 1.783737e+09 |
+-----------------------------------------------+---------+-----------------+----------------+----------------+--------------+

+-----------------------------------+-------------+-----------+-----------+-----------+-----------+-----------+-----------+-----------+-----------+-----------+-------------+-------------+-------------+-------------+-------------+-------------+-------------+-------------+-------------+-------------+-------------+-------------+-------------+-------------+-------------+-------------+-------------+-------------+-------------+-------------+-------------+-------------+-------------+-------------+-------------+-------------+-------------+-------------+-------------+-------------+-------------+-------------+-------------+-------------+-------------+
|               Metric              |  f0314:0:0  | f0314:1:1 | f0314:2:2 | f0314:3:3 | f0314:4:4 | f0314:5:5 | f0314:6:6 | f0314:7:7 | f0314:8:8 | f0314:9:9 | f0314:10:10 | f0314:11:11 | f0314:12:12 | f0314:13:13 | f0314:14:14 | f0314:15:15 | f0314:16:16 | f0314:17:17 | f0314:18:18 | f0314:19:19 | f0314:20:20 | f0314:21:21 | f0314:22:22 | f0314:23:23 | f0314:24:24 | f0314:25:25 | f0314:26:26 | f0314:27:27 | f0314:28:28 | f0314:29:29 | f0314:30:30 | f0314:31:31 | f0314:32:32 | f0314:33:33 | f0314:34:34 | f0314:35:35 | f0314:36:36 | f0314:37:37 | f0314:38:38 | f0314:39:39 | f0314:40:40 | f0314:41:41 | f0314:42:42 | f0314:43:43 | f0314:44:44 |
+-----------------------------------+-------------+-----------+-----------+-----------+-----------+-----------+-----------+-----------+-----------+-----------+-------------+-------------+-------------+-------------+-------------+-------------+-------------+-------------+-------------+-------------+-------------+-------------+-------------+-------------+-------------+-------------+-------------+-------------+-------------+-------------+-------------+-------------+-------------+-------------+-------------+-------------+-------------+-------------+-------------+-------------+-------------+-------------+-------------+-------------+-------------+
|        Runtime (RDTSC) [s]        |   1096.0140 | 1095.8980 | 1096.1500 | 1096.0910 | 1095.8820 | 1096.2550 | 1095.9470 | 1095.9140 | 1096.1380 | 1095.9130 |   1096.1570 |   1095.9140 |   1095.8900 |   1095.8990 |   1095.9920 |   1095.9300 |   1096.0080 |   1095.9100 |   1095.9050 |   1095.9400 |   1095.8850 |   1095.8950 |   1096.4160 |   1096.1340 |   1095.8940 |   1095.8930 |   1096.0730 |   1096.0470 |   1095.8920 |   1096.1160 |   1095.9100 |   1095.8990 |   1095.8970 |   1095.9800 |   1095.8950 |   1095.8840 |   1096.0730 |   1095.9610 |   1095.8870 |   1096.0750 |   1095.8900 |   1095.8810 |   1095.8920 |   1096.0630 |   1096.0380 |
|        Runtime unhalted [s]       |   1089.6884 | 1090.5312 | 1090.7094 | 1090.6336 | 1090.3001 | 1090.7170 | 1090.0753 | 1090.5097 | 1090.7153 | 1090.4964 |   1090.4792 |   1090.4844 |   1090.4774 |   1090.3212 |   1090.6232 |   1090.7490 |   1090.9025 |   1090.8517 |   1090.8453 |   1090.7882 |   1090.7594 |   1090.6589 |   1091.1672 |   1090.7252 |   1090.6742 |   1090.7393 |   1090.9731 |   1090.2750 |   1090.7694 |   1090.6868 |   1090.0075 |   1090.8848 |   1090.5828 |   1090.8085 |   1090.9140 |   1090.7431 |   1091.2434 |   1091.2211 |   1091.2315 |   1091.0567 |   1091.1600 |   1091.1706 |   1091.2102 |   1091.3391 |   1091.3070 |
|            Clock [MHz]            |   2394.2802 | 2394.3214 | 2393.8375 | 2394.2540 | 2394.3250 | 2393.7015 | 2394.3217 | 2394.3229 | 2394.3286 | 2394.3257 |   2394.3284 |   2394.2871 |   2394.3247 |   2394.3243 |   2394.3227 |   2394.3221 |   2394.0865 |   2394.3210 |   2394.3282 |   2394.3208 |   2394.3260 |   2394.3255 |   2393.6265 |   2394.3244 |   2394.3214 |   2394.3264 |   2393.9255 |   2394.3094 |   2394.3233 |   2394.3264 |   2394.3245 |   2394.3245 |   2394.3237 |   2394.1459 |   2394.3241 |   2394.3218 |   2394.0970 |   2394.3259 |   2394.3245 |   2394.2572 |   2394.3240 |   2394.3283 |   2394.3269 |   2394.0334 |   2394.0545 |
|                CPI                |      0.8471 |    0.8518 |    0.8479 |    0.8106 |    0.6560 |    0.7604 |    0.8111 |    0.7412 |    0.8492 |    0.8475 |      0.7675 |      0.8432 |      0.8331 |      0.7662 |      0.8511 |      0.8450 |      0.7502 |      0.8511 |      0.4966 |      0.4933 |      0.5149 |      0.4935 |      0.4880 |      0.5100 |      0.4990 |      0.4864 |      0.4934 |      0.4990 |      0.4849 |      0.4935 |      0.5048 |      0.4959 |      0.5068 |      0.5080 |      0.5027 |      0.5045 |      0.4293 |      0.4221 |      0.4298 |      0.4298 |      0.4208 |      0.4237 |      0.4323 |      0.4156 |      0.4233 |
|             Energy [J]            | 254786.3565 |         0 |         0 |         0 |         0 |         0 |         0 |         0 |         0 |         0 |           0 |           0 |           0 |           0 |           0 |           0 |           0 |           0 |           0 |           0 |           0 |           0 |           0 |           0 |           0 |           0 |           0 |           0 |           0 |           0 |           0 |           0 |           0 |           0 |           0 |           0 | 145295.3177 |           0 |           0 |           0 |           0 |           0 |           0 |           0 |           0 |
|             Power [W]             |    232.4663 |         0 |         0 |         0 |         0 |         0 |         0 |         0 |         0 |         0 |           0 |           0 |           0 |           0 |           0 |           0 |           0 |           0 |           0 |           0 |           0 |           0 |           0 |           0 |           0 |           0 |           0 |           0 |           0 |           0 |           0 |           0 |           0 |           0 |           0 |           0 |    132.5599 |           0 |           0 |           0 |           0 |           0 |           0 |           0 |           0 |
|          Energy DRAM [J]          |  23465.3582 |         0 |         0 |         0 |         0 |         0 |         0 |         0 |         0 |         0 |           0 |           0 |           0 |           0 |           0 |           0 |           0 |           0 |           0 |           0 |           0 |           0 |           0 |           0 |           0 |           0 |           0 |           0 |           0 |           0 |           0 |           0 |           0 |           0 |           0 |           0 |  12357.1782 |           0 |           0 |           0 |           0 |           0 |           0 |           0 |           0 |
|           Power DRAM [W]          |     21.4097 |         0 |         0 |         0 |         0 |         0 |         0 |         0 |         0 |         0 |           0 |           0 |           0 |           0 |           0 |           0 |           0 |           0 |           0 |           0 |           0 |           0 |           0 |           0 |           0 |           0 |           0 |           0 |           0 |           0 |           0 |           0 |           0 |           0 |           0 |           0 |     11.2740 |           0 |           0 |           0 |           0 |           0 |           0 |           0 |           0 |
|            DP [MFLOP/s]           |   1628.1639 | 1593.2713 | 1627.6307 | 1627.7184 | 1593.2946 | 1627.4749 | 1627.9322 | 1593.2480 | 1627.6485 | 1627.9827 |   1592.8948 |   1627.9812 |   1628.0168 |   1593.2698 |   1627.8653 |   1627.9574 |   1593.1113 |   1627.9871 |   1627.9945 |   1593.2101 |   1628.0242 |   1628.0094 |   1592.5184 |   1627.6544 |   1628.0108 |   1593.2784 |   1627.7449 |   1627.7835 |   1593.2799 |   1627.6811 |   1627.9870 |   1593.2697 |   1628.0063 |   1627.8830 |   1593.2755 |   1628.0256 |   1627.7449 |   1593.1795 |   1628.0211 |   1627.7419 |   1593.2827 |   1628.0300 |   1628.0137 |   1593.0312 |   1627.7969 |
|          AVX DP [MFLOP/s]         |    302.4268 |  287.0376 |  302.0587 |  302.0750 |  287.0418 |  302.0298 |  302.1147 |  287.0335 |  302.0620 |  302.1241 |    286.9698 |    302.1238 |    302.1304 |    287.0374 |    302.1023 |    302.1194 |    287.0088 |    302.1249 |    302.1263 |    287.0266 |    302.1318 |    302.1290 |    286.9020 |    302.0631 |    302.1293 |    287.0390 |    302.0799 |    302.0871 |    287.0392 |    302.0681 |    302.1249 |    287.0374 |    302.1285 |    302.1056 |    287.0384 |    302.1320 |    302.0799 |    287.0211 |    302.1312 |    302.0794 |    287.0397 |    302.1329 |    302.1298 |    286.9944 |    302.0896 |
|          Packed [MUOPS/s]         |     37.8034 |   35.8797 |   37.7573 |   37.7594 |   35.8802 |   37.7537 |   37.7643 |   35.8792 |   37.7578 |   37.7655 |     35.8712 |     37.7655 |     37.7663 |     35.8797 |     37.7628 |     37.7649 |     35.8761 |     37.7656 |     37.7658 |     35.8783 |     37.7665 |     37.7661 |     35.8628 |     37.7579 |     37.7662 |     35.8799 |     37.7600 |     37.7609 |     35.8799 |     37.7585 |     37.7656 |     35.8797 |     37.7661 |     37.7632 |     35.8798 |     37.7665 |     37.7600 |     35.8776 |     37.7664 |     37.7599 |     35.8800 |     37.7666 |     37.7662 |     35.8743 |     37.7612 |
|          Scalar [MUOPS/s]         |   1325.7370 | 1306.2337 | 1325.5720 | 1325.6434 | 1306.2527 | 1325.4451 | 1325.8175 | 1306.2146 | 1325.5864 | 1325.8586 |   1305.9250 |   1325.8574 |   1325.8864 |   1306.2324 |   1325.7630 |   1325.8380 |   1306.1025 |   1325.8622 |   1325.8682 |   1306.1835 |   1325.8924 |   1325.8803 |   1305.6164 |   1325.5912 |   1325.8815 |   1306.2395 |   1325.6650 |   1325.6964 |   1306.2407 |   1325.6130 |   1325.8621 |   1306.2323 |   1325.8778 |   1325.7774 |   1306.2371 |   1325.8935 |   1325.6650 |   1306.1584 |   1325.8899 |   1325.6625 |   1306.2430 |   1325.8972 |   1325.8838 |   1306.0368 |   1325.7073 |
|  Memory read bandwidth [MBytes/s] |  73081.3076 |         0 |         0 |         0 |         0 |         0 |         0 |         0 |         0 |         0 |           0 |           0 |           0 |           0 |           0 |           0 |           0 |           0 |           0 |           0 |           0 |           0 |           0 |           0 |           0 |           0 |           0 |           0 |           0 |           0 |           0 |           0 |           0 |           0 |           0 |           0 |  15470.0974 |           0 |           0 |           0 |           0 |           0 |           0 |           0 |           0 |
|  Memory read data volume [GBytes] |  80098.1363 |         0 |         0 |         0 |         0 |         0 |         0 |         0 |         0 |         0 |           0 |           0 |           0 |           0 |           0 |           0 |           0 |           0 |           0 |           0 |           0 |           0 |           0 |           0 |           0 |           0 |           0 |           0 |           0 |           0 |           0 |           0 |           0 |           0 |           0 |           0 |  16956.3561 |           0 |           0 |           0 |           0 |           0 |           0 |           0 |           0 |
| Memory write bandwidth [MBytes/s] |  37479.4931 |         0 |         0 |         0 |         0 |         0 |         0 |         0 |         0 |         0 |           0 |           0 |           0 |           0 |           0 |           0 |           0 |           0 |           0 |           0 |           0 |           0 |           0 |           0 |           0 |           0 |           0 |           0 |           0 |           0 |           0 |           0 |           0 |           0 |           0 |           0 |   8692.8516 |           0 |           0 |           0 |           0 |           0 |           0 |           0 |           0 |
| Memory write data volume [GBytes] |  41078.0491 |         0 |         0 |         0 |         0 |         0 |         0 |         0 |         0 |         0 |           0 |           0 |           0 |           0 |           0 |           0 |           0 |           0 |           0 |           0 |           0 |           0 |           0 |           0 |           0 |           0 |           0 |           0 |           0 |           0 |           0 |           0 |           0 |           0 |           0 |           0 |   9527.9999 |           0 |           0 |           0 |           0 |           0 |           0 |           0 |           0 |
|    Memory bandwidth [MBytes/s]    | 110560.8007 |         0 |         0 |         0 |         0 |         0 |         0 |         0 |         0 |         0 |           0 |           0 |           0 |           0 |           0 |           0 |           0 |           0 |           0 |           0 |           0 |           0 |           0 |           0 |           0 |           0 |           0 |           0 |           0 |           0 |           0 |           0 |           0 |           0 |           0 |           0 |  24162.9490 |           0 |           0 |           0 |           0 |           0 |           0 |           0 |           0 |
|    Memory data volume [GBytes]    | 121176.1854 |         0 |         0 |         0 |         0 |         0 |         0 |         0 |         0 |         0 |           0 |           0 |           0 |           0 |           0 |           0 |           0 |           0 |           0 |           0 |           0 |           0 |           0 |           0 |           0 |           0 |           0 |           0 |           0 |           0 |           0 |           0 |           0 |           0 |           0 |           0 |  26484.3560 |           0 |           0 |           0 |           0 |           0 |           0 |           0 |           0 |
|       Operational intensity       |      0.0147 |         0 |         0 |         0 |         0 |         0 |         0 |         0 |         0 |         0 |           0 |           0 |           0 |           0 |           0 |           0 |           0 |           0 |           0 |           0 |           0 |           0 |           0 |           0 |           0 |           0 |           0 |           0 |           0 |           0 |           0 |           0 |           0 |           0 |           0 |           0 |      0.0674 |           0 |           0 |           0 |           0 |           0 |           0 |           0 |           0 |
+-----------------------------------+-------------+-----------+-----------+-----------+-----------+-----------+-----------+-----------+-----------+-----------+-------------+-------------+-------------+-------------+-------------+-------------+-------------+-------------+-------------+-------------+-------------+-------------+-------------+-------------+-------------+-------------+-------------+-------------+-------------+-------------+-------------+-------------+-------------+-------------+-------------+-------------+-------------+-------------+-------------+-------------+-------------+-------------+-------------+-------------+-------------+

+----------------------------------------+-------------+-----------+-------------+-----------+-----------+-----------+-----------+
|                 Metric                 |     Sum     |    Min    |     Max     |    Avg    |  %ile 25  |  %ile 50  |  %ile 75  |
+----------------------------------------+-------------+-----------+-------------+-----------+-----------+-----------+-----------+
|        Runtime (RDTSC) [s] STAT        |  49319.2170 | 1095.8810 |   1096.4160 | 1095.9826 | 1095.8940 | 1095.9140 | 1096.0630 |
|        Runtime unhalted [s] STAT       |  49083.2073 | 1089.6884 |   1091.3391 | 1090.7379 | 1090.5097 | 1090.7393 | 1090.9140 |
|            Clock [MHz] STAT            | 107740.9553 | 2393.6265 |   2394.3286 | 2394.2435 | 2394.2572 | 2394.3229 | 2394.3250 |
|                CPI STAT                |     27.3321 |    0.4156 |      0.8518 |    0.6074 |    0.4864 |    0.5048 |    0.8106 |
|             Energy [J] STAT            | 400081.6742 |         0 | 254786.3565 | 8890.7039 |         0 |         0 |         0 |
|             Power [W] STAT             |    365.0262 |         0 |    232.4663 |    8.1117 |         0 |         0 |         0 |
|          Energy DRAM [J] STAT          |  35822.5364 |         0 |  23465.3582 |  796.0564 |         0 |         0 |         0 |
|           Power DRAM [W] STAT          |     32.6837 |         0 |     21.4097 |    0.7263 |         0 |         0 |         0 |
|            DP [MFLOP/s] STAT           |  72733.9275 | 1592.5184 |   1628.1639 | 1616.3095 | 1593.2755 | 1627.7449 | 1627.9871 |
|          AVX DP [MFLOP/s] STAT         |  13368.7070 |  286.9020 |    302.4268 |  297.0824 |  287.0384 |  302.0799 |  302.1249 |
|          Packed [MUOPS/s] STAT         |   1671.0885 |   35.8628 |     37.8034 |   37.1353 |   35.8798 |   37.7600 |   37.7656 |
|          Scalar [MUOPS/s] STAT         |  59365.2201 | 1305.6164 |   1325.8972 | 1319.2271 | 1306.2371 | 1325.6650 | 1325.8621 |
|  Memory read bandwidth [MBytes/s] STAT |  88551.4050 |         0 |  73081.3076 | 1967.8090 |         0 |         0 |         0 |
|  Memory read data volume [GBytes] STAT |  97054.4924 |         0 |  80098.1363 | 2156.7665 |         0 |         0 |         0 |
| Memory write bandwidth [MBytes/s] STAT |  46172.3447 |         0 |  37479.4931 | 1026.0521 |         0 |         0 |         0 |
| Memory write data volume [GBytes] STAT |  50606.0490 |         0 |  41078.0491 | 1124.5789 |         0 |         0 |         0 |
|    Memory bandwidth [MBytes/s] STAT    | 134723.7497 |         0 | 110560.8007 | 2993.8611 |         0 |         0 |         0 |
|    Memory data volume [GBytes] STAT    | 147660.5414 |         0 | 121176.1854 | 3281.3454 |         0 |         0 |         0 |
|       Operational intensity STAT       |      0.0821 |         0 |      0.0674 |    0.0018 |         0 |         0 |         0 |
+----------------------------------------+-------------+-----------+-------------+-----------+-----------+-----------+-----------+

