WARN: Cannot extract OpenMP vendor from executable or commandline, assuming no OpenMP
 nx_glob, nz_glob:                  3000                  1250
 dx,dz:    8.00000000000000        8.00000000000000     
 dt:   2.666666666666666E-002
Group: 1
+------------------------------------------+---------+----------------+----------------+----------------+----------------+----------------+----------------+----------------+----------------+----------------+----------------+----------------+----------------+----------------+----------------+----------------+----------------+----------------+
|                   Event                  | Counter |    f0314:0:0   |    f0314:1:1   |    f0314:2:2   |    f0314:3:3   |    f0314:4:4   |    f0314:5:5   |    f0314:6:6   |    f0314:7:7   |    f0314:8:8   |    f0314:9:9   |   f0314:10:10  |   f0314:11:11  |   f0314:12:12  |   f0314:13:13  |   f0314:14:14  |   f0314:15:15  |   f0314:16:16  |
+------------------------------------------+---------+----------------+----------------+----------------+----------------+----------------+----------------+----------------+----------------+----------------+----------------+----------------+----------------+----------------+----------------+----------------+----------------+----------------+
|             INSTR_RETIRED_ANY            |  FIXC0  |  7788788162976 |  7790325020986 |  7906417649703 |  7832285324459 |  7761219652047 |  7827538230841 |  7787918107089 |  7862149606342 |  7815411930270 |  7848291000041 |  8777126299054 |  7976323605976 |  8420193564818 |  7855124141747 |  7867083058796 |  7825477650271 |  7827350390658 |
|           CPU_CLK_UNHALTED_CORE          |  FIXC1  |  6591288736697 |  6592662189116 |  6591528983822 |  6591770782772 |  6592481439885 |  6592203304468 |  6591355607230 |  6592817944574 |  6592681921186 |  6592387585457 |  6591975227540 |  6591604216236 |  6591023455489 |  6592209370044 |  6592868316630 |  6593731732024 |  6593814870961 |
|           CPU_CLK_UNHALTED_REF           |  FIXC2  |  6591288126912 |  6592659036864 |  6591526972416 |  6591767231520 |  6592479773952 |  6592200579072 |  6591354500928 |  6592815194880 |  6592678040064 |  6592385942976 |  6591973411872 |  6591605279712 |  6591019164864 |  6592211326464 |  6592867846080 |  6593731982784 |  6593820600096 |
|               TOPDOWN_SLOTS              |  FIXC3  | 32956443683485 | 32963310945580 | 32957644919110 | 32958853913860 | 32962407199425 | 32961016522340 | 32956778036150 | 32964089722870 | 32963409605930 | 32961937927285 | 32959876137700 | 32958021081180 | 32955117277445 | 32961046850220 | 32964341583150 | 32968658660120 | 32969074354805 |
|              PWR_PKG_ENERGY              |   PWR0  |    435654.0825 |              0 |              0 |              0 |              0 |              0 |              0 |              0 |              0 |              0 |              0 |              0 |              0 |              0 |              0 |              0 |              0 |
|              PWR_DRAM_ENERGY             |   PWR3  |     38688.0996 |              0 |              0 |              0 |              0 |              0 |              0 |              0 |              0 |              0 |              0 |              0 |              0 |              0 |              0 |              0 |              0 |
| FP_ARITH_INST_RETIRED_128B_PACKED_DOUBLE |   PMC0  |              0 |              0 |              0 |              0 |              0 |              0 |              0 |              0 |              0 |              0 |              0 |              0 |              0 |              0 |              0 |              0 |              0 |
|    FP_ARITH_INST_RETIRED_SCALAR_DOUBLE   |   PMC1  |  3799456503938 |  3820982797159 |  3799455893835 |  3820982781098 |  3799455889331 |  3820982775733 |  3799455883453 |  3820982770906 |  3799455882895 |  3820982771176 |  3799455879462 |  3820982772627 |  3799455880214 |  3820982751941 |  3799455873116 |  3820982758331 |  3799455869888 |
| FP_ARITH_INST_RETIRED_256B_PACKED_DOUBLE |   PMC2  |              0 |              0 |              0 |              0 |              0 |              0 |              0 |              0 |              0 |              0 |              0 |              0 |              0 |              0 |              0 |              0 |              0 |
| FP_ARITH_INST_RETIRED_512B_PACKED_DOUBLE |   PMC3  |    82230197013 |    80834842500 |    82184902500 |    80834842500 |    82184902500 |    80834842500 |    82184902500 |    80834842500 |    82184902500 |    80834842500 |    82184902500 |    80834842500 |    82184902500 |    80834842500 |    82184902500 |    80834842500 |    82184902500 |
|               CAS_COUNT_RD               | MBOX0C0 |   374978583262 |              0 |              0 |              0 |              0 |              0 |              0 |              0 |              0 |              0 |              0 |              0 |              0 |              0 |              0 |              0 |              0 |
|               CAS_COUNT_WR               | MBOX0C1 |   194597788654 |              0 |              0 |              0 |              0 |              0 |              0 |              0 |              0 |              0 |              0 |              0 |              0 |              0 |              0 |              0 |              0 |
|               CAS_COUNT_RD               | MBOX1C0 |   374997780195 |              0 |              0 |              0 |              0 |              0 |              0 |              0 |              0 |              0 |              0 |              0 |              0 |              0 |              0 |              0 |              0 |
|               CAS_COUNT_WR               | MBOX1C1 |   194589519692 |              0 |              0 |              0 |              0 |              0 |              0 |              0 |              0 |              0 |              0 |              0 |              0 |              0 |              0 |              0 |              0 |
|               CAS_COUNT_RD               | MBOX2C0 |   374990716130 |              0 |              0 |              0 |              0 |              0 |              0 |              0 |              0 |              0 |              0 |              0 |              0 |              0 |              0 |              0 |              0 |
|               CAS_COUNT_WR               | MBOX2C1 |   194585155067 |              0 |              0 |              0 |              0 |              0 |              0 |              0 |              0 |              0 |              0 |              0 |              0 |              0 |              0 |              0 |              0 |
|               CAS_COUNT_RD               | MBOX3C0 |   375103702163 |              0 |              0 |              0 |              0 |              0 |              0 |              0 |              0 |              0 |              0 |              0 |              0 |              0 |              0 |              0 |              0 |
|               CAS_COUNT_WR               | MBOX3C1 |   194597536278 |              0 |              0 |              0 |              0 |              0 |              0 |              0 |              0 |              0 |              0 |              0 |              0 |              0 |              0 |              0 |              0 |
|               CAS_COUNT_RD               | MBOX4C0 |       20137221 |              0 |              0 |              0 |              0 |              0 |              0 |              0 |              0 |              0 |              0 |              0 |              0 |              0 |              0 |              0 |              0 |
|               CAS_COUNT_WR               | MBOX4C1 |       12839239 |              0 |              0 |              0 |              0 |              0 |              0 |              0 |              0 |              0 |              0 |              0 |              0 |              0 |              0 |              0 |              0 |
|               CAS_COUNT_RD               | MBOX5C0 |       20727654 |              0 |              0 |              0 |              0 |              0 |              0 |              0 |              0 |              0 |              0 |              0 |              0 |              0 |              0 |              0 |              0 |
|               CAS_COUNT_WR               | MBOX5C1 |       12640591 |              0 |              0 |              0 |              0 |              0 |              0 |              0 |              0 |              0 |              0 |              0 |              0 |              0 |              0 |              0 |              0 |
|               CAS_COUNT_RD               | MBOX6C0 |       19501943 |              0 |              0 |              0 |              0 |              0 |              0 |              0 |              0 |              0 |              0 |              0 |              0 |              0 |              0 |              0 |              0 |
|               CAS_COUNT_WR               | MBOX6C1 |       12878418 |              0 |              0 |              0 |              0 |              0 |              0 |              0 |              0 |              0 |              0 |              0 |              0 |              0 |              0 |              0 |              0 |
|               CAS_COUNT_RD               | MBOX7C0 |       19936270 |              0 |              0 |              0 |              0 |              0 |              0 |              0 |              0 |              0 |              0 |              0 |              0 |              0 |              0 |              0 |              0 |
|               CAS_COUNT_WR               | MBOX7C1 |       13035066 |              0 |              0 |              0 |              0 |              0 |              0 |              0 |              0 |              0 |              0 |              0 |              0 |              0 |              0 |              0 |              0 |
+------------------------------------------+---------+----------------+----------------+----------------+----------------+----------------+----------------+----------------+----------------+----------------+----------------+----------------+----------------+----------------+----------------+----------------+----------------+----------------+

+-----------------------------------------------+---------+-----------------+----------------+----------------+--------------+
|                     Event                     | Counter |       Sum       |       Min      |       Max      |      Avg     |
+-----------------------------------------------+---------+-----------------+----------------+----------------+--------------+
|             INSTR_RETIRED_ANY STAT            |  FIXC0  | 134769023396074 |  7761219652047 |  8777126299054 | 7.927590e+12 |
|           CPU_CLK_UNHALTED_CORE STAT          |  FIXC1  | 112068405684131 |  6591023455489 |  6593814870961 | 6.592259e+12 |
|           CPU_CLK_UNHALTED_REF STAT           |  FIXC2  | 112068385011456 |  6591019164864 |  6593820600096 | 6.592258e+12 |
|               TOPDOWN_SLOTS STAT              |  FIXC3  | 560342028420655 | 32955117277445 | 32969074354805 |      nil     |
|              PWR_PKG_ENERGY STAT              |   PWR0  |     435654.0825 |              0 |    435654.0825 |   25626.7107 |
|              PWR_DRAM_ENERGY STAT             |   PWR3  |      38688.0996 |              0 |     38688.0996 |    2275.7706 |
| FP_ARITH_INST_RETIRED_128B_PACKED_DOUBLE STAT |   PMC0  |               0 |              0 |              0 |            0 |
|    FP_ARITH_INST_RETIRED_SCALAR_DOUBLE STAT   |   PMC1  |  64762965735103 |  3799455869888 |  3820982797159 | 3.809586e+12 |
| FP_ARITH_INST_RETIRED_256B_PACKED_DOUBLE STAT |   PMC2  |               0 |              0 |              0 |            0 |
| FP_ARITH_INST_RETIRED_512B_PACKED_DOUBLE STAT |   PMC3  |   1386388157013 |    80834842500 |    82230197013 | 8.155224e+10 |
|               CAS_COUNT_RD STAT               | MBOX0C0 |    374978583262 |              0 |   374978583262 | 2.205756e+10 |
|               CAS_COUNT_WR STAT               | MBOX0C1 |    194597788654 |              0 |   194597788654 | 1.144693e+10 |
|               CAS_COUNT_RD STAT               | MBOX1C0 |    374997780195 |              0 |   374997780195 | 2.205869e+10 |
|               CAS_COUNT_WR STAT               | MBOX1C1 |    194589519692 |              0 |   194589519692 | 1.144644e+10 |
|               CAS_COUNT_RD STAT               | MBOX2C0 |    374990716130 |              0 |   374990716130 | 2.205828e+10 |
|               CAS_COUNT_WR STAT               | MBOX2C1 |    194585155067 |              0 |   194585155067 | 1.144619e+10 |
|               CAS_COUNT_RD STAT               | MBOX3C0 |    375103702163 |              0 |   375103702163 | 2.206492e+10 |
|               CAS_COUNT_WR STAT               | MBOX3C1 |    194597536278 |              0 |   194597536278 | 1.144691e+10 |
|               CAS_COUNT_RD STAT               | MBOX4C0 |        20137221 |              0 |       20137221 | 1.184542e+06 |
|               CAS_COUNT_WR STAT               | MBOX4C1 |        12839239 |              0 |       12839239 |  755249.3529 |
|               CAS_COUNT_RD STAT               | MBOX5C0 |        20727654 |              0 |       20727654 | 1.219274e+06 |
|               CAS_COUNT_WR STAT               | MBOX5C1 |        12640591 |              0 |       12640591 |  743564.1765 |
|               CAS_COUNT_RD STAT               | MBOX6C0 |        19501943 |              0 |       19501943 | 1.147173e+06 |
|               CAS_COUNT_WR STAT               | MBOX6C1 |        12878418 |              0 |       12878418 |       757554 |
|               CAS_COUNT_RD STAT               | MBOX7C0 |        19936270 |              0 |       19936270 | 1.172722e+06 |
|               CAS_COUNT_WR STAT               | MBOX7C1 |        13035066 |              0 |       13035066 |  766768.5882 |
+-----------------------------------------------+---------+-----------------+----------------+----------------+--------------+

+-----------------------------------+-------------+-----------+-----------+-----------+-----------+-----------+-----------+-----------+-----------+-----------+-------------+-------------+-------------+-------------+-------------+-------------+-------------+
|               Metric              |  f0314:0:0  | f0314:1:1 | f0314:2:2 | f0314:3:3 | f0314:4:4 | f0314:5:5 | f0314:6:6 | f0314:7:7 | f0314:8:8 | f0314:9:9 | f0314:10:10 | f0314:11:11 | f0314:12:12 | f0314:13:13 | f0314:14:14 | f0314:15:15 | f0314:16:16 |
+-----------------------------------+-------------+-----------+-----------+-----------+-----------+-----------+-----------+-----------+-----------+-----------+-------------+-------------+-------------+-------------+-------------+-------------+-------------+
|        Runtime (RDTSC) [s]        |   2777.0040 | 2776.8940 | 2776.9010 | 2776.8810 | 2776.8810 | 2776.8860 | 2776.9520 | 2776.8830 | 2776.8900 | 2776.8780 |   2776.9100 |   2777.4120 |   2777.1370 |   2776.9840 |   2776.9750 |   2762.0950 |   2776.9130 |
|        Runtime unhalted [s]       |   2753.0320 | 2753.4560 | 2752.9799 | 2753.0795 | 2753.3756 | 2753.2779 | 2752.9082 | 2753.5157 | 2753.4619 | 2753.3414 |   2753.1918 |   2753.4740 |   2753.0189 |   2753.2982 |   2753.6137 |   2753.9407 |   2753.9284 |
|            Clock [MHz]            |   2394.1928 | 2394.3238 | 2394.3259 | 2394.3277 | 2394.3276 | 2394.3119 | 2394.3250 | 2394.3284 | 2394.3261 | 2394.3232 |   2394.3036 |   2393.9224 |   2394.1092 |   2394.2948 |   2394.2606 |   2394.2895 |   2394.3285 |
|                CPI                |      0.8463 |    0.8463 |    0.8337 |    0.8416 |    0.8494 |    0.8422 |    0.8464 |    0.8386 |    0.8435 |    0.8400 |      0.7510 |      0.8264 |      0.7828 |      0.8392 |      0.8380 |      0.8426 |      0.8424 |
|             Energy [J]            | 435654.0825 |         0 |         0 |         0 |         0 |         0 |         0 |         0 |         0 |         0 |           0 |           0 |           0 |           0 |           0 |           0 |           0 |
|             Power [W]             |    156.8792 |         0 |         0 |         0 |         0 |         0 |         0 |         0 |         0 |         0 |           0 |           0 |           0 |           0 |           0 |           0 |           0 |
|          Energy DRAM [J]          |  38688.0996 |         0 |         0 |         0 |         0 |         0 |         0 |         0 |         0 |         0 |           0 |           0 |           0 |           0 |           0 |           0 |           0 |
|           Power DRAM [W]          |     13.9316 |         0 |         0 |         0 |         0 |         0 |         0 |         0 |         0 |         0 |           0 |           0 |           0 |           0 |           0 |           0 |           0 |
|            DP [MFLOP/s]           |   1605.0744 | 1608.8700 | 1605.0032 | 1608.8776 | 1605.0148 | 1608.8747 | 1604.9738 | 1608.8764 | 1605.0096 | 1608.8793 |   1604.9980 |   1608.5700 |   1604.8668 |   1608.8179 |   1604.9605 |   1617.4902 |   1604.9963 |
|          AVX DP [MFLOP/s]         |    236.8890 |  232.8784 |  236.7673 |  232.8795 |  236.7690 |  232.8791 |  236.7629 |  232.8794 |  236.7682 |  232.8798 |    236.7665 |    232.8350 |    236.7471 |    232.8709 |    236.7609 |    234.1262 |    236.7662 |
|          Packed [MUOPS/s]         |     29.6111 |   29.1098 |   29.5959 |   29.1099 |   29.5961 |   29.1099 |   29.5954 |   29.1099 |   29.5960 |   29.1100 |     29.5958 |     29.1044 |     29.5934 |     29.1089 |     29.5951 |     29.2658 |     29.5958 |
|          Scalar [MUOPS/s]         |   1368.1855 | 1375.9916 | 1368.2360 | 1375.9980 | 1368.2458 | 1375.9955 | 1368.2109 | 1375.9970 | 1368.2414 | 1375.9995 |   1368.2316 |   1375.7350 |   1368.1197 |   1375.9470 |   1368.1995 |   1383.3640 |   1368.2301 |
|  Memory read bandwidth [MBytes/s] |  34573.1117 |         0 |         0 |         0 |         0 |         0 |         0 |         0 |         0 |         0 |           0 |           0 |           0 |           0 |           0 |           0 |           0 |
|  Memory read data volume [GBytes] |  96009.6694 |         0 |         0 |         0 |         0 |         0 |         0 |         0 |         0 |         0 |           0 |           0 |           0 |           0 |           0 |           0 |           0 |
| Memory write bandwidth [MBytes/s] |  17939.8262 |         0 |         0 |         0 |         0 |         0 |         0 |         0 |         0 |         0 |           0 |           0 |           0 |           0 |           0 |           0 |           0 |
| Memory write data volume [GBytes] |  49818.9692 |         0 |         0 |         0 |         0 |         0 |         0 |         0 |         0 |         0 |           0 |           0 |           0 |           0 |           0 |           0 |           0 |
|    Memory bandwidth [MBytes/s]    |  52512.9379 |         0 |         0 |         0 |         0 |         0 |         0 |         0 |         0 |         0 |           0 |           0 |           0 |           0 |           0 |           0 |           0 |
|    Memory data volume [GBytes]    | 145828.6386 |         0 |         0 |         0 |         0 |         0 |         0 |         0 |         0 |         0 |           0 |           0 |           0 |           0 |           0 |           0 |           0 |
|       Operational intensity       |      0.0306 |         0 |         0 |         0 |         0 |         0 |         0 |         0 |         0 |         0 |           0 |           0 |           0 |           0 |           0 |           0 |           0 |
+-----------------------------------+-------------+-----------+-----------+-----------+-----------+-----------+-----------+-----------+-----------+-----------+-------------+-------------+-------------+-------------+-------------+-------------+-------------+

+----------------------------------------+-------------+-----------+-------------+------------+-----------+-----------+-----------+
|                 Metric                 |     Sum     |    Min    |     Max     |     Avg    |  %ile 25  |  %ile 50  |  %ile 75  |
+----------------------------------------+-------------+-----------+-------------+------------+-----------+-----------+-----------+
|        Runtime (RDTSC) [s] STAT        |  47193.4760 | 2762.0950 |   2777.4120 |  2776.0868 | 2776.8810 | 2776.9010 | 2776.9750 |
|        Runtime unhalted [s] STAT       |  46806.8938 | 2752.9082 |   2753.9407 |  2753.3467 | 2753.0320 | 2753.3414 | 2753.4740 |
|            Clock [MHz] STAT            |  40702.6210 | 2393.9224 |   2394.3285 |  2394.2718 | 2394.2606 | 2394.3232 | 2394.3261 |
|                CPI STAT                |     14.1504 |    0.7510 |      0.8494 |     0.8324 |    0.8337 |    0.8416 |    0.8435 |
|             Energy [J] STAT            | 435654.0825 |         0 | 435654.0825 | 25626.7107 |         0 |         0 |         0 |
|             Power [W] STAT             |    156.8792 |         0 |    156.8792 |     9.2282 |         0 |         0 |         0 |
|          Energy DRAM [J] STAT          |  38688.0996 |         0 |  38688.0996 |  2275.7706 |         0 |         0 |         0 |
|           Power DRAM [W] STAT          |     13.9316 |         0 |     13.9316 |     0.8195 |         0 |         0 |         0 |
|            DP [MFLOP/s] STAT           |  27324.1535 | 1604.8668 |   1617.4902 |  1607.3031 | 1604.9963 | 1605.0744 | 1608.8747 |
|          AVX DP [MFLOP/s] STAT         |   3995.2254 |  232.8350 |    236.8890 |   235.0133 |  232.8791 |  236.7471 |  236.7665 |
|          Packed [MUOPS/s] STAT         |    499.4032 |   29.1044 |     29.6111 |    29.3767 |   29.1099 |   29.5934 |   29.5958 |
|          Scalar [MUOPS/s] STAT         |  23328.9281 | 1368.1197 |   1383.3640 |  1372.2899 | 1368.2109 | 1368.2458 | 1375.9955 |
|  Memory read bandwidth [MBytes/s] STAT |  34573.1117 |         0 |  34573.1117 |  2033.7125 |         0 |         0 |         0 |
|  Memory read data volume [GBytes] STAT |  96009.6694 |         0 |  96009.6694 |  5647.6276 |         0 |         0 |         0 |
| Memory write bandwidth [MBytes/s] STAT |  17939.8262 |         0 |  17939.8262 |  1055.2839 |         0 |         0 |         0 |
| Memory write data volume [GBytes] STAT |  49818.9692 |         0 |  49818.9692 |  2930.5276 |         0 |         0 |         0 |
|    Memory bandwidth [MBytes/s] STAT    |  52512.9379 |         0 |  52512.9379 |  3088.9963 |         0 |         0 |         0 |
|    Memory data volume [GBytes] STAT    | 145828.6386 |         0 | 145828.6386 |  8578.1552 |         0 |         0 |         0 |
|       Operational intensity STAT       |      0.0306 |         0 |      0.0306 |     0.0018 |         0 |         0 |         0 |
+----------------------------------------+-------------+-----------+-------------+------------+-----------+-----------+-----------+

