WARN: Cannot extract OpenMP vendor from executable or commandline, assuming no OpenMP
 nx_glob, nz_glob:                  3000                  1250
 dx,dz:    8.00000000000000        8.00000000000000     
 dt:   2.666666666666666E-002
Group: 1
+------------------------------------------+---------+----------------+----------------+----------------+----------------+----------------+----------------+----------------+----------------+----------------+----------------+----------------+----------------+----------------+----------------+----------------+----------------+----------------+----------------+----------------+----------------+----------------+----------------+----------------+----------------+----------------+----------------+----------------+----------------+----------------+----------------+
|                   Event                  | Counter |    f0314:0:0   |    f0314:1:1   |    f0314:2:2   |    f0314:3:3   |    f0314:4:4   |    f0314:5:5   |    f0314:6:6   |    f0314:7:7   |    f0314:8:8   |    f0314:9:9   |   f0314:10:10  |   f0314:11:11  |   f0314:12:12  |   f0314:13:13  |   f0314:14:14  |   f0314:15:15  |   f0314:16:16  |   f0314:17:17  |   f0314:18:18  |   f0314:19:19  |   f0314:20:20  |   f0314:21:21  |   f0314:22:22  |   f0314:23:23  |   f0314:24:24  |   f0314:25:25  |   f0314:26:26  |   f0314:27:27  |   f0314:28:28  |   f0314:29:29  |
+------------------------------------------+---------+----------------+----------------+----------------+----------------+----------------+----------------+----------------+----------------+----------------+----------------+----------------+----------------+----------------+----------------+----------------+----------------+----------------+----------------+----------------+----------------+----------------+----------------+----------------+----------------+----------------+----------------+----------------+----------------+----------------+----------------+
|             INSTR_RETIRED_ANY            |  FIXC0  |  6344669041271 |  5589117655394 |  5256257956603 |  6386270047368 |  6782324906699 |  5647321613012 |  4700753400878 |  4469752390723 |  4593150847236 |  5050962491228 |  4472167440254 |  4570533019726 |  4530149151990 |  4820953396963 |  4547569525933 |  4475768344668 |  4799014712751 |  4468798560110 |  8014464069636 |  8078593478848 |  8264664948296 |  8105306178184 |  7988029802389 |  8178250600169 |  8234988639067 |  8117571509669 |  8114800853538 |  8232509877379 |  8061471805694 |  8016951240254 |
|           CPU_CLK_UNHALTED_CORE          |  FIXC1  |  3724609013839 |  3725827661413 |  3723493229113 |  3726187988093 |  3725400346983 |  3725051367420 |  3724777660790 |  3725178152147 |  3725259381871 |  3725017355355 |  3725486388913 |  3725517011385 |  3725595334178 |  3724615143397 |  3725732849741 |  3725561290979 |  3727052296897 |  3726419324723 |  3727974397424 |  3727779953261 |  3728263720106 |  3728042494774 |  3728398613490 |  3727916623440 |  3727868367273 |  3727700116960 |  3728014217713 |  3727047615953 |  3727785482646 |  3727920097440 |
|           CPU_CLK_UNHALTED_REF           |  FIXC2  |  3724609021248 |  3725827100256 |  3723493659648 |  3726186196032 |  3725401061088 |  3725049952896 |  3724778381760 |  3725178191328 |  3725258274912 |  3725016442368 |  3725486878560 |  3725518673664 |  3725594236896 |  3724615172928 |  3725732931552 |  3725561567712 |  3727052020224 |  3726420676416 |  3727973785824 |  3727775923104 |  3728266407456 |  3728041721280 |  3728399726016 |  3727914383520 |  3727865696928 |  3727697819808 |  3728011838304 |  3727046272704 |  3727786605984 |  3727919272032 |
|               TOPDOWN_SLOTS              |  FIXC3  | 18623045069195 | 18629138307065 | 18617466145565 | 18630939940465 | 18627001734915 | 18625256837100 | 18623888303950 | 18625890760735 | 18626296909355 | 18625086776775 | 18627431944565 | 18627585056925 | 18627976670890 | 18623075716985 | 18628664248705 | 18627806454895 | 18635261484485 | 18632096623615 | 18639871987120 | 18638899766305 | 18641318600530 | 18640212473870 | 18641993067450 | 18639583117200 | 18639341836365 | 18638500584800 | 18640071088565 | 18635238079765 | 18638927413230 | 18639600487200 |
|              PWR_PKG_ENERGY              |   PWR0  |    333240.7866 |              0 |              0 |              0 |              0 |              0 |              0 |              0 |              0 |              0 |              0 |              0 |              0 |              0 |              0 |              0 |              0 |              0 |              0 |              0 |              0 |              0 |              0 |              0 |              0 |              0 |              0 |              0 |              0 |              0 |
|              PWR_DRAM_ENERGY             |   PWR3  |     30959.5723 |              0 |              0 |              0 |              0 |              0 |              0 |              0 |              0 |              0 |              0 |              0 |              0 |              0 |              0 |              0 |              0 |              0 |              0 |              0 |              0 |              0 |              0 |              0 |              0 |              0 |              0 |              0 |              0 |              0 |
| FP_ARITH_INST_RETIRED_128B_PACKED_DOUBLE |   PMC0  |              0 |              0 |              0 |              0 |              0 |              0 |              0 |              0 |              0 |              0 |              0 |              0 |              0 |              0 |              0 |              0 |              0 |              0 |              0 |              0 |              0 |              0 |              0 |              0 |              0 |              0 |              0 |              0 |              0 |              0 |
|    FP_ARITH_INST_RETIRED_SCALAR_DOUBLE   |   PMC1  |  2163413347427 |  2163412750076 |  2163412757114 |  2163412735873 |  2163412710517 |  2163412739511 |  2163412722483 |  2163412717475 |  2163412715983 |  2163412740979 |  2163412725978 |  2163412711652 |  2163412709409 |  2163412715145 |  2163412705168 |  2163412687647 |  2163412700859 |  2163412728782 |  2163412669136 |  2163412659558 |  2163412673232 |  2163412684936 |  2163412665902 |  2163412682194 |  2163412678484 |  2163412663541 |  2163412669034 |  2163412651219 |  2163412655087 |  2163412650912 |
| FP_ARITH_INST_RETIRED_256B_PACKED_DOUBLE |   PMC2  |              0 |              0 |              0 |              0 |              0 |              0 |              0 |              0 |              0 |              0 |              0 |              0 |              0 |              0 |              0 |              0 |              0 |              0 |              0 |              0 |              0 |              0 |              0 |              0 |              0 |              0 |              0 |              0 |              0 |              0 |
| FP_ARITH_INST_RETIRED_512B_PACKED_DOUBLE |   PMC3  |    49491242013 |    49445947500 |    49445947500 |    49445947500 |    49445947500 |    49445947500 |    49445947500 |    49445947500 |    49445947500 |    49445947500 |    49445947500 |    49445947500 |    49445947500 |    49445947500 |    49445947500 |    49445947500 |    49445947500 |    49445947500 |    49445947500 |    49445947500 |    49445947500 |    49445947500 |    49445947500 |    49445947500 |    49445947500 |    49445947500 |    49445947500 |    49445947500 |    49445947500 |    49445947500 |
|               CAS_COUNT_RD               | MBOX0C0 |   232982693093 |              0 |              0 |              0 |              0 |              0 |              0 |              0 |              0 |              0 |              0 |              0 |              0 |              0 |              0 |              0 |              0 |              0 |              0 |              0 |              0 |              0 |              0 |              0 |              0 |              0 |              0 |              0 |              0 |              0 |
|               CAS_COUNT_WR               | MBOX0C1 |   118344279177 |              0 |              0 |              0 |              0 |              0 |              0 |              0 |              0 |              0 |              0 |              0 |              0 |              0 |              0 |              0 |              0 |              0 |              0 |              0 |              0 |              0 |              0 |              0 |              0 |              0 |              0 |              0 |              0 |              0 |
|               CAS_COUNT_RD               | MBOX1C0 |   233014742894 |              0 |              0 |              0 |              0 |              0 |              0 |              0 |              0 |              0 |              0 |              0 |              0 |              0 |              0 |              0 |              0 |              0 |              0 |              0 |              0 |              0 |              0 |              0 |              0 |              0 |              0 |              0 |              0 |              0 |
|               CAS_COUNT_WR               | MBOX1C1 |   118336156933 |              0 |              0 |              0 |              0 |              0 |              0 |              0 |              0 |              0 |              0 |              0 |              0 |              0 |              0 |              0 |              0 |              0 |              0 |              0 |              0 |              0 |              0 |              0 |              0 |              0 |              0 |              0 |              0 |              0 |
|               CAS_COUNT_RD               | MBOX2C0 |   233044364282 |              0 |              0 |              0 |              0 |              0 |              0 |              0 |              0 |              0 |              0 |              0 |              0 |              0 |              0 |              0 |              0 |              0 |              0 |              0 |              0 |              0 |              0 |              0 |              0 |              0 |              0 |              0 |              0 |              0 |
|               CAS_COUNT_WR               | MBOX2C1 |   118340581254 |              0 |              0 |              0 |              0 |              0 |              0 |              0 |              0 |              0 |              0 |              0 |              0 |              0 |              0 |              0 |              0 |              0 |              0 |              0 |              0 |              0 |              0 |              0 |              0 |              0 |              0 |              0 |              0 |              0 |
|               CAS_COUNT_RD               | MBOX3C0 |   233042186315 |              0 |              0 |              0 |              0 |              0 |              0 |              0 |              0 |              0 |              0 |              0 |              0 |              0 |              0 |              0 |              0 |              0 |              0 |              0 |              0 |              0 |              0 |              0 |              0 |              0 |              0 |              0 |              0 |              0 |
|               CAS_COUNT_WR               | MBOX3C1 |   118335038440 |              0 |              0 |              0 |              0 |              0 |              0 |              0 |              0 |              0 |              0 |              0 |              0 |              0 |              0 |              0 |              0 |              0 |              0 |              0 |              0 |              0 |              0 |              0 |              0 |              0 |              0 |              0 |              0 |              0 |
|               CAS_COUNT_RD               | MBOX4C0 |   153522582657 |              0 |              0 |              0 |              0 |              0 |              0 |              0 |              0 |              0 |              0 |              0 |              0 |              0 |              0 |              0 |              0 |              0 |              0 |              0 |              0 |              0 |              0 |              0 |              0 |              0 |              0 |              0 |              0 |              0 |
|               CAS_COUNT_WR               | MBOX4C1 |    78235737861 |              0 |              0 |              0 |              0 |              0 |              0 |              0 |              0 |              0 |              0 |              0 |              0 |              0 |              0 |              0 |              0 |              0 |              0 |              0 |              0 |              0 |              0 |              0 |              0 |              0 |              0 |              0 |              0 |              0 |
|               CAS_COUNT_RD               | MBOX5C0 |   153538744959 |              0 |              0 |              0 |              0 |              0 |              0 |              0 |              0 |              0 |              0 |              0 |              0 |              0 |              0 |              0 |              0 |              0 |              0 |              0 |              0 |              0 |              0 |              0 |              0 |              0 |              0 |              0 |              0 |              0 |
|               CAS_COUNT_WR               | MBOX5C1 |    78230421033 |              0 |              0 |              0 |              0 |              0 |              0 |              0 |              0 |              0 |              0 |              0 |              0 |              0 |              0 |              0 |              0 |              0 |              0 |              0 |              0 |              0 |              0 |              0 |              0 |              0 |              0 |              0 |              0 |              0 |
|               CAS_COUNT_RD               | MBOX6C0 |   153510363757 |              0 |              0 |              0 |              0 |              0 |              0 |              0 |              0 |              0 |              0 |              0 |              0 |              0 |              0 |              0 |              0 |              0 |              0 |              0 |              0 |              0 |              0 |              0 |              0 |              0 |              0 |              0 |              0 |              0 |
|               CAS_COUNT_WR               | MBOX6C1 |    78230837198 |              0 |              0 |              0 |              0 |              0 |              0 |              0 |              0 |              0 |              0 |              0 |              0 |              0 |              0 |              0 |              0 |              0 |              0 |              0 |              0 |              0 |              0 |              0 |              0 |              0 |              0 |              0 |              0 |              0 |
|               CAS_COUNT_RD               | MBOX7C0 |   153569265375 |              0 |              0 |              0 |              0 |              0 |              0 |              0 |              0 |              0 |              0 |              0 |              0 |              0 |              0 |              0 |              0 |              0 |              0 |              0 |              0 |              0 |              0 |              0 |              0 |              0 |              0 |              0 |              0 |              0 |
|               CAS_COUNT_WR               | MBOX7C1 |    78230576395 |              0 |              0 |              0 |              0 |              0 |              0 |              0 |              0 |              0 |              0 |              0 |              0 |              0 |              0 |              0 |              0 |              0 |              0 |              0 |              0 |              0 |              0 |              0 |              0 |              0 |              0 |              0 |              0 |              0 |
+------------------------------------------+---------+----------------+----------------+----------------+----------------+----------------+----------------+----------------+----------------+----------------+----------------+----------------+----------------+----------------+----------------+----------------+----------------+----------------+----------------+----------------+----------------+----------------+----------------+----------------+----------------+----------------+----------------+----------------+----------------+----------------+----------------+

+-----------------------------------------------+---------+-----------------+----------------+----------------+---------------+
|                     Event                     | Counter |       Sum       |       Min      |       Max      |      Avg      |
+-----------------------------------------------+---------+-----------------+----------------+----------------+---------------+
|             INSTR_RETIRED_ANY STAT            |  FIXC0  | 188913137505930 |  4468798560110 |  8264664948296 | 6297104583531 |
|           CPU_CLK_UNHALTED_CORE STAT          |  FIXC1  | 111791493497717 |  3723493229113 |  3728398613490 |  3.726383e+12 |
|           CPU_CLK_UNHALTED_REF STAT           |  FIXC2  | 111791479892448 |  3723493659648 |  3728399726016 |  3.726383e+12 |
|               TOPDOWN_SLOTS STAT              |  FIXC3  | 558957467488585 | 18617466145565 | 18641993067450 |      nil      |
|              PWR_PKG_ENERGY STAT              |   PWR0  |     333240.7866 |              0 |    333240.7866 |    11108.0262 |
|              PWR_DRAM_ENERGY STAT             |   PWR3  |      30959.5723 |              0 |     30959.5723 |     1031.9857 |
| FP_ARITH_INST_RETIRED_128B_PACKED_DOUBLE STAT |   PMC0  |               0 |              0 |              0 |             0 |
|    FP_ARITH_INST_RETIRED_SCALAR_DOUBLE STAT   |   PMC1  |  64902381625313 |  2163412650912 |  2163413347427 |  2.163413e+12 |
| FP_ARITH_INST_RETIRED_256B_PACKED_DOUBLE STAT |   PMC2  |               0 |              0 |              0 |             0 |
| FP_ARITH_INST_RETIRED_512B_PACKED_DOUBLE STAT |   PMC3  |   1483423719513 |    49445947500 |    49491242013 |  4.944746e+10 |
|               CAS_COUNT_RD STAT               | MBOX0C0 |    232982693093 |              0 |   232982693093 |  7.766090e+09 |
|               CAS_COUNT_WR STAT               | MBOX0C1 |    118344279177 |              0 |   118344279177 |  3.944809e+09 |
|               CAS_COUNT_RD STAT               | MBOX1C0 |    233014742894 |              0 |   233014742894 |  7.767158e+09 |
|               CAS_COUNT_WR STAT               | MBOX1C1 |    118336156933 |              0 |   118336156933 |  3.944539e+09 |
|               CAS_COUNT_RD STAT               | MBOX2C0 |    233044364282 |              0 |   233044364282 |  7.768145e+09 |
|               CAS_COUNT_WR STAT               | MBOX2C1 |    118340581254 |              0 |   118340581254 |  3.944686e+09 |
|               CAS_COUNT_RD STAT               | MBOX3C0 |    233042186315 |              0 |   233042186315 |  7.768073e+09 |
|               CAS_COUNT_WR STAT               | MBOX3C1 |    118335038440 |              0 |   118335038440 |  3.944501e+09 |
|               CAS_COUNT_RD STAT               | MBOX4C0 |    153522582657 |              0 |   153522582657 |  5.117419e+09 |
|               CAS_COUNT_WR STAT               | MBOX4C1 |     78235737861 |              0 |    78235737861 |  2.607858e+09 |
|               CAS_COUNT_RD STAT               | MBOX5C0 |    153538744959 |              0 |   153538744959 |  5.117958e+09 |
|               CAS_COUNT_WR STAT               | MBOX5C1 |     78230421033 |              0 |    78230421033 |  2.607681e+09 |
|               CAS_COUNT_RD STAT               | MBOX6C0 |    153510363757 |              0 |   153510363757 |  5.117012e+09 |
|               CAS_COUNT_WR STAT               | MBOX6C1 |     78230837198 |              0 |    78230837198 |  2.607695e+09 |
|               CAS_COUNT_RD STAT               | MBOX7C0 |    153569265375 |              0 |   153569265375 |  5.118976e+09 |
|               CAS_COUNT_WR STAT               | MBOX7C1 |     78230576395 |              0 |    78230576395 |  2.607686e+09 |
+-----------------------------------------------+---------+-----------------+----------------+----------------+---------------+

+-----------------------------------+-------------+-----------+-----------+-----------+-----------+-----------+-----------+-----------+-----------+-----------+-------------+-------------+-------------+-------------+-------------+-------------+-------------+-------------+-------------+-------------+-------------+-------------+-------------+-------------+-------------+-------------+-------------+-------------+-------------+-------------+
|               Metric              |  f0314:0:0  | f0314:1:1 | f0314:2:2 | f0314:3:3 | f0314:4:4 | f0314:5:5 | f0314:6:6 | f0314:7:7 | f0314:8:8 | f0314:9:9 | f0314:10:10 | f0314:11:11 | f0314:12:12 | f0314:13:13 | f0314:14:14 | f0314:15:15 | f0314:16:16 | f0314:17:17 | f0314:18:18 | f0314:19:19 | f0314:20:20 | f0314:21:21 | f0314:22:22 | f0314:23:23 | f0314:24:24 | f0314:25:25 | f0314:26:26 | f0314:27:27 | f0314:28:28 | f0314:29:29 |
+-----------------------------------+-------------+-----------+-----------+-----------+-----------+-----------+-----------+-----------+-----------+-----------+-------------+-------------+-------------+-------------+-------------+-------------+-------------+-------------+-------------+-------------+-------------+-------------+-------------+-------------+-------------+-------------+-------------+-------------+-------------+-------------+
|        Runtime (RDTSC) [s]        |   1562.1460 | 1561.8230 | 1561.9420 | 1561.8240 | 1561.9810 | 1561.8440 | 1561.8260 | 1561.8240 | 1561.8100 | 1562.0830 |   1561.8510 |   1561.9600 |   1562.1410 |   1561.8380 |   1561.8210 |   1561.8180 |   1561.9900 |   1562.0200 |   1561.8230 |   1561.8120 |   1562.1710 |   1561.8870 |   1562.1740 |   1561.8600 |   1562.1230 |   1561.8540 |   1562.1260 |   1561.8270 |   1561.8150 |   1561.8220 |
|        Runtime unhalted [s]       |   1555.5977 | 1556.1084 | 1555.2443 | 1556.2600 | 1556.0716 | 1555.7867 | 1555.6684 | 1555.8381 | 1555.8726 | 1555.9227 |   1555.9856 |   1556.0871 |   1556.0379 |   1555.6001 |   1556.0684 |   1555.9955 |   1556.6690 |   1556.4961 |   1557.0066 |   1556.9261 |   1557.1227 |   1557.0565 |   1557.1822 |   1556.9813 |   1556.9621 |   1556.8915 |   1557.3278 |   1556.6181 |   1556.9263 |   1556.9850 |
|            Clock [MHz]            |   2394.3267 | 2394.3243 | 2394.1530 | 2394.3234 | 2394.1055 | 2394.3210 | 2394.3258 | 2394.3225 | 2394.3223 | 2394.0895 |   2394.2934 |   2394.1561 |   2394.2838 |   2394.3269 |   2394.3246 |   2394.3263 |   2394.2486 |   2394.1068 |   2394.3220 |   2394.3230 |   2394.3271 |   2394.2889 |   2394.3232 |   2394.3248 |   2394.3236 |   2394.3238 |   2393.8548 |   2394.3245 |   2394.3229 |   2394.3204 |
|                CPI                |      0.5870 |    0.6666 |    0.7084 |    0.5835 |    0.5493 |    0.6596 |    0.7924 |    0.8334 |    0.8110 |    0.7375 |      0.8330 |      0.8151 |      0.8224 |      0.7726 |      0.8193 |      0.8324 |      0.7766 |      0.8339 |      0.4652 |      0.4614 |      0.4511 |      0.4600 |      0.4667 |      0.4558 |      0.4527 |      0.4592 |      0.4594 |      0.4527 |      0.4624 |      0.4650 |
|             Energy [J]            | 333240.7866 |         0 |         0 |         0 |         0 |         0 |         0 |         0 |         0 |         0 |           0 |           0 |           0 |           0 |           0 |           0 |           0 |           0 |           0 |           0 |           0 |           0 |           0 |           0 |           0 |           0 |           0 |           0 |           0 |           0 |
|             Power [W]             |    213.3224 |         0 |         0 |         0 |         0 |         0 |         0 |         0 |         0 |         0 |           0 |           0 |           0 |           0 |           0 |           0 |           0 |           0 |           0 |           0 |           0 |           0 |           0 |           0 |           0 |           0 |           0 |           0 |           0 |           0 |
|          Energy DRAM [J]          |  30959.5723 |         0 |         0 |         0 |         0 |         0 |         0 |         0 |         0 |         0 |           0 |           0 |           0 |           0 |           0 |           0 |           0 |           0 |           0 |           0 |           0 |           0 |           0 |           0 |           0 |           0 |           0 |           0 |           0 |           0 |
|           Power DRAM [W]          |     19.8186 |         0 |         0 |         0 |         0 |         0 |         0 |         0 |         0 |         0 |           0 |           0 |           0 |           0 |           0 |           0 |           0 |           0 |           0 |           0 |           0 |           0 |           0 |           0 |           0 |           0 |           0 |           0 |           0 |           0 |
|            DP [MFLOP/s]           |   1638.3509 | 1638.4573 | 1638.3325 | 1638.4563 | 1638.2916 | 1638.4353 | 1638.4542 | 1638.4563 | 1638.4709 | 1638.1846 |   1638.4279 |   1638.3136 |   1638.1238 |   1638.4416 |   1638.4594 |   1638.4625 |   1638.2821 |   1638.2507 |   1638.4573 |   1638.4688 |   1638.0923 |   1638.3901 |   1638.0891 |   1638.4185 |   1638.1426 |   1638.4247 |   1638.1395 |   1638.4531 |   1638.4657 |   1638.4583 |
|          AVX DP [MFLOP/s]         |    253.4526 |  253.2730 |  253.2537 |  253.2728 |  253.2474 |  253.2696 |  253.2725 |  253.2728 |  253.2751 |  253.2308 |    253.2684 |    253.2508 |    253.2214 |    253.2706 |    253.2733 |    253.2738 |    253.2459 |    253.2410 |    253.2730 |    253.2748 |    253.2166 |    253.2626 |    253.2161 |    253.2670 |    253.2243 |    253.2680 |    253.2239 |    253.2723 |    253.2743 |    253.2732 |
|          Packed [MUOPS/s]         |     31.6816 |   31.6591 |   31.6567 |   31.6591 |   31.6559 |   31.6587 |   31.6591 |   31.6591 |   31.6594 |   31.6539 |     31.6586 |     31.6563 |     31.6527 |     31.6588 |     31.6592 |     31.6592 |     31.6557 |     31.6551 |     31.6591 |     31.6593 |     31.6521 |     31.6578 |     31.6520 |     31.6584 |     31.6530 |     31.6585 |     31.6530 |     31.6590 |     31.6593 |     31.6591 |
|          Scalar [MUOPS/s]         |   1384.8983 | 1385.1843 | 1385.0788 | 1385.1834 | 1385.0442 | 1385.1657 | 1385.1817 | 1385.1834 | 1385.1958 | 1384.9538 |   1385.1595 |   1385.0628 |   1384.9023 |   1385.1710 |   1385.1861 |   1385.1887 |   1385.0362 |   1385.0096 |   1385.1843 |   1385.1940 |   1384.8757 |   1385.1275 |   1384.8730 |   1385.1515 |   1384.9183 |   1385.1568 |   1384.9156 |   1385.1807 |   1385.1914 |   1385.1852 |
|  Memory read bandwidth [MBytes/s] |  63347.7257 |         0 |         0 |         0 |         0 |         0 |         0 |         0 |         0 |         0 |           0 |           0 |           0 |           0 |           0 |           0 |           0 |           0 |           0 |           0 |           0 |           0 |           0 |           0 |           0 |           0 |           0 |           0 |           0 |           0 |
|  Memory read data volume [GBytes] |  98958.3964 |         0 |         0 |         0 |         0 |         0 |         0 |         0 |         0 |         0 |           0 |           0 |           0 |           0 |           0 |           0 |           0 |           0 |           0 |           0 |           0 |           0 |           0 |           0 |           0 |           0 |           0 |           0 |           0 |           0 |
| Memory write bandwidth [MBytes/s] |  32213.4757 |         0 |         0 |         0 |         0 |         0 |         0 |         0 |         0 |         0 |           0 |           0 |           0 |           0 |           0 |           0 |           0 |           0 |           0 |           0 |           0 |           0 |           0 |           0 |           0 |           0 |           0 |           0 |           0 |           0 |
| Memory write data volume [GBytes] |  50322.1522 |         0 |         0 |         0 |         0 |         0 |         0 |         0 |         0 |         0 |           0 |           0 |           0 |           0 |           0 |           0 |           0 |           0 |           0 |           0 |           0 |           0 |           0 |           0 |           0 |           0 |           0 |           0 |           0 |           0 |
|    Memory bandwidth [MBytes/s]    |  95561.2014 |         0 |         0 |         0 |         0 |         0 |         0 |         0 |         0 |         0 |           0 |           0 |           0 |           0 |           0 |           0 |           0 |           0 |           0 |           0 |           0 |           0 |           0 |           0 |           0 |           0 |           0 |           0 |           0 |           0 |
|    Memory data volume [GBytes]    | 149280.5486 |         0 |         0 |         0 |         0 |         0 |         0 |         0 |         0 |         0 |           0 |           0 |           0 |           0 |           0 |           0 |           0 |           0 |           0 |           0 |           0 |           0 |           0 |           0 |           0 |           0 |           0 |           0 |           0 |           0 |
|       Operational intensity       |      0.0171 |         0 |         0 |         0 |         0 |         0 |         0 |         0 |         0 |         0 |           0 |           0 |           0 |           0 |           0 |           0 |           0 |           0 |           0 |           0 |           0 |           0 |           0 |           0 |           0 |           0 |           0 |           0 |           0 |           0 |
+-----------------------------------+-------------+-----------+-----------+-----------+-----------+-----------+-----------+-----------+-----------+-----------+-------------+-------------+-------------+-------------+-------------+-------------+-------------+-------------+-------------+-------------+-------------+-------------+-------------+-------------+-------------+-------------+-------------+-------------+-------------+-------------+

+----------------------------------------+-------------+-----------+-------------+------------+-----------+-----------+-----------+
|                 Metric                 |     Sum     |    Min    |     Max     |     Avg    |  %ile 25  |  %ile 50  |  %ile 75  |
+----------------------------------------+-------------+-----------+-------------+------------+-----------+-----------+-----------+
|        Runtime (RDTSC) [s] STAT        |  46857.8360 | 1561.8100 |   1562.1740 |  1561.9279 | 1561.8230 | 1561.8510 | 1562.0200 |
|        Runtime unhalted [s] STAT       |  46691.2964 | 1555.2443 |   1557.3278 |  1556.3765 | 1555.9227 | 1556.1084 | 1556.9621 |
|            Clock [MHz] STAT            |  71828.0595 | 2393.8548 |   2394.3271 |  2394.2686 | 2394.2838 | 2394.3225 | 2394.3245 |
|                CPI STAT                |     18.9456 |    0.4511 |      0.8339 |     0.6315 |    0.4614 |    0.5870 |    0.8110 |
|             Energy [J] STAT            | 333240.7866 |         0 | 333240.7866 | 11108.0262 |         0 |         0 |         0 |
|             Power [W] STAT             |    213.3224 |         0 |    213.3224 |     7.1107 |         0 |         0 |         0 |
|          Energy DRAM [J] STAT          |  30959.5723 |         0 |  30959.5723 |  1031.9857 |         0 |         0 |         0 |
|           Power DRAM [W] STAT          |     19.8186 |         0 |     19.8186 |     0.6606 |         0 |         0 |         0 |
|            DP [MFLOP/s] STAT           |  49150.6515 | 1638.0891 |   1638.4709 |  1638.3550 | 1638.2821 | 1638.4247 | 1638.4573 |
|          AVX DP [MFLOP/s] STAT         |   7597.9116 |  253.2161 |    253.4526 |   253.2637 |  253.2459 |  253.2684 |  253.2730 |
|          Packed [MUOPS/s] STAT         |    949.7388 |   31.6520 |     31.6816 |    31.6580 |   31.6557 |   31.6586 |   31.6591 |
|          Scalar [MUOPS/s] STAT         |  41552.7396 | 1384.8730 |   1385.1958 |  1385.0913 | 1385.0096 | 1385.1568 | 1385.1843 |
|  Memory read bandwidth [MBytes/s] STAT |  63347.7257 |         0 |  63347.7257 |  2111.5909 |         0 |         0 |         0 |
|  Memory read data volume [GBytes] STAT |  98958.3964 |         0 |  98958.3964 |  3298.6132 |         0 |         0 |         0 |
| Memory write bandwidth [MBytes/s] STAT |  32213.4757 |         0 |  32213.4757 |  1073.7825 |         0 |         0 |         0 |
| Memory write data volume [GBytes] STAT |  50322.1522 |         0 |  50322.1522 |  1677.4051 |         0 |         0 |         0 |
|    Memory bandwidth [MBytes/s] STAT    |  95561.2014 |         0 |  95561.2014 |  3185.3734 |         0 |         0 |         0 |
|    Memory data volume [GBytes] STAT    | 149280.5486 |         0 | 149280.5486 |  4976.0183 |         0 |         0 |         0 |
|       Operational intensity STAT       |      0.0171 |         0 |      0.0171 |     0.0006 |         0 |         0 |         0 |
+----------------------------------------+-------------+-----------+-------------+------------+-----------+-----------+-----------+

